1.420605751861978455e+11
1.389090223155131531e+11
1.358165466025147705e+11
1.326468246552330627e+11
1.294061354842649689e+11
1.263565475869695587e+11
1.232063731542751770e+11
1.199585381657450562e+11
1.169172324204865265e+11
1.137267897636150360e+11
1.105282705519706268e+11
1.075114385399109039e+11
1.042530502906308899e+11
1.011125952557372742e+11
9.808105361451104736e+10
9.483274967207455444e+10
9.174301609021011353e+10
8.861887460312895203e+10
8.703012137071853638e+10
8.549919094023406982e+10
8.390266938160176086e+10
8.239974861416383362e+10
8.074954449955699158e+10
7.928462904822451782e+10
7.766991649324267578e+10
7.613070043304214478e+10
7.457540043670733643e+10
7.304442273884768677e+10
7.147064862419290161e+10
6.992413147348088074e+10
6.841359132384134674e+10
6.680748416106570435e+10
6.534176599041975403e+10
6.449706547326754761e+10
6.380408534308199310e+10
6.353921677187184906e+10
6.341911923132122803e+10
6.315668931288703918e+10
6.303414169144026947e+10
6.277453648020410919e+10
6.264917607862060547e+10
6.239273918048210144e+10
6.226424823558248138e+10
6.201127764474309540e+10
6.187938526209162140e+10
6.163013192883679199e+10
6.149461490217529297e+10
6.124928220505236816e+10
6.110996519088591766e+10
6.086870908423128510e+10
6.072546392712708282e+10
6.048839376110342407e+10
6.034113827158531952e+10
6.010831825641447449e+10
5.995701430028459930e+10
5.972846555506442261e+10
5.957311658187116241e+10
5.934881971743072510e+10
5.918946792189758301e+10
5.896936618536020660e+10
5.880608920690090179e+10
5.859009198005825806e+10
5.842299924303647614e+10
5.821098585734231567e+10
5.804021473987728882e+10
5.783203858694836426e+10
5.765775033282225800e+10
5.745324307147988129e+10
5.727561863441255951e+10
5.707459452301885223e+10
5.689383038303996277e+10
5.669609056208805084e+10
5.651239454036266327e+10
5.631773121150626373e+10
5.613131838354625702e+10
5.593951883082147980e+10
5.575060763919482422e+10
5.556145801207504272e+10
5.537026661496085358e+10
5.518355538112915802e+10
5.499029815246745300e+10
5.480581919652899933e+10
5.461070371364833069e+10
5.442825915339813995e+10
5.423148351205715942e+10
5.405088602077485657e+10
5.385263651080495453e+10
5.367371130514955902e+10
5.347416061450426483e+10
5.329674700309039307e+10
5.309605286164891815e+10
5.292000542075055695e+10
5.271830972841369629e+10
5.254349897017127991e+10
5.234092729896939087e+10
5.216724004706052399e+10
5.196390169707203674e+10
5.179124102167851257e+10
5.158722933472103119e+10
5.141551402301696777e+10
5.121090711562361908e+10
5.104007095867192078e+10
5.083493277037883759e+10
5.066492339699217987e+10
5.045930498244040680e+10
5.029008252572621155e+10
5.008402364385273743e+10
4.991555911666906738e+10
4.970908984825848389e+10
4.954136329627598572e+10
4.933450587785087585e+10
4.916750447593429565e+10
4.896027517721092224e+10
4.879399116128884888e+10
4.858640221366906738e+10
4.842083084645415497e+10
4.821289242658950043e+10
4.804802988356031036e+10
4.783975261376091766e+10
4.776854071961850739e+10
4.765360558105788422e+10
4.758213369175213623e+10
4.746755180855770874e+10
4.739581983775654602e+10
4.728159304695507812e+10
4.720959960731927490e+10
4.709573020525704193e+10
4.702347364488222504e+10
4.690996416227309418e+10
4.683744258563983154e+10
4.672429580530049133e+10
4.665150705885369873e+10
4.653872603742029572e+10
4.646566769853771210e+10
4.635325577288903046e+10
4.627992514687088013e+10
4.616788593464659882e+10
4.609428006114997864e+10
4.598261744611879730e+10
4.590873310773321533e+10
4.579745121730677795e+10
4.572328496191167450e+10
4.561238814553495789e+10
4.553793631739630890e+10
4.542742912034934235e+10
4.535268789514316559e+10
4.524257502576300812e+10
4.516754044557727814e+10
4.505782673477109528e+10
4.498249474551521301e+10
4.487318510436751556e+10
4.479755159609948730e+10
4.468865097186576080e+10
4.461271182245969391e+10
4.450422515639115143e+10
4.442797627878255463e+10
4.431990846237482452e+10
4.424334585052502441e+10
4.413570168120301819e+10
4.405882145697869110e+10
4.395160559303965759e+10
4.387440404593222809e+10
4.376762095591333771e+10
4.369009458231082916e+10
4.358374850461780548e+10
4.350589405513770294e+10
4.339998896230041504e+10
4.332180348269828796e+10
4.321634304141091156e+10
4.313782390736880493e+10
4.303281144068807983e+10
4.295395639255416107e+10
4.284939484705684662e+10
4.277020202288449860e+10
4.266609393808071136e+10
4.258656190263163757e+10
4.248290938345577240e+10
4.240303715482614899e+10
4.229984184789610291e+10
4.221962892010350037e+10
4.211689199077588654e+10
4.203633835093817902e+10
4.193406046466732788e+10
4.185316661187982178e+10
4.175134792586329651e+10
4.167011488969409943e+10
4.156875504346837616e+10
4.148718438840755463e+10
4.138628248699625397e+10
4.130437631035060120e+10
4.120393091729981232e+10
4.112169185605937958e+10
4.102170099960995483e+10
4.093913223593408966e+10
4.083959341187648010e+10
4.075669866583041382e+10
4.065760883848290253e+10
4.057439236167281342e+10
4.047574797498137665e+10
4.039221454329953003e+10
4.029401152852295685e+10
4.021016642496986389e+10
4.011240021049346161e+10
4.002824921244583893e+10
3.993091474440763855e+10
3.984646411319572449e+10
3.974955587881666565e+10
3.966481234391506958e+10
3.956832438900030518e+10
3.948329512034668732e+10
3.938722106358007812e+10
3.930191364597631836e+10
3.920624670290399933e+10
3.912066911449687958e+10
3.902540212470008087e+10
3.893956271382089996e+10
3.884468816770231628e+10
3.875859562597745514e+10
3.866410569133335876e+10
3.857776902675415039e+10
3.848365557634737396e+10
3.839708408229273224e+10
3.830333871831590271e+10
3.821654194335083771e+10
3.812315602943512726e+10
3.803614375377698517e+10
3.794310844885231018e+10
3.785589065542452240e+10
3.776319693918663788e+10
3.767578377813217163e+10
3.758342247662236023e+10
3.749582423654862976e+10
3.740378605601606750e+10
3.731601314031152344e+10
3.722428869905838776e+10
3.713635159620891571e+10
3.704493145008351135e+10
3.695684070293149567e+10
3.686571537265511322e+10
3.677748155204594421e+10
3.668664155243186188e+10
3.659827523030455780e+10
3.650771109325468445e+10
3.641922281214559937e+10
3.632892511046109772e+10
3.624032536018731689e+10
3.615028473502404022e+10
3.606158393144557190e+10
3.597179111854315948e+10
3.588299958238243866e+10
3.579344543306752777e+10
3.570457336394767761e+10
3.561524886312881470e+10
3.552630632026864624e+10
3.543720261034130096e+10
3.534819949498188782e+10
3.525930789153265381e+10
3.517025392512104034e+10
3.508156593424414062e+10
3.499247064611276245e+10
3.490397798498524475e+10
3.481485069901728058e+10
3.472654530962500763e+10
3.463739512728448486e+10
3.454926918498973083e+10
3.446010496852539062e+10
3.437215089314061737e+10
3.428298125762435913e+10
3.419519172821718597e+10
3.410602503345916748e+10
3.401839299607791519e+10
3.392923733576896286e+10
3.384175601050283813e+10
3.375261920599792862e+10
3.366528209530144119e+10
3.357617169078525543e+10
3.348897258424308395e+10
3.339989583950998306e+10
3.331282881523505783e+10
3.322379270137203979e+10
3.313685213100925827e+10
3.304786333203789139e+10
3.296104388649069977e+10
3.287210879952495956e+10
3.278540544752534485e+10
3.269653017841345978e+10
3.260993818290229797e+10
3.252112854633813477e+10
3.243464346439128876e+10
3.234590498715357971e+10
3.225952266856141281e+10
3.217086059223506927e+10
3.208457717563393402e+10
3.199599645873911285e+10
3.190980836708163452e+10
3.182131369048308563e+10
3.173521762856605911e+10
3.164681340189345551e+10
3.156080635079209518e+10
3.147249671674811172e+10
3.138657592660886383e+10
3.129836476716132355e+10
3.121252775151942444e+10
3.112441869510469437e+10
3.103866322251770782e+10
3.095065964914036942e+10
3.086498373469370270e+10
3.077708878543890762e+10
3.069149068612365341e+10
3.060370727325798798e+10
3.051818547906621552e+10
3.043051629357038879e+10
3.034506952010998535e+10
3.025751704207234192e+10
3.017214421995109940e+10
3.008471072177905273e+10
2.999941098227659607e+10
2.991209853748466873e+10
2.982687120801698685e+10
2.973968170558965683e+10
2.965452630198522186e+10
2.956746145438589478e+10
2.948237767091924667e+10
2.939543902418380737e+10
2.931042672392057037e+10
2.922361566531434631e+10
2.913867487019725418e+10
2.905199263835272980e+10
2.896712351902870178e+10
2.888057120944543457e+10
2.879577407274916840e+10
2.870935264741534805e+10
2.862462793218199158e+10
2.853833823653833771e+10
2.845368651191257095e+10
2.836752928453804779e+10
2.828295123439001846e+10
2.819692710663678360e+10
2.811242351592516708e+10
2.802653302061705780e+10
2.794210477057615280e+10
2.785634835352391815e+10
2.777199641495692825e+10
2.768637444345457458e+10
2.760209986882439041e+10
2.751661263639049149e+10
2.743241654660597229e+10
2.734706428037676620e+10
2.726294785902420044e+10
2.717773075466222763e+10
2.709369518138015366e+10
2.705088681002832031e+10
2.700913583556301880e+10
2.696639610677037811e+10
2.692463262328640366e+10
2.688195843869527817e+10
2.684018550455812836e+10
2.679757410816464615e+10
2.675579455071161652e+10
2.671324338857663345e+10
2.667145984365998077e+10
2.662896654714355850e+10
2.658718147136616135e+10
2.654474384545257950e+10
2.650295952763784027e+10
2.646057553962516785e+10
2.641879411182661438e+10
2.637646188068289566e+10
2.633468532869151306e+10
2.629240311518177414e+10
2.625063328847750092e+10
2.620839948587193298e+10
2.616663810685439301e+10
2.612445123197707367e+10
2.608269990438132477e+10
2.604055858895841980e+10
2.599881880560578918e+10
2.595672178815702438e+10
2.591499493839261246e+10
2.587294105692161560e+10
2.583122843391591644e+10
2.578921661931751251e+10
2.574751942702822495e+10
2.570554869683423996e+10
2.566386805628870010e+10
2.562193750851006699e+10
2.558027446342557144e+10
2.553838327070252609e+10
2.549673879283605576e+10
2.545488619719216156e+10
2.541326119157246017e+10
2.537144649962675858e+10
2.532984180942533493e+10
2.528806438779280090e+10
2.524648079874184799e+10
2.520474006967201996e+10
2.516317831419841766e+10
2.512147375156402588e+10
2.507993451268780136e+10
2.503826563825745010e+10
2.499674955321348953e+10
2.495511593314968872e+10
2.491362359672913742e+10
2.487202483827193069e+10
2.483055680587424469e+10
2.478899255420342255e+10
2.474754934467787170e+10
2.470601928006126022e+10
2.466460137848533249e+10
2.462310521379554367e+10
2.458171307420655441e+10
2.454025055267723083e+10
2.449888460055506516e+10
2.445745549352215576e+10
2.441611612785842514e+10
2.437472023244586182e+10
2.433340782755639648e+10
2.429204496456127548e+10
2.425075987192493820e+10
2.420942988406352234e+10
2.416817243420986938e+10
2.412687518458235168e+10
2.408564568882973862e+10
2.404438105940285873e+10
2.400317981134221268e+10
2.396194770142926407e+10
2.392077497823275375e+10
2.387957530307881546e+10
2.383843136675687790e+10
2.379726405629630280e+10
2.375614915492140579e+10
2.371501415265802383e+10
2.367392852149393082e+10
2.363282578343867111e+10
2.359176964595931625e+10
2.355069913963763809e+10
2.350967270847472382e+10
2.346863441201758575e+10
2.342763788983792496e+10
2.338663179113597870e+10
2.334566537144634628e+10
2.330469146736853027e+10
2.326375533526227570e+10
2.322281363093675995e+10
2.318190796378368378e+10
2.314099847193397522e+10
2.310012344001766586e+10
2.305924618035115051e+10
2.301840194745794296e+10
2.297755694610169220e+10
2.293674367006061935e+10
2.289593095903667068e+10
2.285514879221562576e+10
2.281436840895876694e+10
2.277361749872254181e+10
2.273286948563690948e+10
2.269214997477022552e+10
2.265143437882284927e+10
2.261074640592112350e+10
2.257006327826625443e+10
2.252940697809300613e+10
2.248875637372684097e+10
2.244813187754298019e+10
2.240751385498476791e+10
2.236692129085031509e+10
2.232633591184941101e+10
2.228577540490103531e+10
2.224522273416752625e+10
2.220469440687372589e+10
2.216417451183080673e+10
2.212367848422517776e+10
2.208319143478083038e+10
2.204272782467665863e+10
2.200227369301602936e+10
2.196184261620472717e+10
2.192142147659960556e+10
2.188102304703187180e+10
2.184063497566472626e+10
2.180026930561558533e+10
2.175991438041776657e+10
2.171958158063727570e+10
2.167925988113988495e+10
2.163896006099085617e+10
2.159867166818920517e+10
2.155840493577523422e+10
2.151814993200509644e+10
2.147791639428689194e+10
2.143769486311113739e+10
2.139749462601278687e+10
2.135730665211645889e+10
2.131713982062201309e+10
2.127698548971675491e+10
2.123685216795812225e+10
2.119673156669400787e+10
2.115663185803189468e+10
2.111654507391788483e+10
2.107647908101549530e+10
2.103642620234579086e+10
2.099639402723514557e+10
2.095637514302109909e+10
2.091637688716432190e+10
2.087639208707349777e+10
2.083642785141790390e+10
2.079647722571773529e+10
2.075654711074635315e+10
2.071663075025209045e+10
2.067673485602958298e+10
2.063685285205770874e+10
2.059699127827218246e+10
2.055714372259769821e+10
2.051731656859926605e+10
2.047750355341734695e+10
2.043771091825343323e+10
2.039793253614334106e+10
2.035817451858871460e+10
2.031843086247957993e+10
2.027870756106313705e+10
2.023899872420223236e+10
2.019931023723132706e+10
2.015963631315638351e+10
2.011998273874085236e+10
2.008034382125571060e+10
2.004072525732891846e+10
2.000112144048112869e+10
1.996153798481965637e+10
1.992196936288006210e+10
1.988242111312087631e+10
1.984288778056421280e+10
1.980337483421918869e+10
1.976387688570550156e+10
1.972439934017483521e+10
1.968493687053324127e+10
1.964549482311650848e+10
1.960606792732935333e+10
1.956666147523667145e+10
1.952727024842590714e+10
1.948789948878719330e+10
1.944854402620165634e+10
1.940920905607613754e+10
1.936988945308084106e+10
1.933059036946448898e+10
1.929130672153037262e+10
1.925204362136349869e+10
1.921279602405770493e+10
1.917356900423077011e+10
1.913435755320781326e+10
1.909516671056628799e+10
1.905599150155945969e+10
1.901683693290830231e+10
1.897769806172216415e+10
1.893857986382978439e+10
1.889947742633227539e+10
1.886039569593347168e+10
1.882132978804932022e+10
1.878228462184768677e+10
1.874325533955107117e+10
1.870424683422068024e+10
1.866525427352935410e+10
1.862628252571680450e+10
1.858732678268600082e+10
1.854839188901140976e+10
1.850947305972969055e+10
1.847057511678911591e+10
1.843169329737303543e+10
1.839283240173887634e+10
1.835398768833076859e+10
1.831516393655460358e+10
1.827635642531852722e+10
1.823756991393224716e+10
1.819879970104779434e+10
1.816005052654512787e+10
1.812131770815386963e+10
1.808260596689744186e+10
1.804391063895785522e+10
1.800523642700296021e+10
1.796657868512664032e+10
1.792794209815693665e+10
1.788932203770811462e+10
1.785072317132413101e+10
1.781214088784047699e+10
1.777357983800114059e+10
1.773503542751526260e+10
1.769651229067321396e+10
1.765800584969861603e+10
1.761952072274846268e+10
1.758105234825426865e+10
1.754260532850124741e+10
1.750417511775747681e+10
1.746576630255155563e+10
1.742737435258655548e+10
1.738900383878854370e+10
1.735065024607497406e+10
1.731231813004836273e+10
1.727400299069823456e+10
1.723570936852555466e+10
1.719743277840127945e+10
1.715917774588441086e+10
1.712093980056268883e+10
1.708272345325319481e+10
1.704452424819496918e+10
1.700634668170879173e+10
1.696818631263710213e+10
1.693004762297973251e+10
1.689192618606208420e+10
1.685382646964278603e+10
1.681574406134399033e+10
1.677768341465966606e+10
1.673964013122206688e+10
1.670161865016723824e+10
1.666361458695176125e+10
1.662563236650985527e+10
1.658766761823643494e+10
1.654972475317174530e+10
1.651179941475714684e+10
1.647389600033616829e+10
1.643601016739245224e+10
1.639814629963305473e+10
1.636030006844933510e+10
1.632247584386171722e+10
1.628466931098250008e+10
1.624688482605212402e+10
1.620911808771960640e+10
1.617137343845202827e+10
1.613364659046079826e+10
1.609594187258737946e+10
1.605825501054981232e+10
1.602059031944314194e+10
1.598294353825114632e+10
1.594531896829366302e+10
1.590771236191440773e+10
1.587012800698187637e+10
1.583256166950595665e+10
1.579501762425506592e+10
1.575749165108248901e+10
1.571998801171106720e+10
1.568250249958619881e+10
1.564503936298896790e+10
1.560759440842354393e+10
1.557017187035538292e+10
1.553276756818807411e+10
1.549538572281049156e+10
1.545802216696365738e+10
1.542068110843611145e+10
1.538335839346831512e+10
1.534605821665053749e+10
1.530877643747574425e+10
1.527151723724871063e+10
1.523427648872476578e+10
1.519705835995997620e+10
1.515985873682568359e+10
1.512268177390691757e+10
1.508552336995478439e+10
1.504838766605551338e+10
1.501127057401983070e+10
1.497417622185968018e+10
1.493710053488431931e+10
1.490004762836430550e+10
1.486301344116925812e+10
1.482600207573142433e+10
1.478900948421834755e+10
1.475203975584040833e+10
1.471508885549029541e+10
1.467816085865231323e+10
1.464125174279995346e+10
1.460436557013152504e+10
1.456749833140169144e+10
1.453065407602791214e+10
1.449382880803081131e+10
1.445702656374120522e+10
1.442024336017937088e+10
1.438348322060381699e+10
1.434674217517841721e+10
1.431002423417546082e+10
1.427332544071577644e+10
1.423664979169727325e+10
1.419999334279928207e+10
1.416336007751852608e+10
1.412674606453769112e+10
1.409015527471267319e+10
1.405358379031762123e+10
1.401703556970183372e+10
1.398050670834440613e+10
1.394400115148134613e+10
1.390751500721141434e+10
1.387105220731296349e+10
1.383460887239504242e+10
1.379818892096638680e+10
1.376178848656192589e+10
1.372541147493845749e+10
1.368905403281728363e+10
1.365272005305247307e+10
1.361640569508128357e+10
1.358011483847020721e+10
1.354384365529228401e+10
1.350759601209880638e+10
1.347136809400813675e+10
1.343516375494594193e+10
1.339897919327285385e+10
1.336281825036174774e+10
1.332667713783847046e+10
1.329055968454657936e+10
1.325446211513393974e+10
1.321838824524580956e+10
1.318233431155742645e+10
1.314630411576841164e+10
1.311029390655158234e+10
1.307430747249715614e+10
1.303834107549710846e+10
1.300239849203368187e+10
1.296647599755757713e+10
1.293057735629546165e+10
1.289469885693608284e+10
1.285884425114819527e+10
1.282300984035134125e+10
1.278719936288167763e+10
1.275140913202437210e+10
1.271564287231872177e+10
1.267989690909181786e+10
1.264417495389052963e+10
1.260847334507661438e+10
1.257279578198722649e+10
1.253713861633648872e+10
1.250150553529719543e+10
1.246589290385446548e+10
1.243030439681543922e+10
1.239473639184752274e+10
1.235919255046041107e+10
1.232366926203558922e+10
1.228817017434240150e+10
1.225269168880783653e+10
1.221723744051903343e+10
1.218180384421299744e+10
1.214639452323211288e+10
1.211100590579236794e+10
1.207564160291784668e+10
1.204029805521855164e+10
1.200497886031074905e+10
1.196968047052302551e+10
1.193440647013856888e+10
1.189915332391571426e+10
1.186392460385293198e+10
1.182871678804071426e+10
1.179353343665945244e+10
1.175837104094020462e+10
1.172323314853630447e+10
1.168811626285813141e+10
1.165302391821293259e+10
1.161795262963452148e+10
1.158290591794766235e+10
1.154788031019253540e+10
1.151287931472245789e+10
1.147789947182583809e+10
1.144294427826957321e+10
1.140801028757398033e+10
1.137310098409935570e+10
1.133821293343238640e+10
1.130334960674937439e+10
1.126850758171235466e+10
1.123369031712611771e+10
1.119889440373911095e+10
1.116412328854562187e+10
1.112937357501236153e+10
1.109464869718855476e+10
1.105994526989359093e+10
1.102526671351421165e+10
1.099060965464019966e+10
1.095597750136701393e+10
1.092136689335512733e+10
1.088678122679680252e+10
1.085221715382661438e+10
1.081767805810188293e+10
1.078316060446235085e+10
1.074866816520106125e+10
1.071419741871155548e+10
1.067975172507919693e+10
1.064532777360958290e+10
1.061092890967932129e+10
1.057655183335520554e+10
1.054219987794180870e+10
1.050786975748476601e+10
1.047356479433663940e+10
1.043928171477969551e+10
1.040502382765893745e+10
1.037078787065515327e+10
1.033657714065706825e+10
1.030238838886655235e+10
1.026822490085640144e+10
1.023408343993268776e+10
1.019996727808786011e+10
1.016587318905323219e+10
1.013180443106504250e+10
1.009775778965555954e+10
1.006373651183659172e+10
1.002973739753034592e+10
9.995763683817914963e+09
9.961812183951118469e+09
9.927886122110208511e+09
9.893982321731721878e+09
9.860103992757890701e+09
9.826247969661050797e+09
9.792417450020099640e+09
9.758609280747480392e+09
9.724826647865674973e+09
9.691066411616355896e+09
9.657331747649328232e+09
9.623619529801500320e+09
9.589932921561798096e+09
9.556268807000574112e+09
9.522630334949169159e+09
9.489014400026971817e+09
9.455424139097513199e+09
9.421856459717893600e+09
9.388314486973228455e+09
9.354795139927547455e+09
9.321301531136838913e+09
9.287830592126859665e+09
9.254385424557918549e+09
9.220962973085018158e+09
9.187566328167409897e+09
9.154192447186504364e+09
9.120844409016864777e+09
9.087519182270158768e+09
9.054219831562763214e+09
9.020943334691148758e+09
8.987692742667398453e+09
8.954465045331081390e+09
8.921263282693338394e+09
8.888084457083333969e+09
8.854931596576311111e+09
8.821801715674383163e+09
8.788697831860361099e+09
8.755616973585309982e+09
8.722562148071126938e+09
8.689530395722484589e+09
8.656524710134048462e+09
8.623542140510955811e+09
8.590585665508728027e+09
8.557652344597710609e+09
8.524745145624948502e+09
8.491861143059795380e+09
8.459003296343915939e+09
8.426168693136074066e+09
8.393360279790087700e+09
8.360575153249311447e+09
8.327816246703855515e+09
8.295080669310495377e+09
8.262371343501350403e+09
8.229685390118640900e+09
8.197025718817778587e+09
8.164389461346124649e+09
8.131779515751135826e+09
8.099193025933086395e+09
8.066632878328145027e+09
8.034096228237209320e+09
8.001585950323206902e+09
7.969099211784499168e+09
7.936638875939752579e+09
7.904202121652456284e+09
7.871791800350158691e+09
7.839405102112592697e+09
7.807044866374768257e+09
7.774708294445700645e+09
7.742398213897913933e+09
7.710111837544094086e+09
7.677851981582402229e+09
7.645615870663365364e+09
7.613406309688857079e+09
7.581220534979614258e+09
7.549061339928728104e+09
7.516925972283345222e+09
7.484817214001429558e+09
7.452732324665711403e+09
7.420674075102117538e+09
7.388639735996658325e+09
7.356632065143402100e+09
7.324648342257962227e+09
7.292691311964226723e+09
7.260758265877653122e+09
7.228851939831001282e+09
7.196969639635820389e+09
7.165114090773251534e+09
7.133282609587459564e+09
7.101477908756970406e+09
7.069697314626870155e+09
7.037943526749039650e+09
7.006213880659155846e+09
6.974511064060975075e+09
6.942832426455554962e+09
6.911180648193163872e+09
6.879553091364192009e+09
6.847952422621504784e+09
6.816376011898746490e+09
6.784826512521750450e+09
6.753301304628298759e+09
6.721803030398571014e+09
6.690329084279254913e+09
6.658882102809704781e+09
6.627459494445324898e+09
6.596063881063890457e+09
6.564692676881034851e+09
6.533348492227736473e+09
6.502028756354235649e+09
6.470736069165145874e+09
6.439467865756875038e+09
6.408226729787970543e+09
6.377010108667211533e+09
6.345820580518672943e+09
6.314655606986536980e+09
6.283517753228331566e+09
6.252404488614488602e+09
6.221318366633125305e+09
6.190256869295700073e+09
6.159222540270971298e+09
6.128212873625682831e+09
6.097230404397192001e+09
6.066272638252180099e+09
6.035342093784002304e+09
6.004436280280033112e+09
5.973557706199534416e+09
5.942703900593307495e+09
5.911877365465936661e+09
5.881075635505796432e+09
5.850301197386696815e+09
5.819551601094093323e+09
5.788829326418300629e+09
5.758131926787088394e+09
5.727461859770381927e+09
5.696816691058925629e+09
5.666198882836402893e+09
5.635606022929055214e+09
5.605040554537796021e+09
5.574500055537304878e+09
5.543986948191804886e+09
5.513498835438329697e+09
5.483038155177287102e+09
5.452602532383207321e+09
5.422194377637246132e+09
5.391811299376013756e+09
5.361455688722314835e+09
5.331125180495931625e+09
5.300822170476181984e+09
5.270544300086567879e+09
5.240293945295223236e+09
5.210068762136777878e+09
5.179871120647531509e+09
5.149698678356147766e+09
5.119553789928492546e+09
5.089434137844701767e+09
5.059342075156944275e+09
5.029275281130556107e+09
4.999236088477627754e+09
4.969222199007467270e+09
4.939235942786386490e+09
4.909275020123143196e+09
4.879341740463863373e+09
4.849433819367156982e+09
4.819553564447499275e+09
4.789698707980566978e+09
4.759871543114842415e+09
4.730069787982040405e+09
4.700295710354903221e+09
4.670547076131204605e+09
4.640826189752007484e+09
4.611130805350904465e+09
4.581463167706572533e+09
4.551821040048695564e+09
4.522206683137578964e+09
4.492618712069754601e+09
4.463066232470361710e+09
4.433564186138141632e+09
4.404119733719774246e+09
4.374721958372429848e+09
4.345387337661441803e+09
4.316094342432467461e+09
4.286869431373989582e+09
4.257681687787223339e+09
4.228566396159764767e+09
4.199484338647783279e+09
4.170478605030648708e+09
4.141502637843877316e+09
4.112606416176316261e+09
4.083736919624313831e+09
4.054950173337578297e+09
4.026187505143796444e+09
3.997510214188083172e+09
3.968854709481626987e+09
3.940286873374715805e+09
3.911738842858745098e+09
3.883280475940842152e+09
3.854840208126894474e+09
3.826491335988712788e+09
3.798159101585646629e+09
3.769919758544725418e+09
3.741695812092439651e+09
3.713566039202491283e+09
3.685450620271079063e+09
3.657430464171000004e+09
3.629423798013723850e+09
3.601513309761218548e+09
3.573615608355986118e+09
3.545814843941315174e+09
3.518026307493288040e+09
3.490335327718662739e+09
3.462656144850467205e+09
3.435075013512533665e+09
3.407505361118020535e+09
3.380034143586113453e+09
3.352574188160026550e+09
3.325212951450879574e+09
3.297862850125430107e+09
3.270611661958742619e+09
3.243371562201158047e+09
3.216230490338212490e+09
3.189100530817042351e+09
3.162069643015185833e+09
3.135049953908924580e+09
3.108129316973376751e+09
3.081220020444125175e+09
3.054409700613511562e+09
3.027610911962028980e+09
3.000910974810684681e+09
2.974222802474727154e+09
2.947633312436205864e+09
2.921055858393119812e+09
2.894576878335719585e+09
2.868110237498978615e+09
2.841741826653967381e+09
2.815386085364334583e+09
2.789128298708051682e+09
2.762883536848487377e+09
2.736736427995964527e+09
2.710602720733318329e+09
2.684566340786125660e+09
2.658543757128541946e+09
2.632618154894294739e+09
2.606706759735709667e+09
2.580891981857377052e+09
2.555091833240780830e+09
2.529387920282514095e+09
2.503699068975098610e+09
2.478106058312355995e+09
2.452528550722224712e+09
2.427046476322981834e+09
2.401580353467694283e+09
2.376209246558067322e+09
2.350854545987509251e+09
2.325594434981352806e+09
2.300351187715435505e+09
2.275202094210351944e+09
2.250070323665174007e+09
2.225032265105645657e+09
2.200011990921671391e+09
2.175084984093159199e+09
2.150176225976578236e+09
2.125360272705625772e+09
2.112952863127172947e+09
2.100580610224937201e+09
2.088202593988856554e+09
2.075856806013224602e+09
2.063507808125856161e+09
2.051188793581425428e+09
2.038868553072394371e+09
2.026576540880136728e+09
2.014284855436133146e+09
2.002020024697627306e+09
1.989756735484606028e+09
1.977519225052832603e+09
1.965284208197951794e+09
1.953074125160864830e+09
1.940867284063763380e+09
1.928684711053770065e+09
1.916505970411705732e+09
1.904350971070412636e+09
1.892200272118099451e+09
1.880072895108229399e+09
1.867950191720313787e+09
1.855850473899798155e+09
1.843755729615444660e+09
1.831683698682487011e+09
1.819616884530122280e+09
1.807572561152558804e+09
1.795533653981086254e+09
1.783517053353819370e+09
1.771506034387387991e+09
1.759517167254623175e+09
1.747534020843249321e+09
1.735572894271147013e+09
1.723617607021120548e+09
1.711684225181959629e+09
1.699756785501978636e+09
1.687851150494828463e+09
1.675951548401870489e+09
1.664073660930624723e+09
1.652201887776105165e+09
1.640351747389507532e+09
1.628507795296995401e+09
1.616685400297289848e+09
1.604869261635604382e+09
1.593074609097114801e+09
1.581286276248695612e+09
1.569519362173850298e+09
1.557758827420057774e+09
1.546019646899132729e+09
1.534286902436820984e+09
1.522575449975145578e+09
1.510870488153536797e+09
1.499186758027286530e+09
1.487509571415155888e+09
1.475853557640819788e+09
1.464204138723159313e+09
1.452575834777685404e+09
1.440954175633335590e+09
1.429353574299300194e+09
1.417759666525625229e+09
1.406186760044327021e+09
1.394620595047879219e+09
1.383075375556840658e+09
1.371536944888309479e+09
1.360019404534054756e+09
1.348508699659359217e+09
1.337018830206278563e+09
1.325535842141070604e+09
1.314073634824767590e+09
1.302618354133228302e+09
1.291183799666088343e+09
1.279756216337990284e+09
1.268349304759015560e+09
1.256949408216333866e+09
1.245570129200516701e+09
1.234197908805666685e+09
1.222846252132336378e+09
1.211501697398487329e+09
1.200177652913987637e+09
1.188860753391059875e+09
1.177564310989169598e+09
1.166275056311614990e+09
1.155006205864559174e+09
1.143744585400393724e+09
1.132503316191031218e+09
1.121269318534733295e+09
1.110055619097980022e+09
1.098849232304911613e+09
1.087663090830353975e+09
1.076484302697333097e+09
1.065325707114633918e+09
1.054174505278597713e+09
1.043043443662988782e+09
1.031919816381278276e+09
1.020816277829749584e+09
1.009720214483196855e+09
9.986441889152247906e+08
9.875756791397924423e+08
9.765271561398459673e+08
9.654861888728811741e+08
9.544651572926696539e+08
9.434517209922147989e+08
9.324581695789812803e+08
9.214722529184529781e+08
9.105061708014798164e+08
8.995477628867383003e+08
8.886091396784387827e+08
8.776782302173080444e+08
8.667670562652940750e+08
8.558636357257598639e+08
8.449799020283917189e+08
8.341039614074401855e+08
8.232476595347361565e+08
8.123991906377166510e+08
8.015703132628376484e+08
7.907493091715048552e+08
7.799478502704904079e+08
7.691543053465291262e+08
7.583802602038329840e+08
7.476141701614298820e+08
7.368675354098755121e+08
7.261288972725558281e+08
7.154096709280115366e+08
7.046984833604607582e+08
6.940066654174554348e+08
6.833229292282938957e+08
6.726585217539170980e+08
6.620022397375791073e+08
6.513652470573849678e+08
6.407364249571684599e+08
6.301268551111017466e+08
6.195255027078435421e+08
6.089433675280102491e+08
5.983694978998645544e+08
5.878148122875941992e+08
5.772684417979269028e+08
5.667412244828455448e+08
5.562223739714770317e+08
5.457226488975540400e+08
5.352313451570718288e+08
5.247591427319105268e+08
5.142954190285168886e+08
5.038507758537915349e+08
4.934146715778167248e+08
4.829976308688055873e+08
4.725891928625807166e+08
4.621998062512229681e+08
4.518190908660370708e+08
4.414574206928259730e+08
4.311044956912514567e+08
4.207706154400839806e+08
4.104455590528149009e+08
4.001395530452183485e+08
3.898424563332413435e+08
3.795644243005197048e+08
3.692953954326614738e+08
3.590454549159557223e+08
3.488046205517544746e+08
3.385829088515789509e+08
3.283704168459582925e+08
3.181770935954685211e+08
3.079931153273643255e+08
2.978283656503490210e+08
2.876731008434892297e+08
2.775371415679176450e+08
2.674108247271556258e+08
2.573039086520100534e+08
2.472068100647905767e+08
2.371292281686233282e+08
2.270616616702193916e+08
2.170137538580752015e+08
2.069760902430069745e+08
1.969582589127117395e+08
1.869509259176432788e+08
1.769636385670410097e+08
1.669871503999327421e+08
1.570309377159740627e+08
1.470858712573074698e+08
1.371614129992312491e+08
1.272484339858225435e+08
1.173564018234317452e+08
1.074764620704162717e+08
9.761774788355937600e+07
8.777143055574359000e+07
7.794742776413431764e+07
6.813632270447032154e+07
5.834688456955578923e+07
4.857267591687186807e+07
3.882201367739415914e+07
2.908248996197644994e+07
1.936981054976918548e+07
9.678078365433759987e+06
0.000000000000000000e+00
