4.482985092176020844e+05
4.482985086708487943e+05
4.482985070460675634e+05
4.482985043744069990e+05
4.482985006871813093e+05
4.482984960159672773e+05
4.482984903924938408e+05
4.482984838485959917e+05
4.482984764161457424e+05
4.482984681269672001e+05
4.482984590127847041e+05
4.482984491051395307e+05
4.482984384352937923e+05
4.482984270341712399e+05
4.482984149322495796e+05
4.482984021594549995e+05
4.482983887450789334e+05
4.482983747176606557e+05
4.482983674821543973e+05
4.482983601036855252e+05
4.482983525855425978e+05
4.482983449309340795e+05
4.482983371430112747e+05
4.482983292248256621e+05
4.482983211793470546e+05
4.482983130094411899e+05
4.482983047178876586e+05
4.482982963073384017e+05
4.482982877803415759e+05
4.482982791393191437e+05
4.482982703865647782e+05
4.482982615242264001e+05
4.482982525543199154e+05
4.482982480295457062e+05
4.482982434785597143e+05
4.482982411932930117e+05
4.482982389015491935e+05
4.482982366033513681e+05
4.482982342987236916e+05
4.482982319876874681e+05
4.482982296702647582e+05
4.482982273464770988e+05
4.482982250163439894e+05
4.482982226798855700e+05
4.482982203371197684e+05
4.482982179880649783e+05
4.482982156327379635e+05
4.482982132711551967e+05
4.482982109033321613e+05
4.482982085292834672e+05
4.482982061490225024e+05
4.482982037625627127e+05
4.482982013699157978e+05
4.482981989710925263e+05
4.482981965661035501e+05
4.482981941549579496e+05
4.482981917376639904e+05
4.482981893142291810e+05
4.482981868846601574e+05
4.482981844489619252e+05
4.482981820071396651e+05
4.482981795591966948e+05
4.482981771051350515e+05
4.482981746449571219e+05
4.482981721786623821e+05
4.482981697062508902e+05
4.482981672277207254e+05
4.482981647430686862e+05
4.482981622522909893e+05
4.482981597553828033e+05
4.482981572523379582e+05
4.482981547431488289e+05
4.482981522278069751e+05
4.482981497063031420e+05
4.482981471786257462e+05
4.482981446447633207e+05
4.482981421047018957e+05
4.482981408323412761e+05
4.482981395584250567e+05
4.482981382829518407e+05
4.482981370059188921e+05
4.482981357273247559e+05
4.482981344471665216e+05
4.482981331654420937e+05
4.482981318821492023e+05
4.482981305972848786e+05
4.482981293108468526e+05
4.482981280228325049e+05
4.482981267332386924e+05
4.482981254420628538e+05
4.482981241493017878e+05
4.482981228549528169e+05
4.482981215590126812e+05
4.482981202614778304e+05
4.482981189623451210e+05
4.482981176616117591e+05
4.482981163592733210e+05
4.482981150553267798e+05
4.482981137497682939e+05
4.482981124425942544e+05
4.482981111338007031e+05
4.482981098233835655e+05
4.482981085113391746e+05
4.482981071976629319e+05
4.482981058823508793e+05
4.482981045653986512e+05
4.482981032468018238e+05
4.482981019265557989e+05
4.482981006046560360e+05
4.482980992810978787e+05
4.482980979558761464e+05
4.482980966289863572e+05
4.482980953004233888e+05
4.482980939701817115e+05
4.482980926382567850e+05
4.482980913046426140e+05
4.482980899693343090e+05
4.482980886323258746e+05
4.482980872936118394e+05
4.482980859531867900e+05
4.482980846110443235e+05
4.482980832671785611e+05
4.482980819215839729e+05
4.482980805742536904e+05
4.482980792251820676e+05
4.482980778743620613e+05
4.482980765217876178e+05
4.482980751674517523e+05
4.482980738113482948e+05
4.482980724534695619e+05
4.482980710938096745e+05
4.482980697323604254e+05
4.482980683691154700e+05
4.482980670040668920e+05
4.482980656372077647e+05
4.482980642685304629e+05
4.482980628980268957e+05
4.482980615256897290e+05
4.482980601515111048e+05
4.482980587754825829e+05
4.482980573975964799e+05
4.482980560178442975e+05
4.482980546362175373e+05
4.482980532527076430e+05
4.482980518673065235e+05
4.482980504800048075e+05
4.482980490907941130e+05
4.482980476996649522e+05
4.482980463066085940e+05
4.482980449116156087e+05
4.482980435146766249e+05
4.482980421157816309e+05
4.482980407149220118e+05
4.482980393120869412e+05
4.482980379072672222e+05
4.482980365004525520e+05
4.482980350916323951e+05
4.482980336807972635e+05
4.482980322679358069e+05
4.482980308530380717e+05
4.482980294360930566e+05
4.482980280170898768e+05
4.482980265960175893e+05
4.482980251728651929e+05
4.482980237476212787e+05
4.482980223202742636e+05
4.482980208908131463e+05
4.482980194592252956e+05
4.482980180255000596e+05
4.482980165896241087e+05
4.482980151515865582e+05
4.482980137113744277e+05
4.482980122689753771e+05
4.482980108243770082e+05
4.482980093775662826e+05
4.482980079285309766e+05
4.482980064772574115e+05
4.482980050237325486e+05
4.482980035679434659e+05
4.482980021098763682e+05
4.482980006495177513e+05
4.482979991868537036e+05
4.482979977218705462e+05
4.482979962545541348e+05
4.482979947848899174e+05
4.482979933128642151e+05
4.482979918384617777e+05
4.482979903616683441e+05
4.482979888824688969e+05
4.482979874008485931e+05
4.482979859167921240e+05
4.482979844302843558e+05
4.482979829413092812e+05
4.482979821958919056e+05
4.482979814498514170e+05
4.482979807031863602e+05
4.482979799558947561e+05
4.482979792079746258e+05
4.482979784594242228e+05
4.482979777102406952e+05
4.482979769604229950e+05
4.482979762099683867e+05
4.482979754588752403e+05
4.482979747071409947e+05
4.482979739547640784e+05
4.482979732017420465e+05
4.482979724480732693e+05
4.482979716937554185e+05
4.482979709387859912e+05
4.482979701831634738e+05
4.482979694268853636e+05
4.482979686699496233e+05
4.482979679123543319e+05
4.482979671540968702e+05
4.482979663951752009e+05
4.482979656355872867e+05
4.482979648753310903e+05
4.482979641144039342e+05
4.482979633528040140e+05
4.482979625905288849e+05
4.482979618275763351e+05
4.482979610639444436e+05
4.482979602996303001e+05
4.482979595346322167e+05
4.482979587689476321e+05
4.482979580025745672e+05
4.482979572355102864e+05
4.482979564677525777e+05
4.482979556992993457e+05
4.482979549301481456e+05
4.482979541602970567e+05
4.482979533897424117e+05
4.482979526184838032e+05
4.482979518465170986e+05
4.482979510738404933e+05
4.482979503004525322e+05
4.482979495263490244e+05
4.482979487515293295e+05
4.482979479759898386e+05
4.482979471997287474e+05
4.482979464227433200e+05
4.482979456450310536e+05
4.482979448665895616e+05
4.482979440874165157e+05
4.482979433075091220e+05
4.482979425268652267e+05
4.482979417454818613e+05
4.482979409633573960e+05
4.482979401804881636e+05
4.482979393968722434e+05
4.482979386125071323e+05
4.482979378273903276e+05
4.482979370415186859e+05
4.482979362548902282e+05
4.482979354675021605e+05
4.482979346793518052e+05
4.482979338904366596e+05
4.482979331007537548e+05
4.482979323103011702e+05
4.482979315190757043e+05
4.482979307270746795e+05
4.482979299342957675e+05
4.482979291407359997e+05
4.482979283463926986e+05
4.482979275512635941e+05
4.482979267553451937e+05
4.482979259586353437e+05
4.482979251611315412e+05
4.482979243628303520e+05
4.482979235637294478e+05
4.482979227638259181e+05
4.482979219631172018e+05
4.482979211616003304e+05
4.482979203592725098e+05
4.482979195561310626e+05
4.482979187521730200e+05
4.482979179473956465e+05
4.482979171417961479e+05
4.482979163353714976e+05
4.482979155281190178e+05
4.482979147200359730e+05
4.482979139111188124e+05
4.482979131013656734e+05
4.482979122907727724e+05
4.482979114793377230e+05
4.482979106670575566e+05
4.482979098539290135e+05
4.482979090399493580e+05
4.482979082251159125e+05
4.482979074094248936e+05
4.482979065928746713e+05
4.482979057754608220e+05
4.482979049571813084e+05
4.482979041380328126e+05
4.482979033180125989e+05
4.482979024971168838e+05
4.482979016753435717e+05
4.482979008526891703e+05
4.482979000291506527e+05
4.482978992047249340e+05
4.482978983794091037e+05
4.482978975531999022e+05
4.482978967260943609e+05
4.482978958980892785e+05
4.482978950691816281e+05
4.482978942393684410e+05
4.482978934086459922e+05
4.482978925770121277e+05
4.482978917444627150e+05
4.482978909109953092e+05
4.482978900766063016e+05
4.482978892412927235e+05
4.482978884050514316e+05
4.482978875678791665e+05
4.482978867297728430e+05
4.482978858907286776e+05
4.482978850507442839e+05
4.482978842098161113e+05
4.482978833679404925e+05
4.482978825251150993e+05
4.482978816813354497e+05
4.482978808365995646e+05
4.482978799909033114e+05
4.482978791442437214e+05
4.482978782966173603e+05
4.482978774480213178e+05
4.482978765984515776e+05
4.482978757479054620e+05
4.482978748963794787e+05
4.482978740438701352e+05
4.482978731903741136e+05
4.482978723358884454e+05
4.482978714804091142e+05
4.482978706239338499e+05
4.482978697664576466e+05
4.482978689079785836e+05
4.482978680484925862e+05
4.482978671879963367e+05
4.482978663264868082e+05
4.482978654639596934e+05
4.482978646004128386e+05
4.482978637358415290e+05
4.482978628702435526e+05
4.482978620036143111e+05
4.482978611359513598e+05
4.482978602672505658e+05
4.482978593975084368e+05
4.482978585267221206e+05
4.482978576548876008e+05
4.482978567820015596e+05
4.482978559080605628e+05
4.482978550330607104e+05
4.482978541569992667e+05
4.482978532798716915e+05
4.482978524016757146e+05
4.482978515224065050e+05
4.482978506420615013e+05
4.482978497606364544e+05
4.482978488781283959e+05
4.482978479945334257e+05
4.482978471098475857e+05
4.482978462240683148e+05
4.482978453371913638e+05
4.482978444492131821e+05
4.482978435601305100e+05
4.482978426699389238e+05
4.482978417786363279e+05
4.482978408862176584e+05
4.482978399926802376e+05
4.482978390980201075e+05
4.482978382022342994e+05
4.482978373053180985e+05
4.482978364072691184e+05
4.482978355080836918e+05
4.482978346077579190e+05
4.482978337062884239e+05
4.482978328036720050e+05
4.482978318999056355e+05
4.482978309949846589e+05
4.482978300889072125e+05
4.482978291816691053e+05
4.482978282732674852e+05
4.482978273636991507e+05
4.482978264529605513e+05
4.482978255410490092e+05
4.482978246279610321e+05
4.482978237136939424e+05
4.482978227982444223e+05
4.482978218816094450e+05
4.482978209637863329e+05
4.482978200447710697e+05
4.482978191245617927e+05
4.482978182031546603e+05
4.482978172805461800e+05
4.482978163567335578e+05
4.482978154317124863e+05
4.482978145054801134e+05
4.482978135780317243e+05
4.482978126493634772e+05
4.482978117194695515e+05
4.482978107883462217e+05
4.482978098559870268e+05
4.482978089223858551e+05
4.482978079875360127e+05
4.482978070514296414e+05
4.482978061140581267e+05
4.482978051754132030e+05
4.482978042354832869e+05
4.482978032942584832e+05
4.482978023517256952e+05
4.482978014078719425e+05
4.482978004626835464e+05
4.482977995161446743e+05
4.482977985682396102e+05
4.482977976189511246e+05
4.482977966682623373e+05
4.482977957161549712e+05
4.482977947626113892e+05
4.482977938076138962e+05
4.482977928511465434e+05
4.482977918931936729e+05
4.482977909337422461e+05
4.482977899727827753e+05
4.482977890103085665e+05
4.482977880463195033e+05
4.482977870808200096e+05
4.482977861138237058e+05
4.482977851453520125e+05
4.482977841754387482e+05
4.482977832041278016e+05
4.482977822314806399e+05
4.482977812575713033e+05
4.482977802824950777e+05
4.482977793063652935e+05
4.482977783293174580e+05
4.482977773515109438e+05
4.482977763731281739e+05
4.482977753943792195e+05
4.482977744154980755e+05
4.482977734367447556e+05
4.482977724584054668e+05
4.482977714807855664e+05
4.482977705042123562e+05
4.482977695290251868e+05
4.482977685555729549e+05
4.482977675842010067e+05
4.482977666152462480e+05
4.482977656490174122e+05
4.482977646857853979e+05
4.482977637257596361e+05
4.482977627690680092e+05
4.482977618157303659e+05
4.482977608656301745e+05
4.482977599184807623e+05
4.482977589737897506e+05
4.482977580308178440e+05
4.482977570885376772e+05
4.482977561455864925e+05
4.482977552002189914e+05
4.482977542502593133e+05
4.482977532930522575e+05
4.482977523254157277e+05
4.482977513435996370e+05
4.482977503432477824e+05
4.482977493193701957e+05
4.482977482663286501e+05
4.482977471778349136e+05
4.482977460469728685e+05
4.482977448662451934e+05
4.482977436276480439e+05
4.482977423227863619e+05
4.482977409430294065e+05
4.482977394797174493e+05
4.482977379244263284e+05
4.482977362692948664e+05
4.482977345074241748e+05
4.482977326333583333e+05
4.482977306436439394e+05
4.482977285374885541e+05
4.482977263175029075e+05
4.482977239905491588e+05
4.482977215686764102e+05
4.482977190701531363e+05
4.482977165205788333e+05
4.482977139540673816e+05
4.482977114144832012e+05
4.482977089566984796e+05
4.482977066478457418e+05
4.482977045685120393e+05
4.482977028138349997e+05
4.482977014944168623e+05
4.482977007369970670e+05
4.482977006847756566e+05
4.482977014972924953e+05
4.482977033497302909e+05
4.482977064315165044e+05
4.482977109440581407e+05
4.482977170974597102e+05
4.482977251060046256e+05
4.482977351822376368e+05
4.482977475299752550e+05
4.482977623436313588e+05
4.482977798213522765e+05
4.482978000993011519e+05
4.482978232477176352e+05
4.482978492580906604e+05
4.482978780226536910e+05
4.482979093069646624e+05
4.482979427224784740e+05
4.482979776937126881e+05
4.482980134239569306e+05
4.482980488583156839e+05
4.482980826438053627e+05
4.482981130914316745e+05
4.482981381335958722e+05
4.482981552908982849e+05
4.482981616323202034e+05
4.482981537557599950e+05
4.482981277599556488e+05
4.482980792519049137e+05
4.482980033439738327e+05
4.482978947062242660e+05
4.482977476075320737e+05
4.482975560360939126e+05
4.482973138093302259e+05
4.482970147907768260e+05
4.482966530993794440e+05
4.482962234544350067e+05
4.482957215193787124e+05
4.482951444066019030e+05
4.482944911920826999e+05
4.482937636061845697e+05
4.482929667506657424e+05
4.482921099864382413e+05
4.482912078697789693e+05
4.482902812190354452e+05
4.482893582573013264e+05
4.482884757919301046e+05
4.482876805005956558e+05
4.482870300845930469e+05
4.482865945577233215e+05
4.482864571314688656e+05
4.482867152546709403e+05
4.482874808512429590e+05
4.482888807223832700e+05
4.482898621864392189e+05
4.482910559619125561e+05
4.482924816340926918e+05
4.482941595392784220e+05
4.482961105123372399e+05
4.482983559290478006e+05
4.483009173928364180e+05
4.483038167488707695e+05
4.483070757005058695e+05
4.483107157840523287e+05
4.483147579076383845e+05
4.483192222746949992e+05
4.483241278390679508e+05
4.483294921636506333e+05
4.483353307871246943e+05
4.483416570025479887e+05
4.483484811333654798e+05
4.483558102153264335e+05
4.483636471825762419e+05
4.483719904351407313e+05
4.483808329401371302e+05
4.483901616664127214e+05
4.483999566113667679e+05
4.484101900843479671e+05
4.484208256764671532e+05
4.484318173752728035e+05
4.484431085034438292e+05
4.484546306493671727e+05
4.484663026109014172e+05
4.484780291300888057e+05
4.484896998904444627e+05
4.485011880495210644e+05
4.485123493525115191e+05
4.485230204641415621e+05
4.485330182778663002e+05
4.485421380590119516e+05
4.485501530474771862e+05
4.485568124376495252e+05
4.485618413931566174e+05
4.485649389062873670e+05
4.485657783657293767e+05
4.485640053594462224e+05
4.485592389600365423e+05
4.485510695606419467e+05
4.485390610668779118e+05
4.485227488856618875e+05
4.485016432366487570e+05
4.484752274490052368e+05
4.484429626276346971e+05
4.484042864528477076e+05
4.483586194556775736e+05
4.483053645597837749e+05
4.482439152337025153e+05
4.481736560624866979e+05
4.480939730501477025e+05
4.480042555593777215e+05
4.479039090314570931e+05
4.477923586842712248e+05
4.476690648957297672e+05
4.475335291008562781e+05
4.473853120437528123e+05
4.472240423607253470e+05
4.470494378398694098e+05
4.468613172149786260e+05
4.466596244751081103e+05
4.464444444184931344e+05
4.462160299206132186e+05
4.459748218025249080e+05
4.457214787884168327e+05
4.454569022217039601e+05
4.451822682153050555e+05
4.448990576938194572e+05
4.446090899560551625e+05
4.443145584245682112e+05
4.440180644963369705e+05
4.437226592343374505e+05
4.434318759782411507e+05
4.431497780108552543e+05
4.428809879418448545e+05
4.426307411234312458e+05
4.424049093215839821e+05
4.422100593463346595e+05
4.420534680164737510e+05
4.419431851271346677e+05
4.418880362461367622e+05
4.418976888028061949e+05
4.419826389182691928e+05
4.421542791198400082e+05
4.424248655212798039e+05
4.428075858795397799e+05
4.433165011264288914e+05
4.439666307884337730e+05
4.447738153536462341e+05
4.457548390456533525e+05
4.469275470942239044e+05
4.483083500000001513e+05
