9.163183392275138885e+02
9.162153023187091776e+02
9.160913232710699958e+02
9.159522988887163137e+02
9.157880832660815713e+02
9.156025898557603568e+02
9.153836412319242299e+02
9.151356022916775146e+02
9.148454379826416698e+02
9.145130408746250623e+02
9.141272678043354745e+02
9.136846779206809970e+02
9.131705211050808657e+02
9.125810937586038563e+02
9.118977881454835597e+02
9.111123136732311423e+02
9.102045708739315160e+02
9.091603314237664790e+02
9.085582282645082159e+02
9.079536617335980964e+02
9.072646114637714163e+02
9.065641806064528510e+02
9.057741598052645031e+02
9.049648497341695474e+02
9.040587862595033357e+02
9.031240356129986822e+02
9.020858228527612255e+02
9.010067337742617610e+02
8.998168143219400008e+02
8.985737719619140762e+02
8.972098864342274283e+02
8.957800182878758051e+02
8.942172767062060075e+02
8.934032586819137123e+02
8.925591036596376853e+02
8.923400441427123724e+02
8.921265044186751538e+02
8.919037588105013583e+02
8.916864737150307292e+02
8.914599749747649184e+02
8.912388836067813145e+02
8.910085712821702373e+02
8.907836150589403132e+02
8.905494257001267897e+02
8.903205490643357507e+02
8.900824154586166514e+02
8.898495483092484619e+02
8.896074114962246995e+02
8.893704989695422682e+02
8.891243023133838506e+02
8.888832785112383590e+02
8.886329603440555047e+02
8.883877499183693089e+02
8.881332218757295323e+02
8.878837467460460857e+02
8.876249456551170169e+02
8.873711634146009146e+02
8.871080354457213843e+02
8.868498744791949093e+02
8.865823272616197528e+02
8.863197044352781404e+02
8.860476805535921585e+02
8.857805333503281418e+02
8.855039778334183893e+02
8.852322435836698560e+02
8.849510960775742205e+02
8.846746923605219308e+02
8.843888571942752606e+02
8.841077072300408872e+02
8.838171286783280038e+02
8.835311808936016860e+02
8.832357756141871050e+02
8.829449209345818872e+02
8.826446085221957674e+02
8.823487911545083762e+02
8.820435146958138830e+02
8.817426482301235637e+02
8.814323308197016331e+02
8.811263584607805797e+02
8.808109236883967696e+02
8.804997647296232799e+02
8.801791039230502065e+02
8.798626614183892798e+02
8.795366875590514155e+02
8.792149078855353537e+02
8.788835549409309351e+02
8.785563370105148806e+02
8.782195249564704227e+02
8.778867964392090926e+02
8.775444489637814058e+02
8.772061204858505334e+02
8.768581642369945257e+02
8.765141567795228639e+02
8.761604809034189429e+02
8.758106963942179846e+02
8.754512203824930339e+02
8.750956222482459452e+02
8.747302725880921344e+02
8.743687475057515712e+02
8.739974073252548123e+02
8.736298994387602761e+02
8.732525053243430193e+02
8.728788988597334537e+02
8.724953342039347035e+02
8.721155588514239980e+02
8.717257565939253254e+02
8.713397212701095214e+02
8.709435965210246877e+02
8.705512099172407261e+02
8.701486510090036290e+02
8.697497939028477276e+02
8.693407250088274623e+02
8.689353206530753368e+02
8.685196454180783121e+02
8.681075800523734642e+02
8.676852066420196934e+02
8.672663865106047751e+02
8.668372356450059897e+02
8.664115677671218236e+02
8.661918304937596531e+02
8.659789813192269321e+02
8.657575231378712033e+02
8.655429138963428386e+02
8.653197261201269157e+02
8.651033429069154863e+02
8.648784180230147740e+02
8.646602444589697143e+02
8.644335719573747383e+02
8.642135934410341633e+02
8.639851635913037171e+02
8.637633689247488746e+02
8.635331705469338885e+02
8.633095485915357585e+02
8.630775696530184860e+02
8.628521062771899324e+02
8.626183274945682342e+02
8.623909970576690966e+02
8.621553995576227862e+02
8.619261911187913938e+02
8.616887794974088592e+02
8.614576945696151142e+02
8.612184653399340277e+02
8.609854853865509767e+02
8.607444169585382951e+02
8.605095206069916003e+02
8.602666006220434838e+02
8.600297790354734389e+02
8.597849992045235012e+02
8.595462379543206453e+02
8.592995818800169445e+02
8.590588673356095342e+02
8.588103268519819267e+02
8.585676518316629426e+02
8.583172164048678496e+02
8.580725681260892088e+02
8.578202254820743065e+02
8.575735866641907705e+02
8.573193165519825243e+02
8.570706613543255799e+02
8.568144483723880285e+02
8.565637653252155133e+02
8.563056075267957112e+02
8.560528901869996616e+02
8.557927770938803178e+02
8.555380089512799486e+02
8.552759210946281883e+02
8.550190889257064555e+02
8.547550139396099667e+02
8.544961076146100822e+02
8.542300311759898932e+02
8.539690366634308702e+02
8.537009505391905577e+02
8.534378605453728142e+02
8.531677566652726910e+02
8.529025511209028991e+02
8.526304036422767467e+02
8.523630590361020722e+02
8.520888541303392003e+02
8.518193694892379426e+02
8.515431054026703350e+02
8.512714759811510703e+02
8.509931384620022072e+02
8.507193449040516953e+02
8.504389128468119452e+02
8.501629322395608597e+02
8.498803914056791200e+02
8.496022102868489583e+02
8.493175532409763946e+02
8.490371588885956271e+02
8.487503716815757571e+02
8.484677441045085970e+02
8.481788050607075320e+02
8.478939321484673428e+02
8.476028374556984772e+02
8.473157220680672026e+02
8.470224643794047097e+02
8.467330935219945331e+02
8.464376534090107498e+02
8.461460073567031941e+02
8.458483647401830012e+02
8.455544241520658488e+02
8.452545685952062513e+02
8.449583246927160189e+02
8.446562453389320808e+02
8.443576761372324881e+02
8.440533555378384563e+02
8.437524531139712280e+02
8.434458848839968823e+02
8.431426346917222645e+02
8.428337966363654914e+02
8.425281854510773201e+02
8.422170656033332534e+02
8.419090832520917047e+02
8.415956639219609769e+02
8.412852970164705084e+02
8.409695638506375417e+02
8.406568000693414433e+02
8.403387377325805119e+02
8.400235639618091454e+02
8.397031593046028775e+02
8.393855637712060798e+02
8.390628022066281346e+02
8.387427718240219292e+02
8.384176357923568048e+02
8.380951546353898038e+02
8.377676258807983913e+02
8.374426840275889390e+02
8.371127517648637877e+02
8.367853412345381230e+02
8.364529900980181765e+02
8.361230934950970095e+02
8.357883028931695435e+02
8.354559064333776632e+02
8.351186651972936943e+02
8.347837590543828128e+02
8.344440518297765266e+02
8.341066220967534264e+02
8.337644334498481840e+02
8.334244698081063234e+02
8.330797868785558649e+02
8.327372764953277056e+02
8.323900798828831284e+02
8.320450053040258354e+02
8.316952800449817005e+02
8.313476299933896598e+02
8.309953651955042915e+02
8.306451274098606063e+02
8.302903108317344731e+02
8.299374689758399199e+02
8.295800847278128458e+02
8.292246213506546155e+02
8.288646544173592474e+02
8.285065549417934108e+02
8.281439960463366106e+02
8.277832548244882673e+02
8.274180935091754918e+02
8.270546940604269821e+02
8.266869103688879932e+02
8.263208385089239982e+02
8.259504138457782574e+02
8.255816462997939880e+02
8.252085533606898480e+02
8.248370748981956240e+02
8.244613135685065117e+02
8.240871346505847441e+02
8.237087040233495827e+02
8.233318032566172633e+02
8.229506693499588437e+02
8.225710256733600545e+02
8.221871798087562411e+02
8.218047913003152871e+02
8.214182170134467924e+02
8.210330650181872443e+02
8.206437414365016139e+02
8.202558202687802122e+02
8.198637362044401016e+02
8.194730348107876807e+02
8.190781754688858882e+02
8.186846935821170064e+02
8.182870550783629824e+02
8.178907779766160502e+02
8.174903240783249885e+02
8.170912146869003436e+02
8.166879147571919475e+02
8.162859636003178139e+02
8.158798189734949347e+02
8.154750369946970068e+02
8.150660385919291002e+02
8.146584013853326951e+02
8.142465173588843754e+02
8.138360160632374800e+02
8.134212386901948548e+02
8.130078653987433199e+02
8.125901865419074284e+02
8.121739492767554793e+02
8.117533612370669971e+02
8.113342260396480015e+02
8.109106826453278245e+02
8.104886302662221169e+02
8.100621378664530994e+02
8.096371751869760374e+02
8.092077177972875006e+02
8.087798167640808060e+02
8.083473798300169619e+02
8.079165407448591623e+02
8.074811208205992443e+02
8.070473237875987707e+02
8.066088994634662868e+02
8.061721232761325382e+02
8.057306715405655950e+02
8.052908960590821152e+02
8.048464191428762433e+02
8.044036565700085930e+02
8.039561475780435558e+02
8.035103633677706512e+02
8.030597909466357578e+02
8.026109799957032465e+02
8.021573523377165884e+02
8.017055069775442462e+02
8.012487994071694857e+02
8.007938974704568409e+02
8.003341026932350815e+02
7.998761368659277196e+02
7.994132420580751841e+02
7.989521943084489521e+02
7.984861889808502156e+02
7.980220488156674037e+02
7.975529217427969115e+02
7.970856717635299447e+02
7.966134110020790331e+02
7.961430399863588718e+02
7.956676332210073497e+02
7.951941295777731966e+02
7.947155686385106037e+02
7.942389200933835127e+02
7.937571889127734721e+02
7.932773852875204739e+02
7.927924733522804672e+02
7.923095012086712359e+02
7.918213967089607195e+02
7.913352456718433814e+02
7.908439361028889607e+02
7.903545942282673877e+02
7.898600695805960186e+02
7.893675240047077750e+02
7.888697735457986937e+02
7.883740135175747810e+02
7.878730266839203296e+02
7.873740418981099083e+02
7.868698081490833829e+02
7.863675866650390844e+02
7.861129278504938611e+02
7.858619155019542859e+02
7.856064422976533024e+02
7.853546147688808787e+02
7.850983251078966987e+02
7.848456816263842484e+02
7.845885742556067726e+02
7.843351135294811911e+02
7.840771869988001299e+02
7.838229076364406183e+02
7.835641606158098966e+02
7.833090613231506723e+02
7.830494925822392815e+02
7.827935719503068412e+02
7.825331802204044607e+02
7.822764367281613431e+02
7.820152207722007915e+02
7.817576528249575176e+02
7.814956114256723367e+02
7.812372174342428934e+02
7.809743495594644855e+02
7.807151281953489388e+02
7.804514331586668732e+02
7.801913833291905576e+02
7.799268604712905244e+02
7.796659808235307310e+02
7.794006289997080330e+02
7.791389176245455701e+02
7.788727352740130527e+02
7.786101901858517067e+02
7.783431760563854596e+02
7.780797958153355012e+02
7.778119491711671571e+02
7.775477325935554518e+02
7.772790526389709385e+02
7.770139982763452053e+02
7.767444839573623767e+02
7.764785902737962715e+02
7.762082406063099143e+02
7.759415062079319796e+02
7.756703202544840678e+02
7.754027437360018666e+02
7.751307204739676990e+02
7.748623004291142706e+02
7.745894388666630448e+02
7.743201739788485156e+02
7.740464731688357460e+02
7.737763621354768020e+02
7.735018211519480928e+02
7.732308626872663808e+02
7.729554806389962778e+02
7.726836733909399300e+02
7.724074492760639714e+02
7.721347916833382214e+02
7.718577243395691312e+02
7.715842147331989054e+02
7.713063030641873183e+02
7.710319399828229052e+02
7.707531832547812201e+02
7.704779656466644155e+02
7.701983634326760466e+02
7.699222903424852120e+02
7.696418419931866310e+02
7.693649120963179939e+02
7.690836164896105629e+02
7.688058282035729007e+02
7.685236841163430199e+02
7.682450360656640669e+02
7.679620425455661916e+02
7.676825336910296755e+02
7.673986899900376102e+02
7.671183193726344598e+02
7.668336246918381676e+02
7.665523912070517554e+02
7.662668446087690199e+02
7.659847470073875684e+02
7.656983475237067296e+02
7.654153845750146274e+02
7.651281313552512984e+02
7.648443019107629652e+02
7.645561941675061917e+02
7.642714970618990264e+02
7.639825339849145394e+02
7.636969680407678425e+02
7.634071488462525394e+02
7.631207129272986549e+02
7.628300368465320389e+02
7.625427298235570106e+02
7.622511960741868506e+02
7.619630168297671844e+02
7.616706246420973230e+02
7.613815720846611157e+02
7.610883207031262145e+02
7.607983937407652775e+02
7.605042824260953012e+02
7.602134799783324297e+02
7.599185080262996053e+02
7.596268290157912588e+02
7.593309957387896247e+02
7.590384390896980449e+02
7.587417438059064807e+02
7.584483084634333636e+02
7.581507504845858421e+02
7.578564354363697930e+02
7.575580140427748574e+02
7.572628183445702916e+02
7.569635327780017633e+02
7.566674555598946199e+02
7.563673050100908313e+02
7.560703454715459202e+02
7.557693290990822561e+02
7.554714864814685598e+02
7.551696034419418311e+02
7.548708770012439118e+02
7.545681264776535500e+02
7.542685154548802302e+02
7.539648966790480245e+02
7.536644002942726956e+02
7.533599125380661690e+02
7.530585299942971460e+02
7.527531725677142731e+02
7.524509030723204432e+02
7.521446752984770683e+02
7.518415180760138128e+02
7.515344192992434955e+02
7.512303735839387855e+02
7.509224031639458872e+02
7.506174681898897916e+02
7.503086255279717989e+02
7.500028005019473767e+02
7.496930850476107935e+02
7.493863691572458947e+02
7.490757804157238979e+02
7.487681728225953748e+02
7.484567103431380701e+02
7.481482102139664221e+02
7.478358735640442774e+02
7.475264800731159767e+02
7.472132688325841627e+02
7.469029811860175414e+02
7.465888949240227248e+02
7.462777123564510475e+02
7.459627506501938115e+02
7.456506724280433218e+02
7.453348348419141303e+02
7.450218602680135973e+02
7.447051463720900983e+02
7.443912747789266859e+02
7.440736841195689522e+02
7.437589148964569858e+02
7.434404470061261918e+02
7.431247795855734921e+02
7.428054339635632459e+02
7.424888678543683227e+02
7.421686439693967259e+02
7.418511787214893047e+02
7.415300760212686555e+02
7.412117112525572793e+02
7.408897291664585509e+02
7.405704645152067087e+02
7.402476024932211658e+02
7.399274376280965271e+02
7.396036951253397547e+02
7.392826297011206407e+02
7.389580062285208442e+02
7.386360398931277587e+02
7.383105349766506151e+02
7.379876673696405760e+02
7.376612805960678543e+02
7.373375113587331953e+02
7.370102423075306888e+02
7.366855711194343712e+02
7.363574193984525209e+02
7.360318459573480823e+02
7.357028111461534081e+02
7.353763352099957729e+02
7.350464169103332779e+02
7.347190382226558540e+02
7.343882360498267872e+02
7.340599543820976578e+02
7.337282680102497352e+02
7.333990830637109184e+02
7.330665122344928477e+02
7.327364237201611559e+02
7.324029682219299957e+02
7.320719757972693742e+02
7.317376354660491415e+02
7.314057388600280092e+02
7.310705134883144183e+02
7.307377124598259570e+02
7.304016018307502236e+02
7.300678962646684340e+02
7.297309000540454917e+02
7.293962898963168300e+02
7.290584077947171409e+02
7.287228930698445311e+02
7.283841247004918387e+02
7.280477054418009857e+02
7.277080505331094855e+02
7.273707267525569478e+02
7.270301850251237283e+02
7.266919567118533223e+02
7.263505280335039060e+02
7.260113951143516715e+02
7.256690793373614952e+02
7.253290417662393565e+02
7.249858388514206808e+02
7.246448965388251509e+02
7.243008063878079383e+02
7.239589593515356682e+02
7.236139819195275322e+02
7.232712301501804859e+02
7.229253653158175439e+02
7.225817089658297618e+02
7.222349566233319820e+02
7.218903957917898424e+02
7.215427557521614972e+02
7.211972906782951895e+02
7.208487627558804434e+02
7.205023937342974705e+02
7.201529782706162450e+02
7.198057069065721407e+02
7.194554062623028585e+02
7.191072365761743868e+02
7.187560555942294513e+02
7.184069924129171341e+02
7.180549336701618586e+02
7.177049757544326667e+02
7.173520341779920955e+02
7.170011736616640974e+02
7.166473419735168591e+02
7.162955739558354935e+02
7.159408508895456862e+02
7.155881740468684029e+02
7.152325559761496834e+02
7.148789631313370592e+02
7.145224441820189440e+02
7.141679355276133947e+02
7.138105246415568672e+02
7.134551137157668563e+02
7.130968208858676007e+02
7.127405088102813124e+02
7.123813280335073159e+02
7.120241111347966125e+02
7.116640465871323613e+02
7.113059358286924407e+02
7.109449957822217812e+02
7.105859917790766076e+02
7.102241696289995616e+02
7.098642657627052586e+02
7.095015584194445637e+02
7.091407543095955361e+02
7.087771593680555497e+02
7.084154492654696469e+02
7.080509608456765136e+02
7.076883438737688721e+02
7.073229683773726038e+02
7.069594570766809056e+02
7.065932094019321994e+02
7.062288160198622791e+02
7.058616995005664876e+02
7.054964172192341039e+02
7.051284194026849264e+02
7.047622391160160760e+02
7.043933559850562460e+02
7.040262752007641893e+02
7.036565005826682864e+02
7.032885122694673328e+02
7.029178432569938195e+02
7.025489518412108509e+02
7.021773977721998108e+02
7.018076130422849701e+02
7.014351792323204791e+02
7.010644987198569424e+02
7.006911782312645300e+02
7.003196005807732263e+02
6.999454072409909031e+02
6.995729573278724729e+02
6.991979097662821232e+02
6.988245847937862436e+02
6.984486612787718514e+02
6.980744379519272798e+02
6.976976255037294550e+02
6.973224980800246158e+02
6.969447875649625530e+02
6.965687460065554433e+02
6.961901401443533359e+02
6.958132105740675115e+02
6.954337473761067940e+02
6.950559553718945835e+02
6.946756294284161868e+02
6.942969453080590938e+02
6.939157279396767990e+02
6.935361482582461576e+02
6.931540610876739947e+02
6.927736080170293462e+02
6.923906485456978999e+02
6.920092974887785431e+02
6.916254490830432360e+02
6.912432162378137264e+02
6.908585186763510819e+02
6.904754333870133678e+02
6.900898840217971610e+02
6.897059228000007352e+02
6.893195017776932900e+02
6.889346574882753202e+02
6.885473582429880253e+02
6.881616152115462910e+02
6.877734184643348954e+02
6.873867710116711578e+02
6.869976933090005105e+02
6.866101773727081081e+02
6.862202572818788440e+02
6.858318932229698248e+02
6.854411162479215136e+02
6.850518642357460521e+02
6.846601996408369359e+02
6.842700686462753765e+02
6.838775539746806089e+02
6.834865653706438025e+02
6.830931792308496142e+02
6.827012932562632841e+02
6.823070257947638311e+02
6.819142772545698108e+02
6.815191773047636161e+02
6.811255890875357863e+02
6.807296445907869611e+02
6.803351878991974218e+02
6.799383724933676376e+02
6.795430285866880240e+02
6.791453305871525572e+02
6.787491002293514839e+02
6.783505375141601235e+02
6.779534499959293044e+02
6.775540467925563917e+02
6.771561124690875886e+02
6.767558674542407289e+02
6.763570784560116635e+02
6.759559766221195787e+02
6.755563179172164610e+02
6.751543617086500717e+02
6.747538612250772303e+02
6.743510829560851789e+02
6.739497462753746504e+02
6.735461204840715936e+02
6.731439171330148383e+02
6.727394322580788639e+02
6.723363651505203507e+02
6.719310181605542311e+02
6.715270679368462652e+02
6.711208368034684781e+02
6.707160050478233870e+02
6.703089312352046818e+02
6.699032858384742894e+02
6.694954268391360301e+02
6.690889829760455996e+02
6.686803098540939345e+02
6.682730199653119598e+02
6.678634961850704030e+02
6.674553455376625379e+02
6.670449647729080880e+02
6.666359369394025407e+02
6.662246783681368925e+02
6.658147799580310675e+02
6.654026962965863277e+02
6.649919981179845081e+02
6.645791273657150668e+02
6.641676166856209420e+02
6.637539242719609547e+02
6.633415787815886233e+02
6.629270566687526980e+02
6.625138638671515992e+02
6.620984863585198354e+02
6.616844201429823897e+02
6.612681813498295469e+02
6.608532688027785298e+02
6.604362222822657031e+02
6.600205203760310724e+02
6.596026988782994067e+02
6.591862013910523501e+02
6.587675633708112173e+02
6.583502143637342670e+02
6.579307163567943917e+02
6.575125035957311184e+02
6.570921644362949792e+02
6.566731264159808461e+02
6.562519924747592768e+02
6.558321707893601342e+02
6.554102610565369105e+02
6.549896406226450836e+02
6.545669159468847056e+02
6.541454569159753873e+02
6.537218926257578460e+02
6.532995876384147778e+02
6.528751937897710604e+02
6.524520707434882070e+02
6.520268883424253090e+02
6.516029902091313488e+02
6.511770503632535565e+02
6.507523781836758872e+02
6.503256392575628979e+02
6.499001257069546682e+02
6.494725416749265605e+02
6.490461956362082674e+02
6.486178133412561237e+02
6.481906765953949616e+02
6.477615121857832037e+02
6.473335841028127788e+02
6.469036260811600414e+02
6.464748816963547142e+02
6.460441033993714655e+02
6.456145436588067241e+02
6.451829861489068207e+02
6.447526684039640941e+02
6.443203655539562078e+02
6.438892801979848173e+02
6.434561938516264945e+02
6.430243103882178275e+02
6.425904423462437762e+02
6.421577827215875232e+02
6.417231376527345219e+02
6.412896630202150163e+02
6.408541732038650025e+02
6.404198433615538306e+02
6.399835582611426616e+02
6.395485093572704045e+02
6.391115496626581489e+02
6.386757681388902483e+02
6.382379910581984177e+02
6.378013518488031650e+02
6.373627807364271121e+02
6.369254188913981807e+02
6.364861430975905705e+02
6.360480136715076469e+02
6.356079259329011393e+02
6.351689833253133202e+02
6.347281246907450623e+02
6.342884297356914658e+02
6.338468406032750408e+02
6.334064371757566505e+02
6.329641669868410645e+02
6.325230490643015173e+02
6.320799972103982327e+02
6.316380314897479593e+02
6.311941368209371603e+02
6.307513715522392204e+02
6.303067433957743333e+02
6.298632791152900836e+02
6.294179641612478235e+02
6.289737863419377391e+02
6.285277438555815479e+02
6.280828277139363536e+02
6.276360359287244819e+02
6.271903090484945551e+02
6.267426584965862730e+02
6.262960879145132367e+02
6.258477014588526117e+02
6.254004807716212326e+02
6.249514529726969840e+02
6.245035220481825036e+02
6.240537495530260230e+02
6.236050872772069624e+02
6.231546288608551549e+02
6.227052789604427971e+02
6.222541037727777393e+02
6.218039916258569519e+02
6.213520496029874494e+02
6.209011723229909876e+02
6.204484624548014153e+02
6.199967816388183337e+02
6.195432811830494302e+02
6.190908840500305814e+02
6.186367689387276414e+02
6.181837634726804254e+02
6.177289828458658576e+02
6.172752659807633790e+02
6.168198097115272276e+02
6.163654412078961968e+02
6.159093156820191552e+02
6.154542211070912572e+02
6.149973403187455006e+02
6.145414613632484588e+02
6.140838003449248390e+02
6.136271797601815479e+02
6.131688643098482316e+02
6.127116443893778523e+02
6.122527421670384911e+02
6.117948807702158547e+02
6.113352608463105753e+02
6.108766048112452154e+02
6.104161988540002994e+02
6.099568319984015261e+02
6.094958031560960308e+02
6.090358040347359747e+02
6.085740792781845130e+02
6.081133387511382580e+02
6.076509185185751676e+02
6.071895289998327598e+02
6.067264621003018874e+02
6.062643821568956355e+02
6.058006268370493217e+02
6.053378768746473497e+02
6.048734660976980422e+02
6.044100395565474173e+02
6.039449566736194583e+02
6.034808634046644329e+02
6.030151234402982254e+02
6.025503615124479211e+02
6.020839659984687842e+02
6.016185490260585311e+02
6.011514993798213027e+02
6.006854189157209021e+02
6.002177240611205207e+02
5.997509933436141409e+02
5.992826440817441380e+02
5.988152577587126189e+02
5.983462769234557754e+02
5.978782469078728354e+02
5.974086120523296586e+02
5.969399178561153576e+02
5.964696154485665147e+02
5.960002216690836576e+02
5.955292373698588335e+02
5.950592184246420402e+02
5.945876766387971202e+02
5.941171096751462528e+02
5.936449987796460164e+02
5.931737887102094646e+02
5.927009799421809930e+02
5.922290743364313812e+02
5.917556337462034435e+02
5.912831061464802360e+02
5.908090369692062040e+02
5.903359124491219063e+02
5.898613295368099898e+02
5.893876870660509439e+02
5.889124895929153354e+02
5.884381235696807835e+02
5.879622285879155470e+02
5.874872693180317356e+02
5.870108504182256866e+02
5.865353390763340258e+02
5.860583844842490180e+02
5.855823788800748844e+02
5.851048634620091207e+02
5.846281016562262494e+02
5.841497992440604321e+02
5.836724414409541168e+02
5.831936856884011604e+02
5.827157364857981747e+02
5.822362313401097254e+02
5.817576111127970080e+02
5.812776618454619211e+02
5.807986467649847100e+02
5.803181680538000364e+02
5.798384858606110583e+02
5.793573569366953961e+02
5.788771184872866797e+02
5.783955171423581305e+02
5.779147787758262211e+02
5.774326103177578489e+02
5.769512716436008759e+02
5.764685022734475979e+02
5.759864718311431488e+02
5.755029914786608742e+02
5.750204601702641867e+02
5.745367050549243686e+02
5.740537321310356447e+02
5.735692192251852930e+02
5.730855183537604489e+02
5.726005736093592304e+02
5.721164311675835279e+02
5.716307803170021771e+02
5.711459226761143100e+02
5.706599112957027273e+02
5.701748804693726242e+02
5.696884487965620565e+02
5.692025835880998557e+02
5.687152380979077861e+02
5.682288310476303650e+02
5.677414210124622969e+02
5.672549555560934778e+02
5.667669641644597505e+02
5.662793904729040833e+02
5.657903429605297561e+02
5.653022675382684383e+02
5.648132087821396681e+02
5.643250073077726938e+02
5.638353236730864637e+02
5.633463255128600622e+02
5.628561891582427279e+02
5.623668598998467587e+02
5.618760935840980437e+02
5.613861391736621727e+02
5.608951759595865951e+02
5.604049285960427369e+02
5.599131239151254249e+02
5.594221003315850567e+02
5.589300676989184922e+02
5.584387086625773691e+02
5.579458839122055451e+02
5.574538796004062533e+02
5.569608044180538400e+02
5.564684720825754312e+02
5.559749021368570538e+02
5.554820243536620410e+02
5.549877796258048193e+02
5.544944263754086933e+02
5.540003710196157272e+02
5.535070862113581143e+02
5.530119132905516608e+02
5.525171307158195759e+02
5.520215670368370411e+02
5.515269273383128166e+02
5.510311343057790054e+02
5.505353664772582079e+02
5.499981771044648440e+02
5.492144962955953815e+02
5.481325272315370967e+02
5.472230594336298282e+02
5.461406936600600375e+02
5.452285409850538827e+02
5.441453177328894526e+02
5.432306785403600315e+02
5.421464313830670108e+02
5.412296421554165136e+02
5.401441396286168128e+02
5.392253441996739411e+02
5.381387412310691616e+02
5.372176956348278054e+02
5.361303775419262365e+02
5.352068267483093678e+02
5.341189635450311926e+02
5.331929802530967208e+02
5.321044040620690794e+02
5.311763136545039288e+02
5.300867787412421421e+02
5.291568467005845378e+02
5.280662888591215278e+02
5.271345617451136150e+02
5.260430758260564517e+02
5.251095075206004594e+02
5.240171924934826393e+02
5.230817911521412498e+02
5.219886971735578527e+02
5.210514737856111651e+02
5.199576838602222324e+02
5.190185972930632943e+02
5.179242431941437417e+02
5.169832731294351333e+02
5.158884151461120382e+02
5.149456654789173626e+02
5.138502331701378125e+02
5.129058645843756494e+02
5.118097790044403155e+02
5.108638766529005011e+02
5.097672186901183409e+02
5.088197345611321225e+02
5.077226703989067573e+02
5.067735098358611481e+02
5.056761471465638351e+02
5.047253494501374007e+02
5.036276782212861463e+02
5.026753856279599972e+02
5.015773229475278754e+02
5.006236578793360081e+02
4.995252062629684247e+02
4.985702079164048541e+02
4.974714784462437365e+02
4.965151091133519685e+02
4.954162228850011616e+02
4.944584592549637705e+02
4.933594715248388525e+02
4.924003746504939159e+02
4.913012761960443413e+02
4.903409570444835595e+02
4.892417192882001586e+02
4.882802687340458760e+02
4.871809066571104267e+02
4.862183617390901418e+02
4.851189304373772302e+02
4.841552923476232877e+02
4.830558728522970000e+02
4.820911746029651681e+02
4.809918266248820373e+02
4.800261188738888904e+02
4.789268478258341020e+02
4.779602111263660049e+02
4.768610241308292075e+02
4.758935363388637256e+02
4.747944305834192846e+02
4.738261251428992864e+02
4.727271473484481135e+02
4.717580681282542514e+02
4.706593168810941847e+02
4.696894695318916888e+02
4.685910141678055538e+02
4.676203815135488639e+02
4.665222884625273991e+02
4.655509001568191252e+02
4.644532283096119158e+02
4.634811508385115530e+02
4.623839104388886199e+02
4.614112295188316466e+02
4.608318198416340010e+02
4.603761348125828476e+02
4.597971095897578948e+02
4.593410381423381637e+02
4.587623750778205931e+02
4.583059366430277919e+02
4.577276334731064935e+02
4.572708401115307879e+02
4.566928967268609654e+02
4.562357586836346854e+02
4.556581772622377002e+02
4.552007007707137518e+02
4.546234872636553632e+02
4.541656746139568099e+02
4.535888389466939543e+02
4.531306893802158697e+02
4.525542449732062096e+02
4.520957553054801679e+02
4.515197179582709168e+02
4.510608831072386238e+02
4.504852696414527031e+02
4.500260834648047421e+02
4.494509106263634521e+02
4.489913672059560668e+02
4.484166509389879707e+02
4.479567459535673493e+02
4.473825006933019495e+02
4.469222323437539330e+02
4.463484701278810007e+02
4.458878395394382892e+02
4.453145692003157023e+02
4.448535805941517651e+02
4.442808074120823676e+02
4.438194683061475985e+02
4.432471942135807126e+02
4.427855155025152385e+02
4.422137394898325624e+02
4.417517351192018396e+02
4.411804536688805456e+02
4.407181399814730298e+02
4.401473475782717628e+02
4.396847424713230339e+02
4.391144322509995845e+02
4.386515543782821283e+02
4.380817190127061167e+02
4.376185870931601016e+02
4.370492196934441154e+02
4.365858517840165405e+02
4.360169466532275919e+02
4.355533594016838492e+02
4.349849125598626074e+02
4.345211204761356498e+02
4.339531300235072422e+02
4.334891450578235776e+02
4.329216116096326346e+02
4.324574431616711649e+02
4.318903701929722274e+02
4.314260252603626213e+02
4.308594190162850168e+02
4.303949022414266778e+02
4.298287712101786155e+02
4.293640851027272447e+02
4.287984395515194365e+02
4.283335851814617854e+02
4.277684366893133188e+02
4.273034143328549135e+02
4.267387749178028002e+02
4.262735844911913432e+02
4.257094656213722033e+02
4.252441071500832663e+02
4.246805189003848682e+02
4.242149930255505978e+02
4.236519434269796989e+02
4.231862518329288037e+02
4.226237464373833745e+02
4.221578922776594140e+02
4.215959342724335670e+02
4.211299228221798785e+02
4.205685135928285376e+02
4.201023525088752422e+02
4.195414918376068272e+02
4.190751905702078943e+02
4.185148766300273451e+02
4.180484456721291053e+02
4.174886753338648191e+02
4.170221254264770891e+02
4.164628944725687916e+02
4.159962354985958086e+02
4.154375387077559481e+02
4.149707787372230428e+02
4.144126103271185571e+02
4.139457553630603570e+02
4.133881099762119220e+02
4.129211642636490751e+02
4.123640377536502228e+02
4.118970036677637268e+02
4.113403927874059036e+02
4.108732700098095734e+02
4.103171713829100327e+02
4.098499562056466061e+02
4.092943655148073390e+02
4.088270508578358999e+02
4.082719624520556749e+02
4.078045384609707753e+02
4.072499454145209370e+02
4.067824007037814340e+02
4.062282952660276010e+02
4.057606180464530894e+02
4.052069914247023235e+02
4.047391695438464581e+02
4.041860106673391329e+02
4.037180304512695557e+02
4.031653238756714472e+02
4.026971684470942705e+02
4.021448930271947120e+02
4.016765419623515072e+02
4.011246711336367525e+02
4.006561007698521166e+02
4.001046031949032340e+02
3.996357871033954439e+02
3.990846277804540705e+02
3.986155369234251680e+02
3.980646769346659539e+02
3.975952776242056075e+02
3.970446722852612993e+02
3.965749240423815536e+02
3.960245221668955651e+02
3.955543768305128083e+02
3.950041203725254491e+02
3.945335212678664902e+02
3.939833453305898274e+02
3.935122277017908345e+02
3.929620613934902735e+02
3.924903525193690257e+02
3.919401178242615629e+02
3.914677348686296909e+02
3.909173434397241635e+02
3.904441899657714430e+02
3.898935390912107550e+02
3.894195020127910993e+02
3.888684721030371634e+02
3.883934205934980355e+02
3.878418740143036416e+02
3.873656591440331454e+02
3.868134394147722901e+02
3.863358934400323506e+02
3.857828229709251673e+02
3.853037561543748666e+02
3.847496316425572331e+02
3.842688272543803123e+02
3.837134140809703808e+02
3.832306227304766253e+02
3.826736488786631298e+02
3.821885814998654496e+02
3.816297296654794309e+02
3.811420497605570290e+02
3.805809517230297274e+02
3.800902712528769598e+02
3.795265032339048616e+02
3.790323739692013874e+02
3.784654458029069701e+02
3.779673479005080026e+02
3.773966911896501415e+02
3.768940220371974874e+02
3.763189791058268838e+02
3.758110311823008374e+02
3.752308369025726051e+02
3.747167900456919369e+02
3.741305296579221817e+02
3.736094306614006655e+02
3.730160772687453345e+02
3.724867164044012497e+02
3.718850851222301230e+02
3.713462583062497515e+02
3.707345696086725297e+02
3.701848595766971357e+02
3.695620566744175903e+02
3.689982088954874371e+02
3.683626452345484381e+02
3.677856164264278505e+02
3.671292231868367253e+02
3.665365474052910031e+02
3.658710900387638389e+02
3.652378643076655180e+02
3.645540096903851577e+02
3.639410834213569501e+02
3.631569600599802357e+02
3.625073488250681066e+02
3.618877059006539980e+02
3.609531003033686716e+02
3.601471339103221680e+02
3.600000000000000000e+02
