-3.413173668124464869e-09
-3.413530096945929578e-09
-3.413958478119198824e-09
-3.414437522751376595e-09
-3.415006194792574416e-09
-3.415648376876044581e-09
-3.416404169069204341e-09
-3.417264210418336444e-09
-3.418269982025844666e-09
-3.419420078271833699e-09
-3.420760137068987539e-09
-3.422296970924366896e-09
-3.424082986673354935e-09
-3.426136114832717281e-09
-3.428517192605638119e-09
-3.431258960835704624e-09
-3.434434633868284333e-09
-3.438094933022436796e-09
-3.440211124655696410e-09
-3.442334636946489273e-09
-3.444764462637029478e-09
-3.447231907366365626e-09
-3.450024782703954820e-09
-3.452888748803985001e-09
-3.456101586657904470e-09
-3.459423115238977807e-09
-3.463121651362782167e-09
-3.466971024377384036e-09
-3.471231284892095170e-09
-3.475689963900177523e-09
-3.480599498580717303e-09
-3.485761552501804706e-09
-3.491421639928720803e-09
-3.494380953415550734e-09
-3.497449622253668176e-09
-3.499039658280131945e-09
-3.500630954508995051e-09
-3.502278749516232975e-09
-3.503929104480096265e-09
-3.505636782185692452e-09
-3.507348362716847865e-09
-3.509118123919440936e-09
-3.510893174403962023e-09
-3.512727298698867742e-09
-3.514568145623499486e-09
-3.516468998199882570e-09
-3.518378054355877067e-09
-3.520348089681180727e-09
-3.522327856413596901e-09
-3.524369617007234346e-09
-3.526422684348369216e-09
-3.528538807021256203e-09
-3.530667861872376411e-09
-3.532861083855481796e-09
-3.535068913533609055e-09
-3.537342073245037015e-09
-3.539631565360004254e-09
-3.541987604651247490e-09
-3.544361750944421977e-09
-3.546803719081305316e-09
-3.549265619409376517e-09
-3.551796676664205763e-09
-3.554349544055537764e-09
-3.556972967510639824e-09
-3.559620134504930790e-09
-3.562339324170577848e-09
-3.565084245549755863e-09
-3.567902726861285929e-09
-3.570748985478151574e-09
-3.573670413255508776e-09
-3.576621723254435632e-09
-3.579649885746937832e-09
-3.582710095832199569e-09
-3.585848919845498922e-09
-3.589022020028068701e-09
-3.592275575806320113e-09
-3.595565702116999720e-09
-3.597257492610872592e-09
-3.598927184923537359e-09
-3.600649332090043130e-09
-3.602349823156917125e-09
-3.604102882206038582e-09
-3.605834729418759958e-09
-3.607619265618733095e-09
-3.609383036554222921e-09
-3.611199625476626002e-09
-3.612995898140908026e-09
-3.614845125864305181e-09
-3.616674488845915569e-09
-3.618556952060703178e-09
-3.620420004631190064e-09
-3.622336310772642141e-09
-3.624233663086819850e-09
-3.626184430589161117e-09
-3.628116703965986787e-09
-3.630102562520323307e-09
-3.632070389653640174e-09
-3.634091980364983044e-09
-3.636096005456275074e-09
-3.638153980984837765e-09
-3.640194859934320782e-09
-3.642289884744043484e-09
-3.644368285443546663e-09
-3.646501036092760525e-09
-3.648617638683286035e-09
-3.650788804029932121e-09
-3.652944301074522223e-09
-3.655154582442020254e-09
-3.657349679119901967e-09
-3.659599790529101688e-09
-3.661835204903414549e-09
-3.664125873351667443e-09
-3.666402336636790911e-09
-3.668734302334721551e-09
-3.671052559108129194e-09
-3.673426575675726680e-09
-3.675787384085534477e-09
-3.678204218773217695e-09
-3.680608350789833472e-09
-3.683068784739875319e-09
-3.685517026434856638e-09
-3.688021854945475915e-09
-3.690515006755776226e-09
-3.693065039523804299e-09
-3.695603916499342723e-09
-3.698199977858462298e-09
-3.700785409915669787e-09
-3.703428339096026781e-09
-3.706061171297928646e-09
-3.708751822718063670e-09
-3.711432915573619286e-09
-3.714172159138436708e-09
-3.716902388888785369e-09
-3.719691110267736223e-09
-3.722471369152306106e-09
-3.725310470052041713e-09
-3.728141666592238084e-09
-3.731032065067306533e-09
-3.733915124395970758e-09
-3.736857755187035344e-09
-3.739793619376851719e-09
-3.742789434212611038e-09
-3.745779062554122608e-09
-3.748829030407075214e-09
-3.751873399672791792e-09
-3.754978507041493386e-09
-3.758078611810478873e-09
-3.761239863067461914e-09
-3.764396716086627771e-09
-3.767615133824770120e-09
-3.770829766336278415e-09
-3.774106391681927593e-09
-3.777379853735306101e-09
-3.780715746684197338e-09
-3.784049107490561437e-09
-3.787445347287386863e-09
-3.790839695583665358e-09
-3.794297381076731832e-09
-3.797753825441437363e-09
-3.801274075400442789e-09
-3.804793744568605132e-09
-3.808377698042159987e-09
-3.811961741286044203e-09
-3.815610558021215884e-09
-3.819260145570725286e-09
-3.822975006433746310e-09
-3.826691329870870155e-09
-3.830473437228628064e-09
-3.834257709853722917e-09
-3.838108287944757403e-09
-3.841961745151291391e-09
-3.845882040477749690e-09
-3.849805940153503291e-09
-3.853797221898782024e-09
-3.857792844840948812e-09
-3.861856405292856422e-09
-3.865925055619988106e-09
-3.870062210593621094e-09
-3.874205216157225148e-09
-3.878417305421142281e-09
-3.882636018219893464e-09
-3.886924405924129626e-09
-3.891220202520743366e-09
-3.895586277629446527e-09
-3.899960559580630861e-09
-3.904405736322810990e-09
-3.908859930633296076e-09
-3.913385648970756251e-09
-3.917921208560337912e-09
-3.922528934660945709e-09
-3.927147338839598952e-09
-3.931838565557916426e-09
-3.936541320511219768e-09
-3.938937122110064991e-09
-3.941302235348400364e-09
-3.943719514457138854e-09
-3.946106262602172090e-09
-3.948545214133142700e-09
-3.950953792656919449e-09
-3.953414613289890402e-09
-3.955845219430972478e-09
-3.958328107628954579e-09
-3.960780940408639316e-09
-3.963286096434547848e-09
-3.965761356673404268e-09
-3.968288982607280073e-09
-3.970786872942120977e-09
-3.973337172698741950e-09
-3.975857897599799497e-09
-3.978431076946299540e-09
-3.980974842734229599e-09
-3.983571109307324651e-09
-3.986138124169715673e-09
-3.988757687492360649e-09
-3.991348161499751188e-09
-3.993991232997294820e-09
-3.996605378118977650e-09
-3.999272171135267685e-09
-4.001910201255371845e-09
-4.004600931069245726e-09
-4.007263062003567988e-09
-4.009977945846121072e-09
-4.012664395359932663e-09
-4.015403652432641748e-09
-4.018114640259419850e-09
-4.020878491752853176e-09
-4.023614239613507916e-09
-4.026402908726150966e-09
-4.029163640348205250e-09
-4.031977352304830779e-09
-4.034763293441093896e-09
-4.037602275510387495e-09
-4.040413653956939678e-09
-4.043278135468418924e-09
-4.046115181082150058e-09
-4.049005393442794158e-09
-4.051868338158979718e-09
-4.054784514870195803e-09
-4.057673592720722948e-09
-4.060615969396162725e-09
-4.063531416528749841e-09
-4.066500230913192465e-09
-4.069442285611598842e-09
-4.072437777600742043e-09
-4.075406680305594628e-09
-4.078429091966309881e-09
-4.081425085296040872e-09
-4.084474660886528481e-09
-4.087497989657900163e-09
-4.090574975647447297e-09
-4.093625886895506117e-09
-4.096730531983770870e-09
-4.099809274981329197e-09
-4.102941830117494785e-09
-4.106048656394566343e-09
-4.109209374796778191e-09
-4.112344538160372494e-09
-4.115533675335798196e-09
-4.118697431890404019e-09
-4.121915245656129571e-09
-4.125107853824893258e-09
-4.128354604329528193e-09
-4.131576324875982033e-09
-4.134852274621709572e-09
-4.138103370671720214e-09
-4.141408784536416073e-09
-4.144689521600041119e-09
-4.148024666859225233e-09
-4.151335312852379574e-09
-4.154700459200985835e-09
-4.158041284467068295e-09
-4.161436704041224214e-09
-4.164807981372907139e-09
-4.168233948771962499e-09
-4.171635953433382530e-09
-4.175092745742311912e-09
-4.178525755491762860e-09
-4.182013652303958611e-09
-4.185477947417020253e-09
-4.188997230857387362e-09
-4.192493094150367740e-09
-4.196044048898494829e-09
-4.199571765751946995e-09
-4.203154679065203676e-09
-4.206714537447401904e-09
-4.210329699183851687e-09
-4.213921989674204820e-09
-4.217569692315477482e-09
-4.221194708128053124e-09
-4.224875246802324613e-09
-4.228533283809659522e-09
-4.232246956315002439e-09
-4.235938313072412535e-09
-4.239685419900676014e-09
-4.243410397671134666e-09
-4.247191242032381767e-09
-4.250950144811926645e-09
-4.254765032659334972e-09
-4.258558167202766068e-09
-4.262407407257675628e-09
-4.266235083104230113e-09
-4.270118986881096044e-09
-4.273981516379822034e-09
-4.277900398210809996e-09
-4.281798096545517628e-09
-4.285752273604857650e-09
-4.289685458818817043e-09
-4.293675251147093686e-09
-4.297644244167846220e-09
-4.301669974696742029e-09
-4.305675099361463358e-09
-4.309737093939351829e-09
-4.313778677021155400e-09
-4.317877264439780040e-09
-4.321955635674997503e-09
-4.326091147697116202e-09
-4.330206639813290038e-09
-4.334379411200828990e-09
-4.338532359944828373e-09
-4.342742728486946659e-09
-4.346933472652699518e-09
-4.351181779193298654e-09
-4.355410660648828065e-09
-4.359697249113438678e-09
-4.363964612827345887e-09
-4.368289830249700066e-09
-4.372596024317605309e-09
-4.376960220866505914e-09
-4.381305596538062487e-09
-4.385709125545124303e-09
-4.390094037252100515e-09
-4.394537255240636228e-09
-4.398962060626126456e-09
-4.403445327341104651e-09
-4.407910387289634581e-09
-4.412434065728278810e-09
-4.416939744396314337e-09
-4.421504200838893261e-09
-4.426050865685342774e-09
-4.430656469725763439e-09
-4.435244491542195558e-09
-4.439891616118267452e-09
-4.444521369058787964e-09
-4.449210390482189288e-09
-4.453882252093141893e-09
-4.458613550079322967e-09
-4.463327901329035521e-09
-4.468101859027324853e-09
-4.472859084336252655e-09
-4.477676088360475856e-09
-4.482476575631939681e-09
-4.487337016091788634e-09
-4.492181156743548218e-09
-4.497085427276790666e-09
-4.501973616273445370e-09
-4.506922114078936865e-09
-4.511854749964985601e-09
-4.516847875836201756e-09
-4.521825360769441231e-09
-4.526863519128164646e-09
-4.531886258913019781e-09
-4.536969857842791230e-09
-4.542038261963303119e-09
-4.547167713242536068e-09
-4.552282194895000048e-09
-4.557457914029841233e-09
-4.562618890155372980e-09
-4.567841296412694511e-09
-4.573049187730091446e-09
-4.578318704170994096e-09
-4.583573935210284176e-09
-4.588890988724348453e-09
-4.594193987861120651e-09
-4.599559009201459401e-09
-4.604910208691919615e-09
-4.610323632510819583e-09
-4.615723468527350307e-09
-4.621185733412286752e-09
-4.626634646079240835e-09
-4.632146194589003817e-09
-4.637644628018569359e-09
-4.643205906719387540e-09
-4.648754309047461063e-09
-4.654365768549123864e-09
-4.659964591971228144e-09
-4.665626686963308805e-09
-4.671276387770701793e-09
-4.676989577059016188e-09
-4.682690615675156435e-09
-4.688455362218622241e-09
-4.694208203236092591e-09
-4.700024974184117023e-09
-4.705830086402133941e-09
-4.711699353132544119e-09
-4.717557209595051841e-09
-4.723479447752591779e-09
-4.729390525786822991e-09
-4.735366215322045141e-09
-4.741330996577450583e-09
-4.747360621785881189e-09
-4.753379592273262735e-09
-4.759463641834720208e-09
-4.765537291965532707e-09
-4.771676258983647829e-09
-4.777805083609521789e-09
-4.783999465651552402e-09
-4.790183964104234408e-09
-4.796434263241322640e-09
-4.802674939373098016e-09
-4.808981662221111492e-09
-4.815279024445757186e-09
-4.821642682206592642e-09
-4.827997243540844617e-09
-4.834418352044163297e-09
-4.840830630149485016e-09
-4.847309709894785557e-09
-4.853780227119466513e-09
-4.860317803318425843e-09
-4.866847086739974566e-09
-4.873443689359114703e-09
-4.880032270826985947e-09
-4.886688434630720481e-09
-4.893336850809446903e-09
-4.900053115403531966e-09
-4.906761907816283456e-09
-4.913538817691720332e-09
-4.920308532764324911e-09
-4.927146637341710152e-09
-4.933977826447153810e-09
-4.940877680121520698e-09
-4.947770899624969177e-09
-4.954733061811161887e-09
-4.961688873115546606e-09
-4.968713908294147758e-09
-4.975732877886316702e-09
-4.982821355650110921e-09
-4.989904055147511403e-09
-4.997056550248393906e-09
-5.004203556446162308e-09
-5.011420648842346929e-09
-5.018632543760653210e-09
-5.025914818664093833e-09
-5.033192189595667192e-09
-5.040540237519566876e-09
-5.047883677077387675e-09
-5.055298093883894711e-09
-5.062708200049103954e-09
-5.070189586997261871e-09
-5.077666963167412297e-09
-5.085215926961441570e-09
-5.092761181999118506e-09
-5.100378334837075453e-09
-5.107992083118856808e-09
-5.115678042741525753e-09
-5.123360904207138880e-09
-5.131116293947023582e-09
-5.138868894148449197e-09
-5.146694342978591397e-09
-5.154517313128892880e-09
-5.162413455711285523e-09
-5.170307432732928677e-09
-5.178274909466316201e-09
-5.186240536038775973e-09
-5.194279993105740737e-09
-5.202317917712371756e-09
-5.210430007125705787e-09
-5.218540884100028079e-09
-5.226726263748717695e-09
-5.234910753320528697e-09
-5.243170087015965780e-09
-5.251428855358125672e-09
-5.259762812881572118e-09
-5.268096532158747100e-09
-5.276505789311608375e-09
-5.284915137732762717e-09
-5.293400376391743434e-09
-5.301886038268774174e-09
-5.310447946448620568e-09
-5.319010612264120150e-09
-5.327649884191229229e-09
-5.336290250679001610e-09
-5.345007586879782239e-09
-5.353726357122195425e-09
-5.362522464530506684e-09
-5.371320348077124497e-09
-5.380195940165114142e-09
-5.389073653176779499e-09
-5.398029450113006160e-09
-5.406987715534609326e-09
-5.416024444371720682e-09
-5.425063992134703838e-09
-5.434182387026054544e-09
-5.443303954277876650e-09
-5.452504756717654734e-09
-5.461709088069304648e-09
-5.470993047144307089e-09
-5.480280894914432691e-09
-5.489648767561328516e-09
-5.499020891923087737e-09
-5.508473443390276797e-09
-5.517930611581152658e-09
-5.530658462766009428e-09
-5.553064649548013713e-09
-5.569322689252974580e-09
-5.592075836075968565e-09
-5.608691593808907240e-09
-5.631798175327122809e-09
-5.648778055137417167e-09
-5.672244657420005807e-09
-5.689595181177448084e-09
-5.713428502186827854e-09
-5.731156306752158239e-09
-5.755363153177886504e-09
-5.773474986080862116e-09
-5.798062267831564753e-09
-5.816564980591788044e-09
-5.841539702768252544e-09
-5.860440241621940619e-09
-5.885809493925716850e-09
-5.905114888096504546e-09
-5.930885832073586093e-09
-5.950603180309727241e-09
-5.976783035560172593e-09
-5.996919492564336010e-09
-6.023515524140668241e-09
-6.044078289823551323e-09
-6.071097800567242389e-09
-6.092094116826026048e-09
-6.119544450397429592e-09
-6.140981612374335881e-09
-6.168870175200252229e-09
-6.190755566650682158e-09
-6.219089879817553901e-09
-6.241431045104843929e-09
-6.270218840059856947e-09
-6.293023607970771690e-09
-6.322272982192611749e-09
-6.345549658502033408e-09
-6.375269308144238986e-09
-6.399026953504345948e-09
-6.429226498010264452e-09
-6.453475303639256463e-09
-6.484165710531428877e-09
-6.508917474056971418e-09
-6.540111577987945692e-09
-6.551199655963020310e-09
-6.568471042765492515e-09
-6.579691661217220264e-09
-6.597093582492989850e-09
-6.608448948323737866e-09
-6.625983767581172047e-09
-6.637476299312852561e-09
-6.655146596234887544e-09
-6.666778936169931502e-09
-6.684587515998437363e-09
-6.696362536844277805e-09
-6.714312433145423367e-09
-6.726233236832968836e-09
-6.744327705138838985e-09
-6.756397611064971318e-09
-6.774640110387029082e-09
-6.786862629792150401e-09
-6.805256788461754771e-09
-6.817635581094720808e-09
-6.836185142817786215e-09
-6.848723951459998928e-09
-6.867432696896115765e-09
-6.880135254741167164e-09
-6.899006893364449756e-09
-6.911876798719850045e-09
-6.930914825238740758e-09
-6.943955377590763852e-09
-6.963162886866508342e-09
-6.976376878111263365e-09
-6.995756332417818151e-09
-7.009145787125166453e-09
-7.028698729867382128e-09
-7.042264588959515578e-09
-7.061991299782158193e-09
-7.075733043168065583e-09
-7.095632130958643608e-09
-7.109547336704159503e-09
-7.129615269572075746e-09
-7.143699110376865159e-09
-7.163929685566519288e-09
-7.178174367959628805e-09
-7.198558130120775556e-09
-7.212952288162276471e-09
-7.233475911718281922e-09
-7.248003975328728006e-09
-7.268649636013138928e-09
-7.283291204423357375e-09
-7.304035976361538355e-09
-7.318765239405317359e-09
-7.339580567045234604e-09
-7.354365830540731630e-09
-7.375217138470543640e-09
-7.390020523656478202e-09
-7.410867040481526772e-09
-7.425644439655733985e-09
-7.446439322573545883e-09
-7.461140701323651065e-09
-7.481831553144583842e-09
-7.496401690937178020e-09
-7.516931557998210443e-09
-7.531311310340725170e-09
-7.551620235174426271e-09
-7.565748379587216275e-09
-7.585775554510324369e-09
-7.599591248249523491e-09
-7.619277775612436969e-09
-7.632723607432511447e-09
-7.652015823016996736e-09
-7.665041390338217217e-09
-7.683894656828273240e-09
-7.696460554574060926e-09
-7.714843395873372583e-09
-7.726925480250569592e-09
-7.744823923337849784e-09
-7.756417733765434097e-09
-7.773839775408318312e-09
-7.784965084987357140e-09
-7.801945331898642145e-09
-7.812650979251702768e-09
-7.829255753122520579e-09
-7.839625222125737079e-09
-7.855958819655074729e-09
-7.866117536428951618e-09
-7.882330968202783849e-09
-7.892457089128145763e-09
-7.908761651969749480e-09
-7.919103458572604095e-09
-7.935793270067590418e-09
-7.946698669156831992e-09
-7.964189561450215617e-09
-7.976157709602367893e-09
-7.995056182906783643e-09
-8.008830686139759751e-09
-8.030058408209944789e-09
-8.046802338764142583e-09
-8.071832542314869880e-09
