5.155494782776388618e-01
5.161976089803015366e-01
5.168812317390186761e-01
5.175853216931680656e-01
5.183270704145884755e-01
5.190919019382470578e-01
5.198967670203440417e-01
5.207275324263648253e-01
5.216009314317742174e-01
5.225032681571493143e-01
5.234510824225717673e-01
5.244311111585677754e-01
5.254597255353958829e-01
5.265240916221496370e-01
5.276404376194916424e-01
5.287963559859815144e-01
5.300079586073226379e-01
5.312632625596191982e-01
5.325782911472430881e-01
5.339414853317371312e-01
5.353688087568467813e-01
5.368491266493744529e-01
5.383983732094757002e-01
5.400058395050221227e-01
5.416874619128144719e-01
5.434329602134615467e-01
5.452583060838819273e-01
5.471536523070886782e-01
5.491350405756234565e-01
5.511930625382908122e-01
5.533438662858335411e-01
5.555784899780363828e-01
5.579132262163294387e-01
5.603395693869844818e-01
5.628739965009338375e-01
5.655084703607193841e-01
5.682596941264486112e-01
5.711201142315592838e-01
5.741067036071689778e-01
5.772124112604457569e-01
5.804545253761723700e-01
5.838265210187140175e-01
5.873460487812997011e-01
5.910071386276681826e-01
5.948278518829762662e-01
5.988028083050132011e-01
6.029505285014193916e-01
6.072662634744465660e-01
6.117690405283262578e-01
6.164547903431285558e-01
6.213430916719945296e-01
6.264306109909975051e-01
6.317375193945600209e-01
6.372612844102201191e-01
6.430227061416923240e-01
6.490201300667672868e-01
6.552750183868176759e-01
6.617866864275299132e-01
6.685772892392947142e-01
6.756472222921761084e-01
6.830193628473384404e-01
6.906953175900129027e-01
6.986987137550632054e-01
7.070325217499028314e-01
7.157211433485497487e-01
7.247690858510394962e-01
7.342015442526561575e-01
7.440247568558533420e-01
7.542647164073659205e-01
7.649296316846233568e-01
7.760461865537117143e-01
3.908961148908854377e-01
3.938132551236486201e-01
3.968064358893228505e-01
3.998463977856994145e-01
4.029646643961135588e-01
4.061325112848090391e-01
4.093816015649626716e-01
4.126822381534485662e-01
4.177692963232271239e-01
4.283170936707001442e-01
4.358672658028136526e-01
4.474569345312841562e-01
4.559096866476430310e-01
4.686587570717513085e-01
4.781058584844106174e-01
4.921444842133860798e-01
5.026877095599038281e-01
5.181601397763933026e-01
5.299111875128671434e-01
5.469784883846583456e-01
