9.029391581797196977e+02
9.021810021721100838e+02
9.014073677274113834e+02
9.005250658791845808e+02
8.995718110014505555e+02
8.987326981406652067e+02
8.976765937226043661e+02
8.965608484222420884e+02
8.955813855758560749e+02
8.943449638814076934e+02
8.930582826488507635e+02
8.919000962503487244e+02
8.904416670987596945e+02
8.890021602299747201e+02
8.875764602777624077e+02
8.859172186552477797e+02
8.842599417876421057e+02
8.825424942119642537e+02
8.806622734008950601e+02
8.787308184895288150e+02
8.766969773670929271e+02
8.745748007132964403e+02
8.722786100231562614e+02
8.699607371963643345e+02
8.674861806426287103e+02
8.648202291398805528e+02
8.621783475942007726e+02
8.592651446290883541e+02
8.562347152253792046e+02
8.531852869268816448e+02
8.497758789009361635e+02
8.463899601355572031e+02
8.427840589582241364e+02
8.389278124319878316e+02
8.350683132817466685e+02
8.308552671263347520e+02
8.265517015840455315e+02
8.220862789270738631e+02
8.172758837261700364e+02
8.124406168042431773e+02
8.073050175763739844e+02
8.018985425829523592e+02
7.963788442038120365e+02
7.906401895570526221e+02
7.845044005724431599e+02
7.782710479201490443e+02
7.718963778505421942e+02
7.649891776913857484e+02
7.580154984625513634e+02
7.508752111354730232e+02
7.433032776025289650e+02
7.355096177052696476e+02
7.275126287883463192e+02
7.193113833023751340e+02
7.107370212904806976e+02
7.018858948855619246e+02
6.928519164479588426e+02
6.837053928042791995e+02
6.739317847923987301e+02
6.641053729477287106e+02
6.542722110206176467e+02
6.437229292387887654e+02
6.333642438658608853e+02
6.226712820800108830e+02
6.116845560114682030e+02
6.005851759714297486e+02
5.892443562181309744e+02
5.778366551198541856e+02
5.660142255265976701e+02
5.542731580476198587e+02
5.422182339821645201e+02
5.301935961638133676e+02
5.180921452004902221e+02
5.058868404979482420e+02
4.935724977206575659e+02
4.811848617541375006e+02
4.687771113930008369e+02
4.562919980915477822e+02
4.439203469978588146e+02
4.344017621437558319e+02
4.144944555643428998e+02
5.362514559339186917e+02
5.241519590669174704e+02
5.119635936263104554e+02
4.996715006412030675e+02
4.872940123400900916e+02
4.748747876719917826e+02
4.624909924287780427e+02
4.502799359315070546e+02
4.369360755171234132e+02
4.217772017744080699e+02
