5.077861513109179770e-01
1.015999025330771799e+00
1.524648073935677139e+00
2.033795478458354733e+00
2.543482414390210611e+00
3.053645225811853159e+00
3.564408236907676830e+00
4.075806878513390075e+00
4.587764817104516446e+00
5.100430531696495962e+00
5.613834873728987596e+00
6.127905902454723552e+00
6.642818913538185654e+00
7.158565691792797558e+00
7.675140905894932253e+00
8.192683617950994091e+00
8.711196306734661832e+00
9.230718032891770619e+00
9.751348941979529172e+00
1.027312420051447717e+01
1.079610992059414798e+01
1.132036467802147328e+01
1.184599948636307509e+01
1.237303476553856463e+01
1.290157344457590227e+01
1.343174143157593825e+01
1.396353395603376768e+01
1.449712943918107655e+01
1.503261345057077314e+01
1.557001137224788856e+01
1.610956540217987865e+01
1.665127787703788442e+01
1.719530810058857284e+01
1.774183903353123526e+01
1.829089591032510498e+01
1.884273690856034023e+01
1.939745114981264962e+01
1.995517849760198459e+01
2.051618856669833590e+01
2.108053750558265804e+01
2.164847650016053393e+01
2.222024459257176332e+01
2.279597560719758675e+01
2.337588541453595425e+01
2.396033082958453519e+01
2.454945720300584355e+01
2.514344884897879240e+01
2.574280373316640791e+01
2.634767263219281830e+01
2.695829340272891983e+01
2.757513448740549933e+01
2.819851178793690849e+01
2.882874139750893860e+01
2.946615658464947174e+01
3.011126157603926146e+01
3.076450165870933162e+01
3.142625922784559123e+01
3.209686970543656059e+01
3.277720562421392003e+01
3.346760810953772136e+01
3.416838676447214596e+01
3.488064972602639813e+01
3.560456176312128918e+01
3.634090534149927265e+01
3.709047469958423449e+01
3.785389680579654481e+01
3.863201202261886635e+01
3.942548885718364460e+01
4.023553916921145657e+01
4.106274862964253458e+01
4.190834911163422305e+01
4.233585377845278686e+01
4.276824300695106729e+01
4.320561616951275141e+01
4.364810502429221373e+01
4.409589077088444498e+01
4.454905535562507168e+01
4.500785678757749508e+01
4.547232756149356447e+01
4.594278275731895889e+01
4.641921087927666179e+01
4.690196971581937646e+01
4.739100809766095068e+01
4.788669342721967581e+01
4.838911293262157898e+01
4.889824065896750938e+01
4.941466213311342415e+01
4.993933842524306499e+01
5.046707569515803726e+01
5.101060910340189025e+01
5.156369249673189614e+01
