1.505975640003896790e+11
1.474726687673507385e+11
1.443137054925153503e+11
1.410778199468814087e+11
1.379952516508593140e+11
1.348980571962504272e+11
1.315978043826969147e+11
1.285213973664789886e+11
1.254133425317299957e+11
1.221383262590343628e+11
1.190922269097629242e+11
1.158975254635485992e+11
1.126753167188536987e+11
1.096568710251790314e+11
1.064009594894395294e+11
1.032404658089307251e+11
1.001537340850940094e+11
9.692873113294584656e+10
9.540978973012432861e+10
9.377477556521542358e+10
9.225685399317716980e+10
9.062098927821197510e+10
8.906840902432839966e+10
8.751946461174029541e+10
8.588300159855485535e+10
8.435228579882241821e+10
8.275837494653102112e+10
8.119962543370576477e+10
7.955960817086804199e+10
7.807852894788739014e+10
7.640430258449617004e+10
7.489757107511561584e+10
7.327966722219248962e+10
7.251150070818038940e+10
7.171615890818414307e+10
7.151862675683479309e+10
7.132479658413357544e+10
7.112147049206469727e+10
7.093322703040019226e+10
7.072453747098420715e+10
7.054143541469868469e+10
7.032784229706060791e+10
7.014941116545860291e+10
6.993139589398855591e+10
6.975714790657223511e+10
6.953520532727886963e+10
6.936464322834173584e+10
6.913927376843601990e+10
6.897189837020629883e+10
6.874360044222210693e+10
6.857891792648966980e+10
6.834818073843901825e+10
6.818570943336056519e+10
6.795300642079805756e+10
6.779228310844471741e+10
6.755806587798714447e+10
6.739865153001632690e+10
6.716334462382574463e+10
6.700482932816793060e+10
6.676882578870320892e+10
6.661083299354582977e+10
6.637449066353778839e+10
6.621668063256250763e+10
6.598031934314790344e+10
6.582239167134635162e+10
6.558629131353681183e+10
6.542798660932260895e+10
6.519238596523416901e+10
6.503348664406357574e+10
6.479858310341671753e+10
6.463891328652295685e+10
6.440486325805893707e+10
6.424428792596546173e+10
6.401120803100543976e+10
6.384963126956826019e+10
6.361760027678018951e+10
6.345496293142006683e+10
6.322402418621710205e+10
6.306030092057665253e+10
6.283046545369200897e+10
6.266566121146213531e+10
6.243691131768643188e+10
6.227105745878203583e+10
6.204335066210127258e+10
6.187650076670161438e+10
6.164977412394695282e+10
6.148199962656652832e+10
6.125617423781292725e+10
6.108755991778996277e+10
6.086254560665994263e+10
6.069318508244691467e+10
6.046888499993997955e+10
6.029887635679895020e+10
6.007519151955158234e+10
5.990463298485902405e+10
5.968146666626423645e+10
5.951045254922914124e+10
5.928771427421237183e+10
5.911633123585446167e+10
5.889394042946002960e+10
5.872226403986613464e+10
5.850015324788678741e+10
5.832824495569903564e+10
5.810636255645973969e+10
5.793426713330181122e+10
5.771257946799005890e+10
5.754032299679113770e+10
5.731881597489299011e+10
5.714640430191564178e+10
5.692508448504875946e+10
5.675250230108444214e+10
5.653139735557743835e+10
5.635860787355062866e+10
5.613776654484107208e+10
5.596471172068054199e+10
5.574420329497900391e+10
5.557080458815634918e+10
5.535071810869223785e+10
5.517687689289061737e+10
5.505581949014947510e+10
5.497962601906885529e+10
5.485940786363101196e+10
5.478238321852387238e+10
5.466300543238007355e+10
5.458514693343060303e+10
5.446661280061322784e+10
5.438791723169580841e+10
5.427023009515189362e+10
5.419069437405679321e+10
5.407385732746531677e+10
5.399347872265241241e+10
5.387749442271094513e+10
5.379627073022458649e+10
5.368114122924570465e+10
5.359907093129219055e+10
5.348479752536862183e+10
5.340187993248921967e+10
5.328846302667070007e+10
5.320469840447969055e+10
5.309213739465055847e+10
5.300752707444508362e+10
5.289582024525184631e+10
5.281036671880648041e+10
5.269951115733916473e+10
5.261321815559893036e+10
5.250320967987926483e+10
5.241608223625099945e+10
5.230691533925523376e+10
5.221895983877875519e+10
5.211062764704546356e+10
5.202185186080632782e+10
5.191434610651820374e+10
5.182475921257050323e+10
5.171807021942944336e+10
5.162768281097340393e+10
5.152179949238626099e+10
5.143062357333122253e+10
5.132553344249583435e+10
5.123358241188509369e+10
5.112927160315807343e+10
5.103656022865169525e+10
5.093301352897131348e+10
5.083955791047590637e+10
5.073675880058938599e+10
5.064257632480017853e+10
5.054050702900209045e+10
5.044561631549559784e+10
5.034425785947447205e+10
5.024867869943196869e+10
5.014801097513672638e+10
5.005176426316110229e+10
4.995176610004381561e+10
4.985487376024197388e+10
4.975552300201597595e+10
4.965800790881678009e+10
4.955928149490538025e+10
4.946116738970533752e+10
4.936304144063732147e+10
4.926435284480710602e+10
4.916680275071420288e+10
4.906756487594916534e+10
4.897056538750944519e+10
4.887080404407148743e+10
4.877432936508568573e+10
4.867407086876856995e+10
4.857809474979008484e+10
4.847736582813996124e+10
4.838186166044961548e+10
4.828068935896546173e+10
4.818563026836612701e+10
4.808404185715420532e+10
4.798940079695618439e+10
4.788742367846846771e+10
4.779317352118949127e+10
4.769083513949398804e+10
4.759694876673628235e+10
4.749427651886730194e+10
4.740072690891829681e+10
4.729774805870235443e+10
4.720450837140499878e+10
4.710124996623483276e+10
4.700829362474402618e+10
4.690478241563864136e+10
4.681208318470665741e+10
4.670834555001212311e+10
4.661587761048041534e+10
4.651193948347116852e+10
4.641967750273156738e+10
4.631556430337329102e+10
4.622348350157534027e+10
4.611922007262877655e+10
4.602729628446170807e+10
4.592290683208227539e+10
4.583111656397575378e+10
4.572662460293953705e+10
4.563494508559609222e+10
4.553037338926306915e+10
4.543878262541930389e+10
4.533415318049568939e+10
4.524262998785903931e+10
4.513796395400888824e+10
4.504648800331363678e+10
4.494180567764436340e+10
4.485035752585527039e+10
4.474567831227587128e+10
4.465423943094696808e+10
4.454958181435235596e+10
4.445813461319518280e+10
4.435351613838282776e+10
4.426204398413854980e+10
4.415748123938500214e+10
4.406596847012619781e+10
4.396147707528176117e+10
4.386990901028392029e+10
4.376550360923876190e+10
4.367386655454974365e+10
4.356956081189665985e+10
4.347784206179215240e+10
4.337364866354474640e+10
4.328183649804759979e+10
4.317776715622832489e+10
4.308585083485726929e+10
4.298191629575486755e+10
4.288988604768526459e+10
4.278609610359667206e+10
4.269394311444279480e+10
4.259030661870711517e+10
4.249802301414614105e+10
4.239454789925101471e+10
4.230212672568783569e+10
4.219882002420090485e+10
4.210625522670108795e+10
4.200312309480934906e+10
4.191040949255720520e+10
4.180745723598178101e+10
4.171459049550139618e+10
4.161182259753911591e+10
4.151879920389570618e+10
4.141621935534088135e+10
4.132303658155850220e+10
4.122064771228726959e+10
4.112730358722301483e+10
4.102510789923642731e+10
4.093160117412228394e+10
4.082960017581051636e+10
4.073593028966040802e+10
4.063412483107782745e+10
4.054029187516879272e+10
4.043868218413017273e+10
4.034468686577486420e+10
4.024327258458119965e+10
4.014911619038757324e+10
4.004789641296192169e+10
3.995358077175759125e+10
3.985255408100151062e+10
3.975808152662239838e+10
3.965724603182375336e+10
3.956261936596191406e+10
3.946197274007376099e+10
3.936719519534124756e+10
3.926673471196747589e+10
3.917180991532550049e+10
3.907153248525180054e+10
3.897646442195748138e+10
3.887636662911529541e+10
3.878115960732756042e+10
3.868123774405569458e+10
3.858589636020544434e+10
3.848614646169527435e+10
3.839067556672480774e+10
3.829109344453733826e+10
3.819549811112174988e+10
3.809607938569901276e+10
3.800036487654521179e+10
3.790110500861723328e+10
3.780527674591269684e+10
3.770617106671551514e+10
3.761023460280853271e+10
3.751127834304073334e+10
3.741523933241877747e+10
3.731642764988989258e+10
3.722029182251781464e+10
3.712161982842858887e+10
3.702539296447814941e+10
3.692685574828780365e+10
3.683054365429328918e+10
3.673213630715654755e+10
3.663574479362283325e+10
3.653746243038254547e+10
3.644099729086014557e+10
3.634283507057508850e+10
3.624630206219441986e+10
3.614825520720103455e+10
3.605166003267332458e+10
3.595372384619091034e+10
3.585707213727048492e+10
3.575924201955861664e+10
3.566253932195473480e+10
3.556481078502828979e+10
3.546806254473842621e+10
3.537043122566262817e+10
3.527364277671492004e+10
3.517610444950991821e+10
3.507928100308792114e+10
3.498183158927677155e+10
3.488497822418138123e+10
3.478761380200859833e+10
3.469073545641864014e+10
3.459345226879038239e+10
3.449655373327994537e+10
3.439934819447653961e+10
3.430243410624157333e+10
3.420530280745132828e+10
3.410837764568783569e+10
3.401131735940852737e+10
3.391438544178705978e+10
3.381739312515757370e+10
3.372045860534835052e+10
3.362353140246915436e+10
3.352659826866042709e+10
3.342973351195141220e+10
3.333280558630039978e+10
3.323600079695478058e+10
3.313908173591498184e+10
3.304233462350186157e+10
3.294542791901092911e+10
3.284873638017224503e+10
3.275184536208567810e+10
3.265520747672961426e+10
3.255833532226882553e+10
3.246174932722958374e+10
3.241325538437168121e+10
3.236504371304526901e+10
3.231655952550425339e+10
3.226835625829039001e+10
3.221988261158266068e+10
3.217168715559624100e+10
3.212322477321134186e+10
3.207503663257769775e+10
3.202658613938612747e+10
3.197840491456634903e+10
3.192996684590132141e+10
3.188179222333922958e+10
3.183336703512506485e+10
3.178519877761386490e+10
3.173678685553034210e+10
3.168862479351317978e+10
3.164022646128426361e+10
3.159207048498336411e+10
3.154368601187479782e+10
3.149553606417642975e+10
3.144716567177088547e+10
3.139902174180254745e+10
3.135066561011275864e+10
3.130252772745249176e+10
3.125418600043018723e+10
3.120605422989527893e+10
3.115772702038509750e+10
3.110960145734968185e+10
3.106128885153924179e+10
3.101316961773431015e+10
3.096487167914236832e+10
3.091675891889647293e+10
3.086847569194188309e+10
3.082036956882249069e+10
3.077210108200984955e+10
3.072400177582977676e+10
3.067574804458718872e+10
3.062765574874191666e+10
3.057941677794411469e+10
3.053133169705165482e+10
3.048310748325489426e+10
3.043502983106726456e+10
3.038682036448554230e+10
3.033875036204777527e+10
3.029055562829337692e+10
3.024249350232669067e+10
3.019431348393867874e+10
3.014625946542435455e+10
3.009809414320563507e+10
3.005004846615232849e+10
3.000189782033340836e+10
2.995386072070702362e+10
2.990572473195524979e+10
2.985769644675667572e+10
2.980957509704527283e+10
2.976155586352040863e+10
2.971344913687325668e+10
2.966543919184100342e+10
2.961734707496506882e+10
2.956934665425085449e+10
2.952126913706924438e+10
2.947327847503340912e+10
2.942521555112958527e+10
2.937723488027864456e+10
2.932918654726147842e+10
2.928121609793484879e+10
2.923318235773411942e+10
2.918522235785552216e+10
2.913720321695542526e+10
2.908925389184338379e+10
2.904124936146167374e+10
2.899331093368998337e+10
2.894532102990987396e+10
2.889739371921336746e+10
2.884941846307354736e+10
2.880150248629238129e+10
2.875354190384049606e+10
2.870563747489854431e+10
2.865769159721385574e+10
2.860979892712596893e+10
2.856186779031513977e+10
2.851398708721958542e+10
2.846607073238862610e+10
2.841820220160073853e+10
2.837030067480870438e+10
2.832244451889233398e+10
2.827455787108761597e+10
2.822671428994143295e+10
2.817884257688507080e+10
2.813101176784220886e+10
2.808315505001981354e+10
2.803533720795565414e+10
2.798749555048053360e+10
2.793969086793053436e+10
2.789186434044021606e+10
2.784407300772243500e+10
2.779626168426945496e+10
2.774848388961210251e+10
2.770068784855122375e+10
2.765292377822302246e+10
2.760514310209617996e+10
2.755739294053942871e+10
2.750962771595917511e+10
2.746189164592245102e+10
2.741414196345510483e+10
2.736642016612725067e+10
2.731868612017675781e+10
2.727097877531838226e+10
2.722326046401133728e+10
2.717556775008659363e+10
2.712786527515931702e+10
2.708018736946434021e+10
2.703250083615147018e+10
2.698483791494058609e+10
2.693716743186771011e+10
2.688951967047680283e+10
2.684186534955524063e+10
2.679423292252222061e+10
2.674659487884791565e+10
2.669897796002903366e+10
2.665135631178460312e+10
2.660375507446776581e+10
2.655614994282838821e+10
2.650856455984185791e+10
2.646097606888516998e+10
2.641340671270330048e+10
2.636583498932319260e+10
2.631828183216749573e+10
2.627072700599222946e+10
2.622319021992897415e+10
2.617565242324253082e+10
2.612813218027616882e+10
2.608061154794451523e+10
2.603310802010688400e+10
2.598560468950759125e+10
2.593811804894405365e+10
2.589063215989976501e+10
2.584316257895028305e+10
2.579569427366618347e+10
2.574824192494430923e+10
2.570079134794966888e+10
2.565335640441612625e+10
2.560592370250828171e+10
2.555850633754245758e+10
2.551109165973550797e+10
2.546369204720296097e+10
2.541629554467950821e+10
2.536891385899609375e+10
2.532153568506172943e+10
2.527417210125454712e+10
2.522681241129579163e+10
2.517946710506150818e+10
2.513212605650701523e+10
2.508479920426690292e+10
2.503747695655116653e+10
2.499016873550307846e+10
2.494286545003280258e+10
2.489557603820164490e+10
2.484829187832524109e+10
2.480102145460932541e+10
2.475375658558819962e+10
2.470650532980454254e+10
2.465925991878742981e+10
2.461202801171369171e+10
2.456480222771226883e+10
2.451758985112736893e+10
2.447038386499528885e+10
2.442319120171774673e+10
2.437600518613051224e+10
2.432883242005437851e+10
2.428166654949172592e+10
2.423451386562115860e+10
2.418736831635078812e+10
2.414023590083288574e+10
2.409311085089622879e+10
2.404599889105186844e+10
2.399889452025157928e+10
2.395180320460516739e+10
2.390471969449331665e+10
2.385764921280069733e+10
2.381058674666919708e+10
2.376353728994453049e+10
2.371649605281621933e+10
2.366946781335751724e+10
2.362244799197888947e+10
2.357544116339195633e+10
2.352844294622659302e+10
2.348145772344842911e+10
2.343448130067218018e+10
2.338751787999310303e+10
2.334056344348941040e+10
2.329362202257374191e+10
2.324668976593023682e+10
2.319977054383712006e+10
2.315286066234353256e+10
2.310596383954591370e+10
2.305907653019165039e+10
2.301220230859450531e+10
2.296533777006827545e+10
2.291848635302701569e+10
2.287164478571616745e+10
2.282481637805305862e+10
2.277799798404356384e+10
2.273119279206460571e+10
2.268439777514242935e+10
2.263761600665275574e+10
2.259084457230496979e+10
2.254408643662450790e+10
2.249733879204111099e+10
2.245060450001862717e+10
2.240388085409505081e+10
2.235717061812289047e+10
2.231047118146216965e+10
2.226378521548965454e+10
2.221711020040637207e+10
2.217044871995314407e+10
2.212379834047586823e+10
2.207716156264456940e+10
2.203053603452024460e+10
2.198392417800922775e+10
2.193732371870691681e+10
2.189073700382207489e+10
2.184416183253731155e+10
2.179760048120400238e+10
2.175105081886324310e+10
2.170451505463748169e+10
2.165799112390258026e+10
2.161148117198237610e+10
2.156498319725550461e+10
2.151849928449149323e+10
2.147202749192051315e+10
2.142556984682704163e+10
2.137912446431027985e+10
2.133269331707453537e+10
2.128627457426593399e+10
2.123987015675931549e+10
2.119347828507448578e+10
2.114710083086152267e+10
2.110073606348221207e+10
2.105438580783043671e+10
2.100804837971093369e+10
2.096172555960033798e+10
2.091541570747271729e+10
2.086912056160482407e+10
2.082283852398427963e+10
2.077657129279111481e+10
2.073031730998224258e+10
2.068407823563500214e+10
2.063785254973709869e+10
2.059164187615469742e+10
2.054544473106747055e+10
2.049926270392552567e+10
2.045309434535511780e+10
2.040694121209311295e+10
2.036080188755712128e+10
2.031467789738745880e+10
2.026856785622144318e+10
2.022247326013670349e+10
2.017639275349917984e+10
2.013032780428011703e+10
2.008427708515850830e+10
2.003824203738158417e+10
1.999222136059750748e+10
1.994621647064183044e+10
1.990022609285697937e+10
1.985425161891215134e+10
1.980829179863339996e+10
1.976234800070626450e+10
1.971641899829119492e+10
1.967050613821253586e+10
1.962460821587479782e+10
1.957872655730647278e+10
1.953285997912071228e+10
1.948700978756182861e+10
1.944117481946945953e+10
1.939535636226306534e+10
1.934955327207650375e+10
1.930376681841548157e+10
1.925799587582366180e+10
1.921224169675717926e+10
1.916650317333045197e+10
1.912078154176953506e+10
1.907507571096393204e+10
1.902938690168742371e+10
1.898371403884962845e+10
1.893805832850962830e+10
1.889241871088147354e+10
1.884679637800856018e+10
1.880119028473130035e+10
1.875560160974025726e+10
1.871002932185864639e+10
1.866447458705287552e+10
1.861893638751979828e+10
1.857341587709671402e+10
1.852791205077661514e+10
1.848242605083181381e+10
1.843695688450502777e+10
1.839150568303713226e+10
1.834607146540280914e+10
1.830065535231778717e+10
1.825525637399823380e+10
1.820987564111308670e+10
1.816451219465680695e+10
1.811916713570416641e+10
1.807383951558873749e+10
1.802853042621994781e+10
1.798323892885555267e+10
1.793796610664447021e+10
1.789271103037643051e+10
1.784747477482285690e+10
1.780225641993448639e+10
1.775705703246701813e+10
1.771187570118191910e+10
1.766671348516106033e+10
1.762156948164560318e+10
1.757644474236638641e+10
1.753133837273169708e+10
1.748625141742599106e+10
1.744118298972995758e+10
1.739613412756900024e+10
1.735110395181792450e+10
1.730609349391421890e+10
1.726110188206428146e+10
1.721613014147326660e+10
1.717117740743182945e+10
1.712624469915365791e+10
1.708133115878044319e+10
1.703643779976118469e+10
1.699156377086886406e+10
1.694671008000149345e+10
1.690187588235677910e+10
1.685706218048237228e+10
1.681226813580583954e+10
1.676749474571373367e+10
1.672274117768029404e+10
1.667800842410858154e+10
1.663329565834744644e+10
1.658860386798325348e+10
1.654393223207747078e+10
1.649928173355650520e+10
1.645465155704229927e+10
1.641004268094857979e+10
1.636545429531484985e+10
1.632088737417989349e+10
1.627634111286661720e+10
1.623181648116838837e+10
1.618731267956575966e+10
1.614283067372759056e+10
1.609836966917399406e+10
1.605393062756293106e+10
1.600951275934328842e+10
1.596511702226807785e+10
1.592074263161155128e+10
1.587639054132087135e+10
1.583205997139838982e+10
1.578775187207819366e+10
1.574346546799974632e+10
1.569920170577038765e+10
1.565495981458185387e+10
1.561074073749539375e+10
1.556654370817538261e+10
1.552236966621192360e+10
1.547821784966784477e+10
1.543408919473213196e+10
1.538998294379643822e+10
1.534590002971357727e+10
1.530183969913944817e+10
1.525780288165097046e+10
1.521378882810756493e+10
1.516979846486637497e+10
1.512583104693408585e+10
1.508188749749984741e+10
1.503796707566494942e+10
1.499407070149852371e+10
1.495019763814754677e+10
1.490634880260550117e+10
1.486252346201935959e+10
1.481872253034788322e+10
1.477494527869562531e+10
1.473119261802417183e+10
1.468746382335618591e+10
1.464375980269081497e+10
1.460007983493205261e+10
1.455642482514832878e+10
1.451279405609093094e+10
1.446918842992646599e+10
1.442560723322177505e+10
1.438205136526843071e+10
1.433852011641940689e+10
1.429501438311506081e+10
1.425153345946737862e+10
1.420807823908751488e+10
1.416464801982103348e+10
1.412124369246959877e+10
1.407786455858897591e+10
1.403451150618913269e+10
1.399118384051428032e+10
1.394788244679866600e+10
1.390460663395477676e+10
1.386135728445526505e+10
1.381813371086242485e+10
1.377493679289986038e+10
1.373176584676220512e+10
1.368862174943505287e+10
1.364550382072961807e+10
1.360241293490288734e+10
1.355934841536798668e+10
1.351631113366140556e+10
1.347330041678440666e+10
1.343031713356010437e+10
1.338736061456533432e+10
1.334443172591542053e+10
1.330152980175096512e+10
1.325865570548423576e+10
1.321580877480885506e+10
1.317298987043735886e+10
1.313019833360653687e+10
1.308743502233181572e+10
1.304469928138372612e+10
1.300199196608216858e+10
1.295931242472296715e+10
1.291666150993123817e+10
1.287403857352006531e+10
1.283144446541963959e+10
1.278887854095290565e+10
1.274634164735428810e+10
1.270383314344980240e+10
1.266135387377651405e+10
1.261890320065697670e+10
1.257648196592874146e+10
1.253408953540500832e+10
1.249172674822067833e+10
1.244939297367404366e+10
1.240708904819402504e+10
1.236481434455872536e+10
1.232256969648688316e+10
1.228035448023150063e+10
1.223816952679659081e+10
1.219601421590525627e+10
1.215388937584175110e+10
1.211179438979496956e+10
1.206973008332373810e+10
1.202769584307837486e+10
1.198569249188636780e+10
1.194371941985565186e+10
1.190177744707574654e+10
1.185986596710817337e+10
1.181798579729789162e+10
1.177613633465629578e+10
1.173431839377632523e+10
1.169253137511567688e+10
1.165077609050786972e+10
1.160905194385330963e+10
1.156735974421814156e+10
1.152569889894199753e+10
1.148407021431550407e+10
1.144247310111417580e+10
1.140090836284451675e+10
1.135937541371441078e+10
1.131787505443754196e+10
1.127640670265085983e+10
1.123497115626620674e+10
1.119356783634609985e+10
1.115219753799126434e+10
1.111085968568634987e+10
1.106955507171145058e+10
1.102828312397010231e+10
1.098704463191175842e+10
1.094583902685534477e+10
1.090466709540985107e+10
1.086352827230600739e+10
1.082242334130217361e+10
1.078135174053725624e+10
1.074031425090861130e+10
1.069931031395970154e+10
1.065834070771623230e+10
1.061740487712243843e+10
1.057650359732168198e+10
1.053563631665515900e+10
1.049480380737296486e+10
1.045400552120923042e+10
1.041324222750967598e+10
1.037251338139734459e+10
1.033181974930245781e+10
1.029116078973276520e+10
1.025053726619140053e+10
1.020994864056665802e+10
1.016939567342314529e+10
1.012887783002507973e+10
1.008839586798694420e+10
1.004794925594433022e+10
1.000753874854980087e+10
9.967163817805562973e+09
9.926825215390304565e+09
9.886522416668144226e+09
9.846256170331739426e+09
9.806025955102022171e+09
9.765832516673624039e+09
9.725675337118957520e+09
9.685555159122400284e+09
9.645471468102596283e+09
9.605425003721235275e+09
9.565415254737630844e+09
9.525442957778341293e+09
9.485507604937702179e+09
9.445609929794511795e+09
9.405749427772241592e+09
9.365926829389438629e+09
9.326141633392494202e+09
9.286394567226936340e+09
9.246685132956029892e+09
9.207014054939376831e+09
9.167380838550546646e+09
9.127786205050405502e+09
9.088229663116313934e+09
9.048711930897409439e+09
9.009232520367902756e+09
8.969792146552213669e+09
8.930390324714420319e+09
8.891027766741081238e+09
8.851703991179018021e+09
8.812419706763755798e+09
8.773174435317291260e+09
8.733968882410940170e+09
8.694802573134359360e+09
8.655676209881315231e+09
8.616589321001308441e+09
8.577542605697204590e+09
8.538535595570309639e+09
8.499568986619245529e+09
8.460642313688845634e+09
8.421756269560056686e+09
8.382910392312807083e+09
8.344105371496890068e+09
8.305340748418634415e+09
8.266617209383245468e+09
8.227934298914517403e+09
8.189292700059504509e+09
8.150691960550481796e+09
8.112132760162644386e+09
8.073614649827454567e+09
8.035138306034742355e+09
7.996703282905591965e+09
7.958310253630800247e+09
7.919958775511292458e+09
7.881649518425246239e+09
7.843382042843537331e+09
7.805157015317996025e+09
7.766973999479224205e+09
7.728833658539034843e+09
7.690735559277356148e+09
7.652680361552332878e+09
7.614667635282585144e+09
7.576698036958858490e+09
7.538771139627670288e+09
7.500887596398681641e+09
7.463046983435158730e+09
7.425249950452043533e+09
7.387496076718076706e+09
7.349786008539703369e+09
7.312119328279711723e+09
7.274496678822421074e+09
7.236917645612804413e+09
7.199382868099408150e+09
7.161891934797499657e+09
7.124445481706177711e+09
7.087043100398833275e+09
7.049685423411493301e+09
7.012372045363190651e+09
6.975103595313370705e+09
6.937879670914126396e+09
6.900700897734622955e+09
6.863566876447205544e+09
6.826478229117331505e+09
6.789434559424403191e+09
6.752436485916631699e+09
6.715483615267288208e+09
6.678576562493927002e+09
6.641714937250107765e+09
6.604899351009257317e+09
6.568129416391550064e+09
6.531405741312988281e+09
6.494727941346349716e+09
6.458096620836909294e+09
6.421511398295868874e+09
6.384972874484506607e+09
6.348480670838143349e+09
6.312035384520895958e+09
6.275636639877490997e+09
6.239285030461771011e+09
6.202980183513152122e+09
6.166722688962222099e+09
6.130512176927903175e+09
6.094349233704542160e+09
6.058233492275423050e+09
6.022165535285769463e+09
5.986144998567757607e+09
5.950172461104715347e+09
5.914247561561993599e+09
5.878370875248327255e+09
5.842542043646396637e+09
5.806761638377758980e+09
5.771029303726283073e+09
5.735345607613911629e+09
5.699710197109386444e+09
5.664123636422605515e+09
5.628585575390704155e+09
5.593096574499290466e+09
5.557656286337205887e+09
5.522265267653571129e+09
5.486923173772027969e+09
5.451630557693162918e+09
5.416387077458357811e+09
5.381193282307736397e+09
5.346048832983096123e+09
5.310954274952373505e+09
5.275909271640279770e+09
5.240914364730870247e+09
5.205969220314131737e+09
5.171074376278785706e+09
5.136229501362176895e+09
5.101435129646288872e+09
5.066690932497856140e+09
5.031997440180923462e+09
4.997354326673331261e+09
4.962762118410189629e+09
4.928220491962015152e+09
4.893729969924083710e+09
4.859290231441092491e+09
4.824901795257702827e+09
4.790564343073998451e+09
4.756278389773588181e+09
4.722043619593013763e+09
4.687860543544390678e+09
4.653728848381717682e+09
4.619649041235459328e+09
4.585620811357773781e+09
4.551644661987495422e+09
4.517720284855619431e+09
4.483848179299570084e+09
4.450028039509566307e+09
4.416260360912090302e+09
4.382544840136933327e+09
4.348881968690233231e+09
4.315271445621548653e+09
4.281713758507495880e+09
4.248208608797467232e+09
4.214756480129658699e+09
4.181357076333179951e+09
4.148010877099111080e+09
4.114717588616100788e+09
4.081477686619602203e+09
4.048290879637477398e+09
4.015157639441379070e+09
3.982077676877912998e+09
3.949051459746939659e+09
3.916078701193248749e+09
3.883159865037193775e+09
3.850294666701094627e+09
3.817483566018293381e+09
3.784726280667874336e+09
3.752023266488985538e+09
3.719374243396591663e+09
3.686779663228685856e+09
3.654239248115110874e+09
3.621753445886011600e+09
3.589321980865099430e+09
3.556945296868203163e+09
3.524623120391693592e+09
3.492355891230959892e+09
3.460143338033745289e+09
3.427985896569073200e+09
3.395883297614693165e+09
3.363835972907591343e+09
3.331843655334016323e+09
3.299906772593537807e+09
3.268025059659267426e+09
3.236198940188187599e+09
3.204428151218536377e+09
3.172713112359747410e+09
3.141053562693279743e+09
3.109449917776302338e+09
3.077901918711451530e+09
3.046409976999082088e+09
3.014973835740754604e+09
2.983593902375671864e+09
2.952269921981877804e+09
2.921002297933171272e+09
2.889790777261449814e+09
2.858635759271030426e+09
2.827536992924714088e+09
2.796494873453341007e+09
2.765509151727398872e+09
2.734580218900361538e+09
2.703707827726948738e+09
2.672892365278395653e+09
2.642133586174730778e+09
2.611431873382454872e+09
2.580786983417153835e+09
2.550199295019946098e+09
2.519668566669344425e+09
2.489195173595285416e+09
2.458778871068682671e+09
2.428420052861678123e+09
2.413268810775551319e+09
2.398119224219073772e+09
2.382995387085345745e+09
2.367875686746503353e+09
2.352779557763938427e+09
2.337689554455965042e+09
2.322621359389687538e+09
2.307560909447003365e+09
2.292520838973708153e+09
2.277489829662766457e+09
2.262478045003834724e+09
2.247476390209111214e+09
2.232493027777344704e+09
2.217520663208443165e+09
2.202565839171619892e+09
2.187622718203226566e+09
2.172696532185882568e+09
2.157782622569217682e+09
2.142885160708876848e+09
2.128000441276892900e+09
2.113131780258408070e+09
2.098276237032542467e+09
2.083436442404276609e+09
2.068610087340007067e+09
2.053799173102281332e+09
2.039003967737693787e+09
2.024236262663253784e+09
2.009500847303171396e+09
1.994788998269509077e+09
1.980114271283199310e+09
1.965458890580251217e+09
1.950844498888377428e+09
1.936246119458735943e+09
1.921691786692822695e+09
1.907150858778230906e+09
1.892656380504066229e+09
1.878173284705205679e+09
1.863738513801806211e+09
1.849313574414599419e+09
1.834938409377807379e+09
1.820571904637766361e+09
1.806256280404641628e+09
1.791948450705089092e+09
1.777692331200328112e+09
1.763443385781866074e+09
1.749246757849196672e+09
1.735056880233599901e+09
1.720919748705653906e+09
1.706789101102483988e+09
1.692711484799482107e+09
1.678640211676381588e+09
1.664622140160944462e+09
1.650610371133764505e+09
1.636651882080987453e+09
1.622699734251226425e+09
1.608800871319086790e+09
1.594908451162626266e+09
1.581069262269051075e+09
1.567236667161055565e+09
1.553457203091285467e+09
1.539684522536407471e+09
1.525964835818569183e+09
1.512252152442842245e+09
1.498592296441220760e+09
1.484939686791483402e+09
1.471339714976522446e+09
1.457747250164727449e+09
1.444207215526490211e+09
1.430674961749269247e+09
1.417194916327482462e+09
1.403722935285698652e+09
1.390302929794623137e+09
1.376891279033002377e+09
1.363531362563584566e+09
1.350180095746785879e+09
1.336880315532009840e+09
1.323589482670521736e+09
1.310349883902654648e+09
1.297119531539354563e+09
1.283940157230042696e+09
1.270770328596365213e+09
1.257651219472463846e+09
1.244541954621476889e+09
1.231483149050941467e+09
1.218434484973394394e+09
1.205436018916863918e+09
1.192447989645213842e+09
1.179509896629915476e+09
1.166582533334559679e+09
1.153704844448006868e+09
1.140838175529300928e+09
1.128020919430975676e+09
1.115214970610139608e+09
1.102458173559909821e+09
1.089712967971524000e+09
1.077016653874074221e+09
1.064332212162633181e+09
1.051696402627576947e+09
1.039072743050338864e+09
1.026497457468104243e+09
1.013934596006370425e+09
1.001419851640236020e+09
9.889178021211537123e+08
9.764636142161701918e+08
9.640223884471191168e+08
9.516287703569322824e+08
9.392483782746388912e+08
9.269153416075193882e+08
9.145957914441357851e+08
9.023233462298548222e+08
8.900646446984015703e+08
8.778527995778938532e+08
8.656549520796815157e+08
8.535037145198090076e+08
8.413667253767378330e+08
8.292761019128577709e+08
8.171999746278400421e+08
8.051699711373502016e+08
7.931547086865202188e+08
7.811853306970554590e+08
7.692309358579673767e+08
7.573221888945761919e+08
7.454286646152170897e+08
7.335805545915338993e+08
7.217479044057307243e+08
7.099604380650382042e+08
6.981886665607483387e+08
6.864618519738348722e+08
6.747509653219330311e+08
6.630848124498738050e+08
6.514348190023134947e+08
6.398293403337192535e+08
6.282402513015327454e+08
6.166954625755468607e+08
6.051672927990310192e+08
5.936832138273966312e+08
5.822159826530191898e+08
5.707926382569600344e+08
5.593863705382044315e+08
5.480237916187587976e+08
5.366785188612616062e+08
5.253767436251567006e+08
5.140925053002560735e+08
5.028515806674969792e+08
4.916284257227630019e+08
4.804484089469727278e+08
4.692863975476194620e+08
4.581673580859619975e+08
4.470665636273161769e+08
4.360085853037573695e+08
4.249690967425732017e+08
4.139722802562823892e+08
4.029942048177067041e+08
3.920586706586486101e+08
3.811421369855762720e+08
3.702680288311065435e+08
3.594131906580778956e+08
3.486006793344317079e+08
3.378077197823013663e+08
3.270570079063957930e+08
3.163261444944903851e+08
3.056374719162027240e+08
2.949689624901389480e+08
2.843426126085488200e+08
2.737367622835500240e+08
2.631730697385290563e+08
2.526302387763603628e+08
2.421295982155517936e+08
2.316502126246688664e+08
2.212130880812052786e+08
2.107976498807527423e+08
2.004245918060889244e+08
1.900736893705448806e+08
1.797653410347230136e+08
1.694796850465415716e+08
1.592367962004168928e+08
1.490171908018830419e+08
1.388407113085663617e+08
1.286881105795656443e+08
1.185789830079225749e+08
1.084947224662401825e+08
9.845425958709600568e+07
8.843914492588815093e+07
7.846932166000303626e+07
6.852574221017569304e+07
5.862617815412799269e+07
4.875655452686018497e+07
3.893389563966659456e+07
2.913423930564567819e+07
1.938681361836263910e+07
9.678938700149510056e+06
0.000000000000000000e+00
