4.884668797100047814e+05
4.884668790030528326e+05
4.884668769027761300e+05
4.884668734503294691e+05
4.884668686872684048e+05
4.884668626558133983e+05
4.884668553986823536e+05
4.884668469590406166e+05
4.884668373804271687e+05
4.884668267066879198e+05
4.884668149819106911e+05
4.884668022503555403e+05
4.884667885563943419e+05
4.884667739444440813e+05
4.884667584589084145e+05
4.884667421441134065e+05
4.884667250442406512e+05
4.884667072033202276e+05
4.884666980179979000e+05
4.884666886638160213e+05
4.884666791461714893e+05
4.884666694704514812e+05
4.884666596420235583e+05
4.884666496662250138e+05
4.884666395483622910e+05
4.884666292937080143e+05
4.884666189075005241e+05
4.884666083949381718e+05
4.884665977611796116e+05
4.884665870113378624e+05
4.884665761504785623e+05
4.884665651836165925e+05
4.884665541157127591e+05
4.884665485453569563e+05
4.884665429515735595e+05
4.884665415495342459e+05
4.884665401460780995e+05
4.884665387412135024e+05
4.884665373349508154e+05
4.884665359272986534e+05
4.884665345182665624e+05
4.884665331078637973e+05
4.884665316960996715e+05
4.884665302829831489e+05
4.884665288685237174e+05
4.884665274527304573e+05
4.884665260356126819e+05
4.884665246171792387e+05
4.884665231974396738e+05
4.884665217764026602e+05
4.884665203540776856e+05
4.884665189304733649e+05
4.884665175055994769e+05
4.884665160794641124e+05
4.884665146520773415e+05
4.884665132234473131e+05
4.884665117935833405e+05
4.884665103624942130e+05
4.884665089301891276e+05
4.884665074966766988e+05
4.884665060619660653e+05
4.884665046260660747e+05
4.884665031889853999e+05
4.884665017507327138e+05
4.884665003113170387e+05
4.884664988707470475e+05
4.884664974290316459e+05
4.884664959861793322e+05
4.884664945421988377e+05
4.884664930970988935e+05
4.884664916508882307e+05
4.884664902035751729e+05
4.884664887551684515e+05
4.884664873056767392e+05
4.884664858551081270e+05
4.884664844034719863e+05
4.884664829507757677e+05
4.884664814970286097e+05
4.884664800422388944e+05
4.884664785864143632e+05
4.884664771295642131e+05
4.884664756716963020e+05
4.884664742128187208e+05
4.884664727529404918e+05
4.884664712920690072e+05
4.884664698302130564e+05
4.884664683673805557e+05
4.884664669035795960e+05
4.884664654388186755e+05
4.884664639731050120e+05
4.884664625064477441e+05
4.884664610388541478e+05
4.884664595703321393e+05
4.884664581008900423e+05
4.884664566305357730e+05
4.884664551592765492e+05
4.884664536871211603e+05
4.884664522140763584e+05
4.884664507401511073e+05
4.884664492653519846e+05
4.884664477896870230e+05
4.884664463131641969e+05
4.884664448357909569e+05
4.884664433575742296e+05
4.884664418785225716e+05
4.884664403986426187e+05
4.884664389179422287e+05
4.884664374364286778e+05
4.884664359541092417e+05
4.884664344709912548e+05
4.884664329870820511e+05
4.884664315023883828e+05
4.884664300169182243e+05
4.884664285306780948e+05
4.884664270436749794e+05
4.884664255559163284e+05
4.884664240674088942e+05
4.884664225781594869e+05
4.884664210881750332e+05
4.884664203429091722e+05
4.884664195974624017e+05
4.884664188518349547e+05
4.884664181060282863e+05
4.884664173600425711e+05
4.884664166138793807e+05
4.884664158675388899e+05
4.884664151210223208e+05
4.884664143743302557e+05
4.884664136274638586e+05
4.884664128804236534e+05
4.884664121332103969e+05
4.884664113858251367e+05
4.884664106382683967e+05
4.884664098905414576e+05
4.884664091426446103e+05
4.884664083945787279e+05
4.884664076463448582e+05
4.884664068979436997e+05
4.884664061493759509e+05
4.884664054006423103e+05
4.884664046517437673e+05
4.884664039026807295e+05
4.884664031534547103e+05
4.884664024040655931e+05
4.884664016545147169e+05
4.884664009048026637e+05
4.884664001549298991e+05
4.884663994048978202e+05
4.884663986547064269e+05
4.884663979043572326e+05
4.884663971538503538e+05
4.884663964031867217e+05
4.884663956523670349e+05
4.884663949013922829e+05
4.884663941502626403e+05
4.884663933989792713e+05
4.884663926475428161e+05
4.884663918959536240e+05
4.884663911442130338e+05
4.884663903923213365e+05
4.884663896402790560e+05
4.884663888880872400e+05
4.884663881357466453e+05
4.884663873832573299e+05
4.884663866306208074e+05
4.884663858778370195e+05
4.884663851249069558e+05
4.884663843718311982e+05
4.884663836186106782e+05
4.884663828652455122e+05
4.884663821117367479e+05
4.884663813580848509e+05
4.884663806042908109e+05
4.884663798503547441e+05
4.884663790962774656e+05
4.884663783420599066e+05
4.884663775877020671e+05
4.884663768332051695e+05
4.884663760785694467e+05
4.884663753237955389e+05
4.884663745688839117e+05
4.884663738138357876e+05
4.884663730586509337e+05
4.884663723033303395e+05
4.884663715478745289e+05
4.884663707922843168e+05
4.884663700365595287e+05
4.884663692807017942e+05
4.884663685247104731e+05
4.884663677685872535e+05
4.884663670123317279e+05
4.884663662559450022e+05
4.884663654994272511e+05
4.884663647427793476e+05
4.884663639860014664e+05
4.884663632290944224e+05
4.884663624720584485e+05
4.884663617148941266e+05
4.884663609576020390e+05
4.884663602001826512e+05
4.884663594426364871e+05
4.884663586849636049e+05
4.884663579271651688e+05
4.884663571692407713e+05
4.884663564111918677e+05
4.884663556530181668e+05
4.884663548947201925e+05
4.884663541362987016e+05
4.884663533777535777e+05
4.884663526190859266e+05
4.884663518602959230e+05
4.884663511013833922e+05
4.884663503423495567e+05
4.884663495831944165e+05
4.884663488239181461e+05
4.884663480645215604e+05
4.884663473050048924e+05
4.884663465453683166e+05
4.884663457856124151e+05
4.884663450257372460e+05
4.884663442657433916e+05
4.884663435056313174e+05
4.884663427454008488e+05
4.884663419850526843e+05
4.884663412245871732e+05
4.884663404640043154e+05
4.884663397033046349e+05
4.884663389424885390e+05
4.884663381815557368e+05
4.884663374205073924e+05
4.884663366593425744e+05
4.884663358980628545e+05
4.884663351366675925e+05
4.884663343751572538e+05
4.884663336135321879e+05
4.884663328517923364e+05
4.884663320899381069e+05
4.884663313279698486e+05
4.884663305658872705e+05
4.884663298036911292e+05
4.884663290413811919e+05
4.884663282789577497e+05
4.884663275164209772e+05
4.884663267537710490e+05
4.884663259910081397e+05
4.884663252281321911e+05
4.884663244651434943e+05
4.884663237020420493e+05
4.884663229388280306e+05
4.884663221755015547e+05
4.884663214120625053e+05
4.884663206485112314e+05
4.884663198848475586e+05
4.884663191210718360e+05
4.884663183571835980e+05
4.884663175931834849e+05
4.884663168290710310e+05
4.884663160648465273e+05
4.884663153005097411e+05
4.884663145360607887e+05
4.884663137714999029e+05
4.884663130068266182e+05
4.884663122420412255e+05
4.884663114771433757e+05
4.884663107121330686e+05
4.884663099470104207e+05
4.884663091817754321e+05
4.884663084164274042e+05
4.884663076509669190e+05
4.884663068853935692e+05
4.884663061197070056e+05
4.884663053539074026e+05
4.884663045879944111e+05
4.884663038219680311e+05
4.884663030558281462e+05
4.884663022895740578e+05
4.884663015232061152e+05
4.884663007567237364e+05
4.884662999901270377e+05
4.884662992234154372e+05
4.884662984565888764e+05
4.884662976896470063e+05
4.884662969225896522e+05
4.884662961554163485e+05
4.884662953881267458e+05
4.884662946207209025e+05
4.884662938531980035e+05
4.884662930855581071e+05
4.884662923178004567e+05
4.884662915499250521e+05
4.884662907819314860e+05
4.884662900138188270e+05
4.884662892455874826e+05
4.884662884772361140e+05
4.884662877087649540e+05
4.884662869401733042e+05
4.884662861714606406e+05
4.884662854026265559e+05
4.884662846336704097e+05
4.884662838645920856e+05
4.884662830953903031e+05
4.884662823260652949e+05
4.884662815566158388e+05
4.884662807870419929e+05
4.884662800173425348e+05
4.884662792475174647e+05
4.884662784775653854e+05
4.884662777074862970e+05
4.884662769372793264e+05
4.884662761669437168e+05
4.884662753964789445e+05
4.884662746258839616e+05
4.884662738551584189e+05
4.884662730843015015e+05
4.884662723133117543e+05
4.884662715421896428e+05
4.884662707709334209e+05
4.884662699995424482e+05
4.884662692280163174e+05
4.884662684563533403e+05
4.884662676845534006e+05
4.884662669126152759e+05
4.884662661405382096e+05
4.884662653683210956e+05
4.884662645959629444e+05
4.884662638234628830e+05
4.884662630508199800e+05
4.884662622780333040e+05
4.884662615051014582e+05
4.884662607320238021e+05
4.884662599587988807e+05
4.884662591854260536e+05
4.884662584119036328e+05
4.884662576382312109e+05
4.884662568644070416e+05
4.884662560904300772e+05
4.884662553162990953e+05
4.884662545420132810e+05
4.884662537675708300e+05
4.884662529929709272e+05
4.884662522182120010e+05
4.884662514432928292e+05
4.884662506682119565e+05
4.884662498929683352e+05
4.884662491175602190e+05
4.884662483419866767e+05
4.884662475662459037e+05
4.884662467903364450e+05
4.884662460142570199e+05
4.884662452380061150e+05
4.884662444615819259e+05
4.884662440733046969e+05
4.884662436849835212e+05
4.884662432966182823e+05
4.884662429082084564e+05
4.884662425197546836e+05
4.884662421312562656e+05
4.884662417427125038e+05
4.884662413541242131e+05
4.884662409654903458e+05
4.884662405768113676e+05
4.884662401880861726e+05
4.884662397993156337e+05
4.884662394104987034e+05
4.884662390216354979e+05
4.884662386327257263e+05
4.884662382437691558e+05
4.884662378547659027e+05
4.884662374657150940e+05
4.884662370766170789e+05
4.884662366874715663e+05
4.884662362982779741e+05
4.884662359090363607e+05
4.884662355197463185e+05
4.884662351304077310e+05
4.884662347410204820e+05
4.884662343515843386e+05
4.884662339620984858e+05
4.884662335725636804e+05
4.884662331829786999e+05
4.884662327933441265e+05
4.884662324036587961e+05
4.884662320139236399e+05
4.884662316241373774e+05
4.884662312343000667e+05
4.884662308444118244e+05
4.884662304544717190e+05
4.884662300644803327e+05
4.884662296744366176e+05
4.884662292843409232e+05
4.884662288941925508e+05
4.884662285039915587e+05
4.884662281137375394e+05
4.884662277234297944e+05
4.884662273330690805e+05
4.884662269426541752e+05
4.884662265521853697e+05
4.884662261616621399e+05
4.884662257710841368e+05
4.884662253804513603e+05
4.884662249897632282e+05
4.884662245990196243e+05
4.884662242082203156e+05
4.884662238173650112e+05
4.884662234264530125e+05
4.884662230354847852e+05
4.884662226444592816e+05
4.884662222533767344e+05
4.884662218622367945e+05
4.884662214710388216e+05
4.884662210797828157e+05
4.884662206884684856e+05
4.884662202970951330e+05
4.884662199056632235e+05
4.884662195141714183e+05
4.884662191226202413e+05
4.884662187310090521e+05
4.884662183393377927e+05
4.884662179476056481e+05
4.884662175558125600e+05
4.884662171639587614e+05
4.884662167720427969e+05
4.884662163800653070e+05
4.884662159880252439e+05
4.884662155959230731e+05
4.884662152037578635e+05
4.884662148115293239e+05
4.884662144192373380e+05
4.884662140268815565e+05
4.884662136344615719e+05
4.884662132419768604e+05
4.884662128494273056e+05
4.884662124568122672e+05
4.884662120641322690e+05
4.884662116713856813e+05
4.884662112785730860e+05
4.884662108856934356e+05
4.884662104927471373e+05
4.884662100997333764e+05
4.884662097066518036e+05
4.884662093135019531e+05
4.884662089202838833e+05
4.884662085269968957e+05
4.884662081336405245e+05
4.884662077402149444e+05
4.884662073467187001e+05
4.884662069531523739e+05
4.884662065595155000e+05
4.884662061658073799e+05
4.884662057720275479e+05
4.884662053781761788e+05
4.884662049842518172e+05
4.884662045902555692e+05
4.884662041961855139e+05
4.884662038020423497e+05
4.884662034078250872e+05
4.884662030135334935e+05
4.884662026191676268e+05
4.884662022247259156e+05
4.884662018302091747e+05
4.884662014356158907e+05
4.884662010409466457e+05
4.884662006462004501e+05
4.884662002513770713e+05
4.884661998564761598e+05
4.884661994614968426e+05
4.884661990664391196e+05
4.884661986713025253e+05
4.884661982760864194e+05
4.884661978807905689e+05
4.884661974854141590e+05
4.884661970899572480e+05
4.884661966944192536e+05
4.884661962987994775e+05
4.884661959030976868e+05
4.884661955073128920e+05
4.884661951114457916e+05
4.884661947154945228e+05
4.884661943194601336e+05
4.884661939233407029e+05
4.884661935271365801e+05
4.884661931308468920e+05
4.884661927344718133e+05
4.884661923380101798e+05
4.884661919414616423e+05
4.884661915448259097e+05
4.884661911481023417e+05
4.884661907512905309e+05
4.884661903543901280e+05
4.884661899574000854e+05
4.884661895603204030e+05
4.884661891631507315e+05
4.884661887658900232e+05
4.884661883685380453e+05
4.884661879710945068e+05
4.884661875735581852e+05
4.884661871759292553e+05
4.884661867782071931e+05
4.884661863803907763e+05
4.884661859824802959e+05
4.884661855844747042e+05
4.884661851863734773e+05
4.884661847881765570e+05
4.884661843898826628e+05
4.884661839914920274e+05
4.884661835930033703e+05
4.884661831944167498e+05
4.884661827957312926e+05
4.884661823969466495e+05
4.884661819980615401e+05
4.884661815990766045e+05
4.884661811999902711e+05
4.884661808008025982e+05
4.884661804015120724e+05
4.884661800021195668e+05
4.884661796026233351e+05
4.884661792030230863e+05
4.884661788033186458e+05
4.884661784035085002e+05
4.884661780035935808e+05
4.884661776035710936e+05
4.884661772034425521e+05
4.884661768032063846e+05
4.884661764028617181e+05
4.884661760024084942e+05
4.884661756018461310e+05
4.884661752011734061e+05
4.884661748003900284e+05
4.884661743994958233e+05
4.884661739984890446e+05
4.884661735973703908e+05
4.884661731961381738e+05
4.884661727947924519e+05
4.884661723933317116e+05
4.884661719917562441e+05
4.884661715900652343e+05
4.884661711882574018e+05
4.884661707863325137e+05
4.884661703842901625e+05
4.884661699821288348e+05
4.884661695798487635e+05
4.884661691774490173e+05
4.884661687749283155e+05
4.884661683722868911e+05
4.884661679695235216e+05
4.884661675666375668e+05
4.884661671636283863e+05
4.884661667604949907e+05
4.884661663572371472e+05
4.884661659538539825e+05
4.884661655503445654e+05
4.884661651467084885e+05
4.884661647429449367e+05
4.884661643390530371e+05
4.884661639350319165e+05
4.884661635308813420e+05
4.884661631266001496e+05
4.884661627221879316e+05
4.884661623176434077e+05
4.884661619129665196e+05
4.884661615081558703e+05
4.884661611032111105e+05
4.884661606981313089e+05
4.884661602929159417e+05
4.884661598875634954e+05
4.884661594820744358e+05
4.884661590764464345e+05
4.884661586706799571e+05
4.884661582647739560e+05
4.884661578587271506e+05
4.884661574525391916e+05
4.884661570462091477e+05
4.884661566397356219e+05
4.884661562331191381e+05
4.884661558263577172e+05
4.884661554194510099e+05
4.884661550123979105e+05
4.884661546051980113e+05
4.884661541978500318e+05
4.884661537903533317e+05
4.884661533827068633e+05
4.884661529749102774e+05
4.884661525669622351e+05
4.884661521588620380e+05
4.884661517506088712e+05
4.884661513422017451e+05
4.884661509336396120e+05
4.884661505249220645e+05
4.884661501160477055e+05
4.884661497070163023e+05
4.884661492978261085e+05
4.884661488884770661e+05
4.884661484789670794e+05
4.884661480692968471e+05
4.884661476594640990e+05
4.884661472494688351e+05
4.884661468393092509e+05
4.884661464289851137e+05
4.884661460184951429e+05
4.884661456078383490e+05
4.884661451970142662e+05
4.884661447860214976e+05
4.884661443748588790e+05
4.884661439635258284e+05
4.884661435520214145e+05
4.884661431403442984e+05
4.884661427284941310e+05
4.884661423164691660e+05
4.884661419042687630e+05
4.884661414918921073e+05
4.884661410793378018e+05
4.884661406666050898e+05
4.884661402536928072e+05
4.884661398405999644e+05
4.884661394273257465e+05
4.884661390138691640e+05
4.884661386002283543e+05
4.884661381864032010e+05
4.884661377723924234e+05
4.884661373581948574e+05
4.884661369438091642e+05
4.884661365292345290e+05
4.884661361144703114e+05
4.884661356995146489e+05
4.884661352843670174e+05
4.884661348690258455e+05
4.884661344534906675e+05
4.884661340377596207e+05
4.884661336218324141e+05
4.884661332057073014e+05
4.884661327893835260e+05
4.884661323728591669e+05
4.884661319561343989e+05
4.884661315392071265e+05
4.884661311220763018e+05
4.884661307047410519e+05
4.884661302872000961e+05
4.884661298694522120e+05
4.884661294514961774e+05
4.884661290333310026e+05
4.884661286149552325e+05
4.884661281963680522e+05
4.884661277775677736e+05
4.884661273585535237e+05
4.884661269393239636e+05
4.884661265198783367e+05
4.884661261002141982e+05
4.884661256803317810e+05
4.884661252602288150e+05
4.884661248399043689e+05
4.884661244193572784e+05
4.884661239985863212e+05
4.884661235775899841e+05
4.884661231563674519e+05
4.884661227349164546e+05
4.884661223132371670e+05
4.884661218913268531e+05
4.884661214691852219e+05
4.884661210468105855e+05
4.884661206242012559e+05
4.884661202013567672e+05
4.884661197782749659e+05
4.884661193549549207e+05
4.884661189313955256e+05
4.884661185075951507e+05
4.884661180835519335e+05
4.884661176592654083e+05
4.884661172347337706e+05
4.884661168099556817e+05
4.884661163849296281e+05
4.884661159596545622e+05
4.884661155341287376e+05
4.884661151083506993e+05
4.884661146823196323e+05
4.884661142560335575e+05
4.884661138294912525e+05
4.884661134026909713e+05
4.884661129756320152e+05
4.884661125483119395e+05
4.884661121207304532e+05
4.884661116928851116e+05
4.884661112647749833e+05
4.884661108363983803e+05
4.884661104077538475e+05
4.884661099788398715e+05
4.884661095496554044e+05
4.884661091201979434e+05
4.884661086904673139e+05
4.884661082604606636e+05
4.884661078301775269e+05
4.884661073996158084e+05
4.884661069687739946e+05
4.884661065376509796e+05
4.884661061062443769e+05
4.884661056745534879e+05
4.884661052425766247e+05
4.884661048103116336e+05
4.884661043777572340e+05
4.884661039449120872e+05
4.884661035117741558e+05
4.884661030783422757e+05
4.884661026446145261e+05
4.884661022105892771e+05
4.884661017762647243e+05
4.884661013416398200e+05
4.884661009067122359e+05
4.884661004714805167e+05
4.884661000359430327e+05
4.884660996000981540e+05
4.884660991639440181e+05
4.884660987274786457e+05
4.884660982907010475e+05
4.884660978536086041e+05
4.884660974162000348e+05
4.884660969784733607e+05
4.884660965404266026e+05
4.884660961020587129e+05
4.884660956633666065e+05
4.884660952243494685e+05
4.884660947850049124e+05
4.884660943453309010e+05
4.884660939053260372e+05
4.884660934649878182e+05
4.884660930243146722e+05
4.884660925833043293e+05
4.884660921419549268e+05
4.884660917002639035e+05
4.884660912582302117e+05
4.884660908158502425e+05
4.884660903731232975e+05
4.884660899300462916e+05
4.884660894866175950e+05
4.884660890428345301e+05
4.884660885986950598e+05
4.884660881541965064e+05
4.884660877093371237e+05
4.884660872641139431e+05
4.884660868185245781e+05
4.884660863725672243e+05
4.884660859262385056e+05
4.884660854795365594e+05
4.884660850324584171e+05
4.884660845850015758e+05
4.884660841371632414e+05
4.884660836889407365e+05
4.884660832403317327e+05
4.884660827913326793e+05
4.884660823419409571e+05
4.884660818921542959e+05
4.884660814419692033e+05
4.884660809913824196e+05
4.884660805403916747e+05
4.884660800889938837e+05
4.884660796371850884e+05
4.884660791849632515e+05
4.884660787323245313e+05
4.884660782792657265e+05
4.884660778257841594e+05
4.884660773718758719e+05
4.884660769175388268e+05
4.884660764627679600e+05
4.884660760075618746e+05
4.884660755519158556e+05
4.884660750958276330e+05
4.884660746392928995e+05
4.884660741823094431e+05
4.884660737248731893e+05
4.884660732669814606e+05
4.884660728086309391e+05
4.884660723498179577e+05
4.884660718905405956e+05
4.884660714307944872e+05
4.884660709705774789e+05
4.884660705098870094e+05
4.884660700487194699e+05
4.884660695870729978e+05
4.884660691249442752e+05
4.884660686623321963e+05
4.884660681992332102e+05
4.884660677356466767e+05
4.884660672715696273e+05
4.884660668070010142e+05
4.884660663419398479e+05
4.884660658763843239e+05
4.884660654103341512e+05
4.884660649437889224e+05
4.884660644767477061e+05
4.884660640092119575e+05
4.884660635411810945e+05
4.884660630726569798e+05
4.884660626036400790e+05
4.884660621341333608e+05
4.884660616641379311e+05
4.884660611936578061e+05
4.884660607226952561e+05
4.884660602512549376e+05
4.884660597793410998e+05
4.884660593069586903e+05
4.884660588341135881e+05
4.884660583608121960e+05
4.884660578870619065e+05
4.884660574128691806e+05
4.884660569382442045e+05
4.884660564631947782e+05
4.884660559877319611e+05
4.884660555118655320e+05
4.884660550356076565e+05
4.884660545589703252e+05
4.884660540819664602e+05
4.884660536046106718e+05
4.884660531269162311e+05
4.884660526489002514e+05
4.884660521705772262e+05
4.884660516919655493e+05
4.884660512130818679e+05
4.884660507339448668e+05
4.884660502545736381e+05
4.884660497749875067e+05
4.884660492952064378e+05
4.884660488152510952e+05
4.884660483351426665e+05
4.884660478549016989e+05
4.884660473745503114e+05
4.884660468941094005e+05
4.884660464136009687e+05
4.884660459330453887e+05
4.884660454524645465e+05
4.884660449718781747e+05
4.884660444913060637e+05
4.884660440107670729e+05
4.884660435302787228e+05
4.884660430498571950e+05
4.884660425695173908e+05
4.884660420892714174e+05
4.884660416091307416e+05
4.884660411291022901e+05
4.884660406491915928e+05
4.884660401694005122e+05
4.884660396897270693e+05
4.884660392101653269e+05
4.884660387307053315e+05
4.884660382513309596e+05
4.884660377720221295e+05
4.884660372927516000e+05
4.884660368134866585e+05
4.884660363341864431e+05
4.884660358548039221e+05
4.884660353752821684e+05
4.884660348955569789e+05
4.884660344155530911e+05
4.884660339351872681e+05
4.884660334543628851e+05
4.884660329729740042e+05
4.884660324909010087e+05
4.884660320080125239e+05
4.884660315241624485e+05
4.884660310391913517e+05
4.884660305529237376e+05
4.884660300651692087e+05
4.884660295757204876e+05
4.884660290843531257e+05
4.884660285908245714e+05
4.884660280948748696e+05
4.884660275962231681e+05
4.884660270945712109e+05
4.884660265895986231e+05
4.884660260809651809e+05
4.884660255683103460e+05
4.884660250512511702e+05
4.884660245293839253e+05
4.884660240022834041e+05
4.884660234695015824e+05
4.884660229305707617e+05
4.884660223850009497e+05
4.884660218322817236e+05
4.884660212718820549e+05
4.884660207032524049e+05
4.884660201258240850e+05
4.884660195390121080e+05
4.884660189422150725e+05
4.884660183348180726e+05
4.884660177161938627e+05
4.884660170857066405e+05
4.884660164427127456e+05
4.884660157865651418e+05
4.884660151166151627e+05
4.884660144322194392e+05
4.884660137327400735e+05
4.884660130175520317e+05
4.884660122860479751e+05
4.884660115376419271e+05
4.884660107717781793e+05
4.884660099879353656e+05
4.884660091856358340e+05
4.884660083644514089e+05
4.884660075240139849e+05
4.884660066640221048e+05
4.884660057842532406e+05
4.884660048845712445e+05
4.884660039649401442e+05
4.884660030254337471e+05
4.884660020662496099e+05
4.884660010877208551e+05
4.884660000903304317e+05
4.884659990747257252e+05
4.884659980417346815e+05
4.884659969923788449e+05
4.884659959278934984e+05
4.884659948497428559e+05
4.884659937596374657e+05
4.884659926595546422e+05
4.884659915517549380e+05
4.884659904388037394e+05
4.884659893235901836e+05
4.884659882093467168e+05
4.884659870996706304e+05
4.884659859985450748e+05
4.884659849103564629e+05
4.884659838399204891e+05
4.884659827924969723e+05
4.884659817738138954e+05
4.884659807900839951e+05
4.884659798480249592e+05
4.884659789548776462e+05
4.884659781184205785e+05
4.884659773469871725e+05
4.884659766494773212e+05
4.884659760353708407e+05
4.884659755147346295e+05
4.884659750982302940e+05
4.884659747971169418e+05
4.884659746232522884e+05
4.884659745890871272e+05
4.884659747076592757e+05
4.884659749925789656e+05
4.884659754580119043e+05
4.884659761186557007e+05
4.884659769897086662e+05
4.884659780868340749e+05
4.884659794261147617e+05
4.884659810240010265e+05
4.884659828972498071e+05
4.884659850628515705e+05
4.884659875379529549e+05
4.884659903397614253e+05
4.884659934854438179e+05
4.884659969920102158e+05
4.884660008761837962e+05
4.884660051542597357e+05
4.884660098419458373e+05
4.884660149541895371e+05
4.884660205049914657e+05
4.884660265071939211e+05
4.884660329722618917e+05
4.884660399100369541e+05
4.884660473284780164e+05
4.884660552333774394e+05
4.884660636280624312e+05
4.884660725130691426e+05
4.884660818858012208e+05
4.884660917401633924e+05
4.884661020661739749e+05
4.884661128495560260e+05
4.884661240713053849e+05
4.884661357072388637e+05
4.884661477275185171e+05
4.884661600961565855e+05
4.884661727705011144e+05
4.884661857006988721e+05
4.884661988291458110e+05
4.884662120899157599e+05
4.884662254081777646e+05
4.884662386996010900e+05
4.884662518697490450e+05
4.884662648134652409e+05
4.884662774142611306e+05
4.884662895436967374e+05
4.884663010607736069e+05
4.884663118113310193e+05
4.884663216274609440e+05
4.884663303269437165e+05
4.884663377127103740e+05
4.884663435723394505e+05
4.884663476776001044e+05
4.884663497840432101e+05
4.884663496306556044e+05
4.884663469395876164e+05
4.884663414159601671e+05
4.884663327477695420e+05
4.884663206058993237e+05
4.884663046442548512e+05
4.884662845000313246e+05
4.884662597941400018e+05
4.884662301317961537e+05
4.884661951033022488e+05
4.884661542850278784e+05
4.884661072406219319e+05
4.884660535224679043e+05
4.884659926734036999e+05
4.884659242287364905e+05
4.884658477185656084e+05
4.884657626704447903e+05
4.884656686124055414e+05
4.884655650763655431e+05
4.884654516019535949e+05
4.884653277407675050e+05
4.884651930611035204e+05
4.884650471531709773e+05
4.884648896348304697e+05
4.884647201578703825e+05
4.884645384148578160e+05
4.884643441465779324e+05
4.884641371500934474e+05
4.884639172874407377e+05
4.884636844949850929e+05
4.884634387934506522e+05
4.884631802986415569e+05
4.884629092328622937e+05
4.884626259370537009e+05
4.884623308836311917e+05
4.884620246900438797e+05
4.884617081330298097e+05
4.884613821635647328e+05
4.884610479224740993e+05
4.884607067566890619e+05
4.884603602360991063e+05
4.884600101709588198e+05
4.884596586297882604e+05
4.884593079576948658e+05
4.884589607950384961e+05
4.884586200963305891e+05
4.884582891492699273e+05
4.884579715937686851e+05
4.884576714408358675e+05
4.884573930911384523e+05
4.884571413530650316e+05
4.884569214600704145e+05
4.884567390870832023e+05
4.884566003657021211e+05
4.884565118979170802e+05
4.884564807680225931e+05
4.884565145524136024e+05
4.884566213268549764e+05
4.884568096708715893e+05
4.884570886687742895e+05
4.884574679069094709e+05
4.884579574665774126e+05
4.884585679121346911e+05
4.884593102736592991e+05
4.884601960236254963e+05
4.884612370468796580e+05
4.884624456033119932e+05
4.884638342824255815e+05
4.884654159491535975e+05
4.884672036799819907e+05
4.884681789811694180e+05
4.884692107621848118e+05
4.884703006830260856e+05
4.884714504010671517e+05
4.884726615676786168e+05
4.884739358246531920e+05
4.884752748004645691e+05
4.884766801062446320e+05
4.884781533315785346e+05
4.884796960400142125e+05
4.884813097643703222e+05
4.884829960017441772e+05
4.884847562082976801e+05
4.884865917937306222e+05
4.884885041155170766e+05
4.884904944728029659e+05
4.884925641000884934e+05
4.884947141605174984e+05
4.884969457389812451e+05
4.884992598347718013e+05
4.885016573552857735e+05
4.885041391012390377e+05
4.885067057893437450e+05
4.885093579292242066e+05
4.885120962262903340e+05
4.885149214944301639e+05
4.885178379796445370e+05
4.885208472176258801e+05
4.885239488524371409e+05
4.885271431259881356e+05
4.885304297464188421e+05
4.885338083068137639e+05
4.885372781668368261e+05
4.885408384514540667e+05
4.885444880505238543e+05
4.885482255811499781e+05
4.885520493961634347e+05
4.885559575431279955e+05
4.885599477708822815e+05
4.885640174890877097e+05
4.885681637713854434e+05
4.885723833161910879e+05
4.885766724459654652e+05
4.885810270697391243e+05
4.885854426779744099e+05
4.885899143073629821e+05
4.885944365307079861e+05
4.885990034246041323e+05
4.886036085537358304e+05
4.886082449421160854e+05
4.886129050511588575e+05
4.886175807552274200e+05
4.886222633128039306e+05
4.886269433471753146e+05
4.886316108099807752e+05
4.886362549679498188e+05
4.886408643580694916e+05
4.886454267813731567e+05
4.886499292489386862e+05
4.886543579838130390e+05
4.886586983570206794e+05
4.886629348988066195e+05
4.886670512237980729e+05
4.886710300528537482e+05
4.886748531264973572e+05
4.886785012387530296e+05
4.886819541379570728e+05
4.886851905740681104e+05
4.886881881859358400e+05
4.886909235636937083e+05
4.886933721215535188e+05
4.886955081769943936e+05
4.886973048081553425e+05
4.886987339516483480e+05
4.886997662436222890e+05
4.887003711381522007e+05
4.887005167310598772e+05
4.887001699009429431e+05
4.886992961148754694e+05
4.886978595942506217e+05
4.886958231015218771e+05
4.886931481331550749e+05
4.886897946866229759e+05
4.886857214828690048e+05
4.886808857128459495e+05
4.886752432919976418e+05
4.886687485857227002e+05
4.886613546984754503e+05
4.886530131776553462e+05
4.886436743400107953e+05
4.886332869535901118e+05
4.886217986042119446e+05
4.886091553552719997e+05
4.885953021571020945e+05
4.885801824846254895e+05
4.885637387924612267e+05
4.885459121306387824e+05
4.885266426483292598e+05
4.885058691880913102e+05
4.884835298410921823e+05
4.884595615206516813e+05
4.884339005717815598e+05
4.884064823251264170e+05
4.883772417635729071e+05
4.883461130580610479e+05
4.883130302938993555e+05
4.882779269903478562e+05
4.882407368891012738e+05
4.882013934600186767e+05
4.881598307540236856e+05
4.881159828978768201e+05
4.880697850134546170e+05
4.880211727050497429e+05
4.879700830466350890e+05
4.879164540658167098e+05
4.878602258002590970e+05
4.878013397831170587e+05
4.877397401692813728e+05
4.876753732278818497e+05
4.876081885383952176e+05
4.875381384966484038e+05
4.874651795801054686e+05
4.873892718746964820e+05
4.873103804077656823e+05
4.872284747040274669e+05
4.871435301836703438e+05
4.870555277567982557e+05
4.869644552830622997e+05
4.868703072150697117e+05
4.867730861146342941e+05
4.866728023568312055e+05
4.865694756965106935e+05
4.864631350459451787e+05
4.863538200836190372e+05
4.862415811197551666e+05
4.861264807375567034e+05
4.860085937623256468e+05
4.858880089232755709e+05
4.857648289434419130e+05
4.856391722079131869e+05
4.855111729932799353e+05
4.853809831256160396e+05
4.852487723698323243e+05
4.851147300579671282e+05
4.849790656604839023e+05
4.848420103624071926e+05
4.847038178403204656e+05
4.845647657605945133e+05
4.844251567876152694e+05
4.842853199747913168e+05
4.841456120313478750e+05
4.840064185729840538e+05
4.838681556764213019e+05
4.837312709525104729e+05
4.835962454195956234e+05
4.834635943575968849e+05
4.833338695331462659e+05
4.832076597887051175e+05
4.830855936543904827e+05
4.829683396215395187e+05
4.828566091781706200e+05
4.827511567118414096e+05
4.826527830074736848e+05
4.825623347200044082e+05
4.824807083758384688e+05
4.824088493501011399e+05
4.823477564164186479e+05
4.822984801612635492e+05
4.822621281240445678e+05
4.822398625816664426e+05
4.822329063291355269e+05
4.822425397529917536e+05
4.822701073097681510e+05
4.823170138056797441e+05
4.823847316870478680e+05
4.824747963567503612e+05
4.825888141685862211e+05
4.827284576518150279e+05
4.828954731196517823e+05
4.830916738446478266e+05
4.833189559733158094e+05
4.835792809121318278e+05
4.838746824576070067e+05
4.842073018785897293e+05
4.845793360067148460e+05
4.849929889801980462e+05
4.854507667080489919e+05
4.859551222220234340e+05
4.865081350682906341e+05
4.871131108544804738e+05
4.877731435561034596e+05
4.884883499999854248e+05
