9.169998644188349317e+02
9.169998167563982179e+02
9.169997467601677954e+02
9.169996551178694517e+02
9.169995257762113852e+02
9.169993520360789034e+02
9.169991109651975876e+02
9.169987835360890358e+02
9.169983325321659322e+02
9.169977170211288922e+02
9.169968718997901078e+02
9.169957161202097495e+02
9.169941313664558038e+02
9.169919621506754766e+02
9.169889895851434858e+02
9.169849191968934292e+02
9.169793428485622826e+02
9.169717058630127440e+02
9.169665204399246932e+02
9.169611642754192644e+02
9.169542205404530932e+02
9.169467341603442492e+02
9.169373661082674971e+02
9.169269774822339514e+02
9.169142746618742876e+02
9.168999249776368288e+02
9.168826420815440770e+02
9.168628800335607139e+02
9.168393131639093099e+02
9.168121502974759096e+02
9.167799676909934306e+02
9.167426804898543651e+02
9.166986910425998758e+02
9.166732526044378346e+02
9.166473004826320903e+02
9.166392210646940839e+02
9.166331308877180390e+02
9.166247871644112593e+02
9.166183939647341958e+02
9.166097744050055098e+02
9.166030669737114067e+02
9.165941596228649360e+02
9.165871262829315356e+02
9.165779187241400905e+02
9.165705473175219140e+02
9.165610266518299341e+02
9.165533045208723024e+02
9.165434573476757123e+02
9.165353713154994466e+02
9.165251837123830683e+02
9.165167200623825465e+02
9.165061775641732993e+02
9.164973220188068126e+02
9.164864095957574364e+02
9.164771472944031530e+02
9.164658493295321477e+02
9.164561648055473597e+02
9.164444650711150189e+02
9.164343422279445122e+02
9.164222238610199156e+02
9.164116459474057592e+02
9.163990914244170654e+02
9.163880410085351969e+02
9.163750321188734915e+02
9.163634910615576246e+02
9.163500088801238235e+02
9.163379583069620367e+02
9.163239831656558181e+02
9.163114034380569137e+02
9.162969148961290102e+02
9.162837855811887948e+02
9.162687623944341340e+02
9.162550622336611923e+02
9.162394823224481115e+02
9.162251891992425499e+02
9.162090296152716746e+02
9.161941205211260240e+02
9.161773574128891369e+02
9.161618084123040262e+02
9.161444169891852880e+02
9.161282031831856330e+02
9.161101576781931044e+02
9.160932531664335556e+02
9.160745267974920125e+02
9.160569046388463903e+02
9.160374695685597999e+02
9.160191017402466969e+02
9.159989290341200103e+02
9.159797863892049463e+02
9.159588459722144762e+02
9.159388981954442670e+02
9.159171588070181542e+02
9.158963743689810144e+02
9.158738035161193238e+02
9.158521496256186083e+02
9.158287135343334739e+02
9.158061560889367456e+02
9.157818196536991309e+02
9.157583231883405688e+02
9.157330499197054223e+02
9.157085775533729475e+02
9.156823295235225260e+02
9.156568429038434260e+02
9.156295806900684511e+02
9.156030399358513705e+02
9.155747225618434868e+02
9.155470862028560077e+02
9.155176710770293766e+02
9.154888959955488872e+02
9.154583388652181384e+02
9.154283802572007289e+02
9.153966351233073055e+02
9.153654463084520785e+02
9.153324652307171618e+02
9.152999977254710302e+02
9.152657311514535650e+02
9.152319346722269984e+02
9.151963308226333993e+02
9.151611529663633746e+02
9.151423786538588274e+02
9.151247072871229875e+02
9.151055803386072967e+02
9.150875410980801234e+02
9.150680543507992297e+02
9.150496401806472022e+02
9.150297863592627436e+02
9.150109900452490592e+02
9.149907617620357314e+02
9.149715759587578532e+02
9.149509656806180828e+02
9.149313828722634980e+02
9.149103829227494771e+02
9.148903954616167766e+02
9.148689980334519305e+02
9.148485981134954272e+02
9.148267952282076294e+02
9.148059748866884320e+02
9.147837584170150649e+02
9.147625095432993021e+02
9.147398711942242926e+02
9.147181855188302961e+02
9.146951168441357822e+02
9.146729859488444845e+02
9.146494783321870727e+02
9.146268936166397907e+02
9.146029382729871031e+02
9.145798909799196963e+02
9.145554789663254951e+02
9.145319601573555701e+02
9.145070823505886892e+02
9.144830829125654645e+02
9.144577300235071107e+02
9.144332406636958694e+02
9.144074032190275148e+02
9.143824144624132941e+02
9.143560828107657699e+02
9.143305849974763078e+02
9.143037492965794399e+02
9.142777325797538879e+02
9.142503828014052942e+02
9.142238371421848342e+02
9.141959630591321684e+02
9.141688782242232492e+02
9.141404694173963890e+02
9.141128349744859634e+02
9.140838808182328421e+02
9.140556861314894377e+02
9.140261758016641807e+02
9.139974100291411787e+02
9.139673324880063774e+02
9.139379845754483540e+02
9.139073285788250587e+02
9.138773872583128650e+02
9.138461413411166632e+02
9.138155951243118125e+02
9.137837476062815085e+02
9.137525847830186194e+02
9.137201237553629198e+02
9.136883323873383915e+02
9.136552457169691479e+02
9.136228136351136300e+02
9.135890889524546310e+02
9.135560037519260277e+02
9.135216284537682441e+02
9.134878774894343678e+02
9.134528387279619892e+02
9.134184091109367500e+02
9.133826937949742160e+02
9.133475723863210760e+02
9.133111671718644402e+02
9.132753405804560316e+02
9.132382318699246753e+02
9.132016864446518412e+02
9.131638603793634275e+02
9.131265822078272549e+02
9.130880246647799368e+02
9.130499995648577851e+02
9.130106961514136401e+02
9.129719096697286886e+02
9.129318457179400639e+02
9.128922831218625333e+02
9.128514436850360880e+02
9.128110899598618744e+02
9.127694598050668446e+02
9.127282996474442598e+02
9.126858632530042996e+02
9.126438810659973342e+02
9.126006226133920336e+02
9.125578025018124890e+02
9.125137058726825217e+02
9.124700316360315355e+02
9.124250804049444241e+02
9.123805355341199856e+02
9.123347129637492117e+02
9.122892806328661663e+02
9.122425696685818366e+02
9.121962327316221035e+02
9.121486159944505516e+02
9.121013569776645227e+02
9.120528167604014698e+02
9.120046178572432609e+02
9.119551361161406930e+02
9.119059791814675009e+02
9.118555375324036731e+02
9.118054040751625280e+02
9.117539837858147393e+02
9.117028549647468481e+02
9.116504369490511408e+02
9.115982935641982294e+02
9.115448583763675288e+02
9.114916808646353275e+02
9.114372086913385829e+02
9.113829771187217830e+02
9.113274477744985234e+02
9.112721418297172704e+02
9.112155347482596426e+02
9.111591337368639643e+02
9.111014279658174928e+02
9.110439108017892522e+02
9.109850849952053977e+02
9.109264301959252634e+02
9.108664626069246424e+02
9.108066482845052860e+02
9.107455167594546310e+02
9.106845206145000020e+02
9.106222025841223058e+02
9.105600018986449413e+02
9.104964743722566709e+02
9.104330460012628237e+02
9.103682855585196876e+02
9.103036059240946543e+02
9.102375887074259708e+02
9.101716337897445328e+02
9.101043354976177397e+02
9.100370808280976007e+02
9.099684767059213755e+02
9.098998973594910922e+02
9.098299621930672174e+02
9.097600327794084478e+02
9.096887408863100291e+02
9.096174355431281811e+02
9.095447607644071013e+02
9.094720531482112165e+02
9.093979688411805000e+02
9.093238321195045728e+02
9.092483111482255254e+02
9.091727179916493924e+02
9.090957327194413438e+02
9.090186552921918519e+02
9.089401775729282917e+02
9.088615875252959313e+02
9.087815886942094039e+02
9.087014571533610479e+02
9.086199080192161546e+02
9.085382055801950401e+02
9.084550764156678042e+02
9.083717731332316134e+02
9.082870336661686679e+02
9.082020990448729663e+02
9.081157184495871206e+02
9.080291214351743747e+02
9.079410683224838294e+02
9.078527772927325259e+02
9.077630197013039606e+02
9.076730024560337142e+02
9.075815078427843900e+02
9.074897315951191104e+02
9.073964668252446018e+02
9.073028981916071416e+02
9.072078295296597616e+02
9.071124345198711580e+02
9.070155276194403768e+02
9.069182716275216762e+02
9.068194915213776994e+02
9.067203393150127795e+02
9.066196504055665173e+02
9.065185661162598763e+02
9.064159321648568266e+02
9.063128792780670437e+02
9.062082633951353046e+02
9.061032047394629672e+02
9.059965693743055226e+02
9.058894671115232313e+02
9.057807740414154978e+02
9.056715896560426700e+02
9.055607999761498377e+02
9.054494942644483899e+02
9.053365683771063459e+02
9.052231014368289834e+02
9.051079990405146418e+02
9.049923302600162742e+02
9.048750103388969137e+02
9.047570983859847047e+02
9.046375191988321376e+02
9.045173220101961533e+02
9.043954410791637883e+02
9.042729158490699319e+02
9.041486899489300413e+02
9.040237931179646012e+02
9.038971782646732436e+02
9.037698655087831412e+02
9.036408169480973811e+02
9.035110431670281059e+02
9.033795153633996051e+02
9.032472346692454721e+02
9.031131812941325734e+02
9.029783470000779744e+02
9.028417209204023948e+02
9.027042855288846113e+02
9.025650387956155782e+02
9.024249539867529393e+02
9.022830378230033830e+02
9.021402544430036414e+02
9.019956192323191999e+02
9.018500872815495768e+02
9.017026825562385284e+02
9.015543511774045555e+02
9.014041256064956542e+02
9.012529430728429816e+02
9.010998444502224629e+02
9.009457581535218651e+02
9.007897333860166782e+02
9.006326898245629309e+02
9.004736849198478694e+02
9.003136296867062356e+02
9.001515897405206488e+02
8.999884675140220907e+02
8.998233366885259557e+02
8.996570912550237153e+02
8.994888126449133097e+02
8.993193872991927265e+02
8.992335331420423472e+02
8.991481238520334500e+02
8.990614617495047014e+02
8.989752352052299784e+02
8.988877572481760581e+02
8.988007061757708698e+02
8.987124048901134756e+02
8.986245218384643749e+02
8.985353897117356610e+02
8.984466671653920002e+02
8.983566966232916684e+02
8.982671270053740500e+02
8.981763104115033229e+02
8.980858860829728201e+02
8.979942157386460622e+02
8.979029289978631141e+02
8.978103971417540379e+02
8.977182402240966894e+02
8.976248390318590964e+02
8.975318041093222519e+02
8.974375256932236198e+02
8.973436048740829847e+02
8.972484412826319158e+02
8.971536266110306315e+02
8.970575698285794033e+02
8.969618532841762999e+02
8.968648952305785542e+02
8.967682687281773042e+02
8.966704012583761596e+02
8.965728566475484058e+02
8.964740715512388078e+02
8.963756006159552499e+02
8.962758896171989136e+02
8.961764840754457282e+02
8.960758388322905148e+02
8.959754903357323883e+02
8.958739024398701076e+02
8.957726025734477844e+02
8.956700635498125393e+02
8.955678038314039213e+02
8.954643051378494647e+02
8.953610770178877374e+02
8.952566100447709232e+02
8.951524049058913306e+02
8.950469609757533362e+02
8.949417701324277914e+02
8.948353404996189511e+02
8.947291551978013331e+02
8.946217310481098366e+02
8.945145424648651442e+02
8.944061149151779091e+02
8.942979141583489309e+02
8.941884742562771180e+02
8.940792523641066509e+02
8.939687910876526757e+02
8.938585390284519008e+02
8.937470472856525703e+02
8.936357559574456673e+02
8.935232245860028115e+02
8.934108848161758942e+02
8.932973045831392938e+02
8.931839071281091265e+02
8.930692687295115775e+02
8.929548042743687120e+02
8.928390983348979262e+02
8.927235574930714392e+02
8.926067745657325077e+02
8.924901478786503048e+02
8.923722784444256604e+02
8.922545563812068394e+02
8.921355908487247461e+02
8.920167638058226203e+02
8.918966925110197508e+02
8.917767508118990918e+02
8.916555640177185751e+02
8.915344979125458167e+02
8.914121858085877648e+02
8.912899854738968770e+02
8.911665381761129083e+02
8.910431937145083339e+02
8.909186012649038275e+02
8.907941027047323814e+02
8.906683550710082500e+02
8.905426923660457987e+02
8.904157794413476950e+02
8.902889424705175543e+02
8.901608540730914001e+02
8.900328326401563572e+02
8.899035585130696973e+02
8.897743423463193722e+02
8.896438721571778387e+02
8.895134509091495829e+02
8.893817742497756171e+02
8.892501374969765493e+02
8.891172438831591762e+02
8.889843811257779862e+02
8.888502599969605171e+02
8.887161606585889331e+02
8.885808013776269263e+02
8.884454548049970981e+02
8.883088466578544740e+02
8.881722421205710134e+02
8.880343743160948407e+02
8.878965010063639056e+02
8.877573626759945000e+02
8.876182097083778899e+02
8.874777899059106403e+02
8.873373463170747755e+02
8.871956340184239025e+02
8.870538887669030146e+02
8.869108728698364530e+02
8.867678148357917962e+02
8.866234841597212153e+02
8.864791021447050525e+02
8.863334454304316523e+02
8.861877281571794356e+02
8.860407340667084100e+02
8.858936701789107246e+02
8.857453272952029693e+02
8.855969053572916891e+02
8.854472021840916796e+02
8.852974106810530657e+02
8.851463356426412474e+02
8.849951629798076738e+02
8.848427044208693815e+02
8.846901389237356170e+02
8.845362851091239236e+02
8.843823150231770569e+02
8.842270541377600921e+02
8.840716676282862636e+02
8.839149877767931685e+02
8.837581729287326198e+02
8.836000621355536850e+02
8.834418069533459175e+02
8.832822531624252633e+02
8.831225455698465794e+02
8.829615366445060545e+02
8.828003644845397275e+02
8.826378882073651084e+02
8.824752392420894012e+02
8.823112833147831680e+02
8.821471452252391146e+02
8.819816972685437122e+02
8.818160576546134735e+02
8.816491052081620410e+02
8.814819515884904604e+02
8.813134821107372545e+02
8.811448019226223778e+02
8.809748027907587584e+02
8.808045833900906700e+02
8.806330418999659742e+02
8.804612705611392585e+02
8.802881739271948618e+02
8.801148378430610819e+02
8.799401731982652564e+02
8.797652594800995303e+02
8.795890138759198180e+02
8.794125095533535159e+02
8.792346699597389943e+02
8.790565619807503026e+02
8.788771152860720122e+02
8.786973905170018497e+02
8.785163235280746221e+02
8.783349687535591102e+02
8.781522681956528231e+02
8.779692701187129842e+02
8.777849226355373276e+02
8.776002678775417962e+02
8.774142600313119829e+02
8.772279351320449905e+02
8.770402534035090412e+02
8.768522448212013387e+02
8.766628756096951065e+02
8.764731697211105939e+02
8.762820993446338207e+02
8.760906824451359398e+02
8.758978971404224012e+02
8.757047554440597423e+02
8.755102413666735401e+02
8.753153610062913685e+02
8.751191042307788166e+02
8.749224712581346921e+02
8.747244577781004864e+02
8.745260581640175133e+02
8.743262738922957169e+02
8.741260935267837340e+02
8.739245242955865933e+02
8.737225489880314626e+02
8.735191805491185733e+02
8.733153960284492996e+02
8.731102140533305374e+02
8.729046059682215173e+02
8.726975960483476911e+02
8.724901499674426759e+02
8.722812976144398363e+02
8.720719990265606612e+02
8.718612896724450820e+02
8.716501239868611037e+02
8.714375429843377105e+02
8.712244955310171690e+02
8.710100281537173714e+02
8.707950841836089921e+02
8.705787156263755833e+02
8.703618603117447492e+02
8.701435756909755810e+02
8.699247941256676313e+02
8.697045784796193857e+02
8.694838556794366013e+02
8.692616939685776742e+02
8.690390148716230669e+02
8.688148919790074842e+02
8.685902414460626915e+02
8.683641421776982270e+02
8.681375049926192560e+02
8.679094140778989868e+02
8.676807749480285565e+02
8.674506770401314952e+02
8.672200205967565125e+02
8.669879002731054243e+02
8.667552110718878566e+02
8.665210528346207184e+02
8.662863153560826959e+02
8.660501036325293853e+02
8.658133022825709304e+02
8.655750214257786865e+02
8.653361405361771403e+02
8.650957748254322723e+02
8.648547986544009518e+02
8.646123322957905657e+02
8.643692450285442419e+02
8.641246621555294496e+02
8.638794479048609674e+02
8.636327325788834059e+02
8.633853753857985112e+02
8.631365115968890223e+02
8.628869954312315258e+02
8.626359670986855690e+02
8.623842758597896818e+02
8.621310668328160318e+02
8.618771843502142929e+02
8.616217784086451275e+02
8.613656884427588238e+02
8.611080692977677700e+02
8.608497555406516994e+02
8.605899068355096233e+02
8.603293529115964020e+02
8.600672582224323151e+02
8.598044476893556975e+02
8.595400905259706406e+02
8.592750068753476853e+02
8.590083706820120142e+02
8.587409973402952801e+02
8.584720654966467919e+02
8.582023858259939288e+02
8.579311416478832371e+02
8.576591389470360127e+02
8.573855656874447959e+02
8.571112231926895220e+02
8.568353040426709413e+02
8.565586049287344395e+02
8.562803230183895948e+02
8.560012503994612416e+02
8.557205887989076700e+02
8.554391257296376807e+02
8.551560674500410641e+02
8.548721969265775442e+02
8.545867249212266188e+02
8.543004298822849023e+02
8.540125270476320338e+02
8.537237903755953994e+02
8.534334395524116417e+02
8.531422440744530604e+02
8.528494280489518360e+02
8.525557565382066514e+02
8.522604580432187049e+02
8.519642932199571987e+02
8.516664949361555728e+02
8.513678194690215832e+02
8.510675040261396589e+02
8.507663005334175068e+02
8.504634505115297998e+02
8.501597015624035976e+02
8.498542994932336114e+02
8.495479876091292226e+02
8.492400159773774249e+02
8.489311236333127226e+02
8.486205648780345427e+02
8.483090745040134379e+02
8.479959110200341001e+02
8.476818050024538707e+02
8.473660191417939131e+02
8.470492798249175621e+02
8.467308538982699702e+02
8.464114635857220037e+02
8.460903798639608340e+02
8.457683208202441847e+02
8.454445615359619524e+02
8.451198159880162848e+02
8.447933633371418409e+02
8.444659134759573362e+02
8.441367496193353190e+02
8.438065776015812389e+02
8.434746846666237161e+02
8.431417726163247153e+02
8.428071326987445673e+02
8.424714627089838359e+02
8.421340578744556069e+02
8.417956120091243974e+02
8.414554242951284095e+02
8.411141845907094421e+02
8.407711960082725682e+02
8.404271444756707297e+02
8.400813370112358598e+02
8.397344556376413038e+02
8.393858112549360158e+02
8.390360820057097726e+02
8.386845826476877619e+02
8.383319874683163562e+02
8.379776150590888619e+02
8.376221358771565519e+02
8.372648723240166646e+02
8.369064910512277038e+02
8.365463182466614853e+02
8.361850167808913739e+02
8.358219166047001636e+02
8.354576768321038571e+02
8.350916311534726901e+02
8.347244349506261187e+02
8.343554256303107195e+02
8.339852548663980087e+02
8.336132637589366823e+02
8.332401002979504483e+02
8.328651092538810872e+02
8.324889349569079968e+02
8.321109258250847915e+02
8.317317225526006723e+02
8.313506771824902444e+02
8.309684267967139704e+02
8.305843270407851833e+02
8.301990114080753074e+02
8.298118391241984000e+02
8.294234401174775257e+02
8.290331771713977105e+02
8.286416766726229071e+02
8.282483049404328312e+02
8.278536848431386943e+02
8.274571862138355982e+02
8.270594284256829951e+02
8.266597848037500853e+02
8.262588712491200340e+02
8.258560645571665191e+02
8.254519771798193233e+02
8.250459893612193127e+02
8.246387101270098583e+02
8.242295231486569946e+02
8.238190340482440206e+02
8.234066299032807592e+02
8.229929129549209392e+02
8.225772736655627568e+02
8.221603109179504827e+02
8.217414185383172480e+02
8.213211920734179330e+02
8.208990286924421298e+02
8.204755206284492033e+02
8.200500683728146214e+02
8.196232608670776472e+02
8.191945019041878595e+02
8.187643771562526354e+02
8.183322936972682555e+02
8.178988339518899693e+02
8.174634082547992193e+02
8.170265958050657673e+02
8.165878101778026803e+02
8.161476273682450255e+02
8.157054641718451649e+02
8.152618934016614958e+02
8.148163350534757683e+02
8.143693587797286000e+02
8.139203877566673100e+02
8.134699884975725581e+02
8.130175873394255177e+02
8.125637476776641961e+02
8.121078989904010541e+02
8.116506015764928179e+02
8.111912880356893538e+02
8.107305155914026500e+02
8.102677199456566086e+02
8.098034552674422457e+02
8.093371603418460154e+02
8.088693863043612282e+02
8.083995750040295434e+02
8.079282745636812706e+02
8.074549298773108603e+02
8.069800860758048202e+02
8.065031910792898771e+02
8.060247870473267540e+02
8.055443249073961169e+02
8.050623438682915776e+02
8.045782978462311803e+02
8.040927231196582170e+02
8.036050765750401297e+02
8.031158915807742460e+02
8.026246279752542705e+02
8.021318162370182563e+02
8.016369191381293149e+02
8.011404642874122146e+02
8.006419173724567599e+02
8.001418031524103753e+02
7.996395902123820179e+02
7.991358004817583378e+02
7.986299054252821179e+02
7.981224241624260003e+02
7.976128310197740348e+02
7.971016423266037236e+02
7.965883352537276778e+02
7.960734233598517449e+02
7.955563866424627122e+02
7.950377359092331062e+02
7.945169539669378764e+02
7.939945488916126806e+02
7.934700062820247695e+02
7.929438315019230004e+02
7.924155129248903222e+02
7.918855532216246047e+02
7.913534435234703324e+02
7.908196838271943534e+02
7.902837680049821074e+02
7.897461933987428893e+02
7.892064566046469736e+02
7.886650523286944008e+02
7.881214798743468464e+02
7.875762313305174303e+02
7.870288086913764118e+02
7.864797014474979733e+02
7.859284142672518101e+02
7.853754340615356568e+02
7.848202681565436478e+02
7.842634009020592885e+02
7.837043422659007774e+02
7.831435740551690969e+02
7.825806088631679813e+02
7.820159259727151948e+02
7.814490405865445837e+02
7.808804294814530067e+02
7.803096104537085012e+02
7.797370577922223447e+02
7.791622918709930445e+02
7.785857845091220497e+02
7.780070586426730870e+02
7.774265836389178048e+02
7.768438849804206257e+02
7.762594296005045180e+02
7.756727455127595476e+02
7.750842972343566544e+02
7.744936152945093681e+02
7.739011618119433251e+02
7.733064698162741024e+02
7.727099990453225473e+02
7.721112850140063983e+02
7.715107850967538070e+02
7.709080372787451552e+02
7.703034965884089615e+02
7.696967034662828837e+02
7.690881106120789354e+02
7.684772609068692191e+02
7.678646047388659781e+02
7.672496874149522910e+02
7.666329570289599360e+02
7.660139612990234355e+02
7.653931460415913079e+02
7.647700613715470581e+02
7.641451508448583354e+02
7.635179669587712397e+02
7.628889510255881987e+02
7.622576579106523695e+02
7.616245266993011001e+02
7.609891146108215025e+02
7.603518585202019722e+02
7.597123179866049441e+02
7.590709276911951520e+02
7.584272495190348309e+02
7.577817159738801820e+02
7.571338912528251512e+02
7.564842056985497720e+02
7.558322258064492871e+02
7.551783797743328250e+02
7.545222363822512079e+02
7.538642216992618614e+02
7.532039067765192613e+02
7.525417155703379422e+02
7.518772213895281311e+02
7.512108460936040046e+02
7.505421652356826598e+02
7.498715985942938005e+02
7.491987239536236984e+02
7.485239590269374048e+02
7.478468838163302053e+02
7.471679139854405776e+02
7.464866317412243006e+02
7.458034507131823148e+02
7.451179553002228886e+02
7.444305571131503712e+02
7.437408427299365030e+02
7.430492217580011811e+02
7.423552829416689747e+02
7.416594339001530898e+02
7.409612655314749645e+02
7.402611834817754470e+02
7.395587807902112445e+02
7.388544611448581918e+02
7.381478197135447772e+02
7.374392582411974217e+02
7.367283740119601134e+02
7.360155668424021087e+02
7.353004361207083548e+02
7.345833797497867863e+02
7.338639992097047298e+02
7.331426905042922044e+02
7.324190571934205991e+02
7.316934933963273124e+02
7.309656047407154347e+02
7.302357834755933936e+02
7.295036372846194581e+02
7.287695565608490824e+02
7.280331510320800135e+02
7.272948092495942092e+02
7.265541429736249484e+02
7.258115389277347731e+02
7.250666108929816573e+02
7.243197437791651510e+02
7.235705533766291637e+02
7.228194227952649271e+02
7.220659698232798291e+02
7.213105757843683250e+02
7.205528604532789814e+02
7.197932033811308656e+02
7.190312263179416732e+02
7.182673070557881374e+02
7.175010693087946265e+02
7.167328891233905779e+02
7.159623921667297282e+02
7.151899527528902354e+02
7.144151984910737383e+02
7.136385019761830790e+02
7.128594927485552262e+02
7.120785416969961261e+02
7.112952802821710065e+02
7.105100776997279581e+02
7.097225673199394578e+02
7.089331166581375783e+02
7.081413609835625493e+02
7.073476661439540294e+02
7.065516692969528094e+02
7.057537346353324210e+02
7.049535011946460372e+02
7.041513315252060465e+02
7.033468665300846396e+02
7.025404671295200387e+02
7.017317760837939886e+02
7.009211526953323528e+02
7.001082415713887031e+02
6.992934004087370568e+02
6.984762756514619468e+02
6.976572234027057675e+02
6.968358919333177255e+02
6.960126357647421855e+02
6.951871049845898369e+02
6.943596525443945211e+02
6.935299303386431120e+02
6.926982897606264942e+02
6.918643845018759748e+02
6.910285644090030246e+02
6.901904849608272343e+02
6.893504944687209672e+02
6.885082501891201900e+02
6.876640989094850056e+02
6.868176996542548522e+02
6.859693976981786818e+02
6.851188538241825654e+02
6.842664118053778566e+02
6.834117341737368179e+02
6.825551632116777228e+02
6.816963631908474781e+02
6.808356749138066561e+02
6.799727643825914356e+02
6.791079709305981851e+02
6.782409622810205292e+02
6.773720763086907937e+02
6.765009824488023469e+02
6.756280171280874356e+02
6.747528514846567305e+02
6.738758205074663010e+02
6.729965970285614958e+02
6.721155146093192343e+02
6.712322477667767089e+02
6.703471286448138926e+02
6.694598334365978189e+02
6.685706928784788943e+02
6.676793848309486066e+02
6.667862386326504520e+02
6.658909338026646765e+02
6.649937982916487726e+02
6.640945132686183570e+02
6.631934053057776737e+02
6.622901572135176593e+02
6.613850941950256583e+02
6.604779006935386860e+02
6.595689005525347284e+02
6.586577798396417620e+02
6.577448610478078308e+02
6.568298318606406383e+02
6.559130134296344750e+02
6.549940950460324984e+02
6.540733965287906813e+02
6.531506087685262401e+02
6.522260502604058274e+02
6.512994134862459532e+02
6.503710156260825670e+02
6.494405507447494301e+02
6.485083347156734135e+02
6.475740631786388803e+02
6.466380507088128979e+02
6.456999945129205116e+02
6.447602078761049142e+02
6.438183895640401033e+02
6.428748515799597953e+02
6.419292942405737676e+02
6.409820282751639979e+02
6.400327555436149396e+02
6.390817855090630246e+02
6.381288215667531176e+02
6.371741719213744091e+02
6.362175414957808925e+02
6.352592372437183030e+02
6.342989656079491851e+02
6.333370322986822885e+02
6.323731452709126870e+02
6.314076089985616136e+02
6.304401329412463610e+02
6.294710203437084601e+02
6.284999821626170160e+02
6.275273204204690956e+02
6.265527475634783059e+02
6.255765643987097064e+02
6.245984848544385386e+02
6.236188085289636547e+02
6.226372508251874933e+02
6.216541101391632083e+02
6.206691033410290856e+02
6.196825276309606352e+02
6.186941013389914588e+02
6.177041204756502566e+02
6.167123048235697524e+02
6.157189492097209040e+02
6.147237748620981392e+02
6.137270754300441240e+02
6.127285735797300958e+02
6.117285617887122271e+02
6.107267641541786816e+02
6.097234719875795008e+02
6.087184108100713047e+02
6.077118707725571767e+02
6.067035788131522622e+02
6.056938239276872764e+02
6.046823344643044038e+02
6.036693982691238034e+02
6.026547450934797325e+02
6.016386616390341260e+02
6.006208790536031756e+02
5.996016828995817605e+02
5.985808057146545025e+02
5.975585319270859372e+02
5.965345954579406680e+02
5.955092796064603817e+02
5.944823196707728812e+02
5.934539978261690294e+02
5.924240507416949413e+02
5.913927594737821209e+02
5.903598620564439443e+02
5.893256384323786961e+02
5.882898279948298068e+02
5.872527095779603314e+02
5.862140239287716668e+02
5.851740487781559068e+02
5.841325262217004592e+02
5.830897328924015710e+02
5.820454122295558363e+02
5.809998397738131644e+02
5.799527603036380015e+02
5.789044482730473646e+02
5.778546497955045425e+02
5.768036382443085586e+02
5.757511610641327024e+02
5.746974905536633287e+02
5.736423754856811001e+02
5.725860870893621950e+02
5.715283754670831513e+02
5.704695107728384755e+02
5.694092444588341095e+02
5.683478456138298043e+02
5.672850667595159848e+02
5.662211775565555172e+02
5.651559250094745721e+02
5.640896001414515695e+02
5.635557161001660234e+02
5.630219790065842744e+02
5.624875096766586466e+02
5.619531730327660171e+02
5.614181090288303722e+02
5.608831813668770110e+02
5.603475291076479152e+02
5.598120149263985468e+02
5.592757805535399029e+02
5.587396853342164604e+02
5.582028744935479381e+02
5.576662038967840545e+02
5.571288222804080306e+02
5.565915821095616138e+02
5.560536349043345581e+02
5.555158320616831134e+02
5.549773243729422347e+02
5.544389596874664221e+02
5.538999175037866962e+02
5.533609606744901157e+02
5.528213847789506872e+02
5.522820788893639019e+02
5.517412355724216013e+02
5.512025030668986574e+02
5.506621823112881202e+02
5.499302493207437692e+02
5.486780037085568438e+02
5.477620789516156492e+02
5.465057157254401545e+02
5.455877957038006798e+02
5.443302998438684881e+02
5.434090350391712718e+02
5.421509374935357073e+02
5.412263646637792363e+02
5.399676137134492819e+02
5.390398543527647917e+02
5.377804662886098868e+02
5.368495794422101426e+02
5.355895991740098907e+02
5.346556380280024996e+02
5.333951094452968391e+02
5.324581296412422944e+02
5.311970959394341207e+02
5.302571537339999850e+02
5.289956585167004732e+02
5.280528104032258625e+02
5.267908976879785996e+02
5.258452004399870248e+02
5.245829146018324991e+02
5.236344252721429484e+02
5.223718110247460800e+02
5.214205869260614463e+02
5.201576893040955838e+02
5.192037879889287524e+02
5.179406523268988849e+02
5.169841315659783731e+02
5.157208034745549412e+02
5.147617212327120342e+02
5.134982465724700660e+02
5.125366609817413064e+02
5.112730858339389215e+02
5.103090551635543761e+02
5.090454257975987389e+02
5.080790084205164021e+02
5.068153712577229157e+02
5.058466256132891772e+02
5.045830271865030454e+02
5.036120117388002200e+02
5.023484986474293805e+02
5.013752718388297467e+02
5.001118906987490504e+02
4.991365108981238450e+02
4.978733082859000092e+02
4.968958337309164222e+02
4.956328561217233073e+02
4.946533448545678198e+02
4.933906385531153092e+02
4.924091483489433472e+02
4.911467594126749532e+02
4.901633477000112862e+02
4.889013218537410239e+02
4.879160456259758689e+02
4.866544281670859391e+02
4.856673438841286270e+02
4.844061795773155836e+02
4.834173430563903366e+02
4.821566760169004056e+02
4.811661423113324076e+02
4.799060158754717236e+02
4.789138391402126445e+02
4.776542957218226206e+02
4.766605290643402100e+02
4.754016099957573829e+02
4.744063053107257701e+02
4.731480506666142674e+02
4.721512584526796559e+02
4.708937068548794969e+02
4.698954760115706790e+02
4.686386644129340766e+02
4.676390420155103698e+02
4.663830054603765802e+02
4.653820365101303196e+02
4.641268078688015066e+02
4.631245350159654777e+02
4.618701446901480949e+02
4.608666079261425352e+02
4.596130835218455104e+02
4.586083198370652099e+02
4.573556858009141024e+02
4.563497288036572286e+02
4.550980060178940789e+02
4.540908855092870340e+02
4.528400908398872389e+02
4.518318323387429132e+02
4.505819781301464673e+02
4.495726023406093645e+02
4.483236958493457678e+02
4.473132180628787182e+02
4.460652608209064169e+02
4.450536902425573658e+02
4.438066773394581901e+02
4.427940163264582907e+02
4.415479355975093085e+02
4.405341787959748672e+02
4.392890099006362448e+02
4.382741432633608838e+02
4.370298566357184882e+02
4.360138563008079586e+02
4.347704119499557578e+02
4.337532429561123308e+02
4.325105890901738803e+02
4.314922038997771665e+02
4.302502753422000978e+02
4.292306121377898194e+02
4.279893284985230935e+02
4.269683092116951570e+02
4.257275727686782716e+02
4.247051007925966815e+02
4.234647940305020484e+02
4.224407515579167693e+02
4.212007343009818783e+02
4.201749792186612353e+02
4.189350852824716185e+02
4.179074475398551840e+02
4.166674808126502967e+02
4.156377581669005963e+02
4.143974880140289088e+02
4.133654410350778790e+02
4.121245968997671980e+02
4.110899430968830188e+02
4.098482081461367557e+02
4.088106150498957732e+02
4.075676186864008059e+02
4.065266956876189397e+02
4.052820047077530035e+02
4.042372934257210773e+02
4.029904015592570659e+02
4.019413644307583695e+02
4.006916800112244914e+02
3.996376867201097980e+02
3.983845179669255572e+02
3.973248296812203080e+02
3.960673668960797613e+02
3.950011169663488886e+02
3.937384133991072872e+02
3.926645824508066767e+02
3.913955282100112072e+02
3.903129263429855200e+02
3.890362064529066402e+02
3.879434328476781957e+02
3.866575439897832211e+02
3.855528819940604990e+02
3.842560413984870138e+02
3.831376949526392650e+02
3.818274571788615503e+02
3.806931950009828256e+02
3.793678740525892294e+02
3.782134036498729870e+02
3.768701760877248148e+02
3.756965265586540568e+02
3.743246378395134002e+02
3.731273363662139104e+02
3.717437855949433470e+02
3.704871469214927515e+02
3.690764487627219523e+02
3.678552442448450961e+02
3.662893005935434303e+02
3.650115143297405211e+02
3.637270768710207562e+02
3.619736959759548540e+02
3.603883801409701846e+02
3.600000000000000000e+02
