-3.558498316296981260e-09
-3.558498480387324754e-09
-3.558498721402425741e-09
-3.558499036937312010e-09
-3.558499482365401777e-09
-3.558500080656391815e-09
-3.558500910957508901e-09
-3.558502038683546661e-09
-3.558503592231324802e-09
-3.558505712492644737e-09
-3.558508624034095330e-09
-3.558512605973986013e-09
-3.558518066388660674e-09
-3.558525541022233626e-09
-3.558535784766101176e-09
-3.558549812669854945e-09
-3.558569032344066971e-09
-3.558595356405268381e-09
-3.558613232529355042e-09
-3.558631694500264982e-09
-3.558655636815755213e-09
-3.558681442367672323e-09
-3.558713748257256557e-09
-3.558749561136030874e-09
-3.558793371643660600e-09
-3.558842846246611893e-09
-3.558902459954245727e-09
-3.558970606995777822e-09
-3.559051906829272842e-09
-3.559145593609384879e-09
-3.559256634078905409e-09
-3.559385271092598336e-09
-3.559537081259088124e-09
-3.559624859555631023e-09
-3.559714437489322621e-09
-3.559766747680646567e-09
-3.559814189312243767e-09
-3.559870410348172312e-09
-3.559922099752125087e-09
-3.559982561481055072e-09
-3.560038836645876754e-09
-3.560103895616017761e-09
-3.560165122443055498e-09
-3.560235164149426276e-09
-3.560301738735132168e-09
-3.560377179932362179e-09
-3.560449531076193636e-09
-3.560530822366354291e-09
-3.560609414202386287e-09
-3.560697042821542399e-09
-3.560782377709044748e-09
-3.560876870524998017e-09
-3.560969492160067978e-09
-3.561071418941062101e-09
-3.561171915747831211e-09
-3.561281892635837360e-09
-3.561390901437551934e-09
-3.561509594776482557e-09
-3.561627804716326554e-09
-3.561755935189248274e-09
-3.561884091998987756e-09
-3.562022439046777103e-09
-3.562161349705952231e-09
-3.562310756357452632e-09
-3.562461294091777814e-09
-3.562622672154055606e-09
-3.562785781841157299e-09
-3.562960117553249778e-09
-3.563136821582237757e-09
-3.563325181722009681e-09
-3.563516586314639494e-09
-3.563720124774205142e-09
-3.563927426875517187e-09
-3.564147391792409498e-09
-3.564371886478161196e-09
-3.564609627952324283e-09
-3.564852716446679692e-09
-3.564982203524517852e-09
-3.565107723778426294e-09
-3.565242234511476761e-09
-3.565372959311052865e-09
-3.565512697461618920e-09
-3.565648833349540449e-09
-3.565794010819253559e-09
-3.565935772658537983e-09
-3.566086609813595709e-09
-3.566234221119620991e-09
-3.566390947131087433e-09
-3.566544640419867740e-09
-3.566707493618144007e-09
-3.566867510766624768e-09
-3.567036739008859445e-09
-3.567203331628680155e-09
-3.567379192681172831e-09
-3.567552622509158749e-09
-3.567735384446653335e-09
-3.567915923750635671e-09
-3.568105865369896229e-09
-3.568293797369363677e-09
-3.568491208619797617e-09
-3.568686827925335227e-09
-3.568892010357622984e-09
-3.569095623426602243e-09
-3.569308890657976445e-09
-3.569520816270223828e-09
-3.569742494469411788e-09
-3.569963064220559962e-09
-3.570193492610500628e-09
-3.570423051425687457e-09
-3.570662582808444927e-09
-3.570901489477934018e-09
-3.571150490778833073e-09
-3.571399118512649127e-09
-3.571657971347096202e-09
-3.571916708354081634e-09
-3.572185809617601842e-09
-3.572455059705901521e-09
-3.572734822187250717e-09
-3.573015005390009158e-09
-3.573305858409920741e-09
-3.573597411635007253e-09
-3.573899801708872192e-09
-3.574203179415013345e-09
-3.574517570944664567e-09
-3.574833245845062221e-09
-3.575160121836174702e-09
-3.575488585630112513e-09
-3.575828448439234642e-09
-3.576170212573091678e-09
-3.576523584683358691e-09
-3.576879181142137722e-09
-3.577246605971994607e-09
-3.577616588104072884e-09
-3.577998630846396998e-09
-3.578383574219265274e-09
-3.578780822714924080e-09
-3.579181326007251679e-09
-3.579594391653504220e-09
-3.580011077581613588e-09
-3.580440596277565109e-09
-3.580874112559763933e-09
-3.581320745689098634e-09
-3.581771766047781031e-09
-3.582236201501415382e-09
-3.582705426706363710e-09
-3.583188379946173425e-09
-3.583676538898238922e-09
-3.584178754064091728e-09
-3.584686604923383666e-09
-3.585208855983647860e-09
-3.585737187342068266e-09
-3.586280279291019519e-09
-3.586829911392899279e-09
-3.587394681495545565e-09
-3.587966467506402170e-09
-3.588553786593621960e-09
-3.589148613920744669e-09
-3.589759387735641247e-09
-3.590378179401071525e-09
-3.591013349999573405e-09
-3.591657066069342326e-09
-3.592317613276445203e-09
-3.592987252346135235e-09
-3.593674195271029690e-09
-3.594370796011380698e-09
-3.595085194622957055e-09
-3.595809837387421508e-09
-3.596552794153408865e-09
-3.597306602650592337e-09
-3.598079264242337280e-09
-3.598863407274330084e-09
-3.599666966340313692e-09
-3.600482659611185221e-09
-3.601318356621671400e-09
-3.602166864617974672e-09
-3.603035989784128734e-09
-3.603918627731332263e-09
-3.604822523000774713e-09
-3.605740658897544478e-09
-3.606680720030642183e-09
-3.607635776765060388e-09
-3.608613455494184784e-09
-3.609606913044708728e-09
-3.610623719320204066e-09
-3.611657117045228452e-09
-3.612714621370519504e-09
-3.613789560389839771e-09
-3.614889396250896445e-09
-3.616007541922993100e-09
-3.617151408314819203e-09
-3.618314492813571756e-09
-3.619504156868056060e-09
-3.620713981863276388e-09
-3.621333465774409357e-09
-3.621949621425467788e-09
-3.622581288181903618e-09
-3.623209799510728748e-09
-3.623853891818102260e-09
-3.624495003435508666e-09
-3.625151768812631307e-09
-3.625805730193991346e-09
-3.626475421068259445e-09
-3.627142486650150622e-09
-3.627825360455032761e-09
-3.628505789733728882e-09
-3.629202109008220713e-09
-3.629896166640129815e-09
-3.630606199130195769e-09
-3.631314155034285340e-09
-3.632038173796317832e-09
-3.632760303258562495e-09
-3.633498586764890462e-09
-3.634235170544795467e-09
-3.634988002791300980e-09
-3.635739327230536664e-09
-3.636506997846397807e-09
-3.637273354979602086e-09
-3.638056159339241100e-09
-3.638837847007001591e-09
-3.639636086344256062e-09
-3.640433408308341307e-09
-3.641247389832897284e-09
-3.642060655893775948e-09
-3.642890692909905583e-09
-3.643720219026571430e-09
-3.644566631054239251e-09
-3.645412739466441966e-09
-3.646275852364809972e-09
-3.647138871717723687e-09
-3.648019017811121860e-09
-3.648899283282467098e-09
-3.649796801488854548e-09
-3.650694654918579051e-09
-3.651609890880542131e-09
-3.652525680903062221e-09
-3.653458987121424047e-09
-3.654393069300484849e-09
-3.655344805270552286e-09
-3.656297542236777110e-09
-3.657268074587288504e-09
-3.658239836178460399e-09
-3.659229538813303539e-09
-3.660220702217448108e-09
-3.661229956460187284e-09
-3.662240906361495613e-09
-3.663270101102789270e-09
-3.664301229830436816e-09
-3.665350761678347848e-09
-3.666402469358266784e-09
-3.667472742791564331e-09
-3.668545437501215652e-09
-3.669636865025713478e-09
-3.670730962951948218e-09
-3.671843965259942946e-09
-3.672959890860008337e-09
-3.674094896992910601e-09
-3.675233083158653693e-09
-3.676390530672835371e-09
-3.677551418898181880e-09
-3.678731754034118398e-09
-3.679915794585847035e-09
-3.681119472440601483e-09
-3.682327124532525861e-09
-3.683554609235671697e-09
-3.684786341206266612e-09
-3.686038106099308514e-09
-3.687294395592872426e-09
-3.688570923412228983e-09
-3.689852257563633979e-09
-3.691154040627252116e-09
-3.692460916250350837e-09
-3.693788456648034704e-09
-3.695121380427835494e-09
-3.696475190215350595e-09
-3.697834678903992721e-09
-3.699215280301051181e-09
-3.700601860917687235e-09
-3.702009786509838186e-09
-3.703423996544480754e-09
-3.704859789489012961e-09
-3.706302177110404697e-09
-3.707766391346322634e-09
-3.709237515613956713e-09
-3.710730716076127697e-09
-3.712231147156472000e-09
-3.713753909994038269e-09
-3.715284229381064216e-09
-3.716837142180198945e-09
-3.718397942920300175e-09
-3.719981604931376915e-09
-3.721573491852735305e-09
-3.723188514222017965e-09
-3.724812104168539815e-09
-3.726459110174461013e-09
-3.728115032244346280e-09
-3.729794657538479115e-09
-3.731483553327517561e-09
-3.733196446180323120e-09
-3.734918970030041881e-09
-3.736665791581497515e-09
-3.738422610832223773e-09
-3.740204035347429767e-09
-3.741995830596419077e-09
-3.743812545726294547e-09
-3.745640011090968660e-09
-3.747492718138130561e-09
-3.749356561524547993e-09
-3.751245975714421219e-09
-3.753146919091064930e-09
-3.755073769848407140e-09
-3.757012549525405146e-09
-3.758977580756281053e-09
-3.760954947670176580e-09
-3.762958918049584369e-09
-3.764975638053771379e-09
-3.767019321318966738e-09
-3.769076175479913231e-09
-3.771160360729566666e-09
-3.773258145628885324e-09
-3.775383637628167052e-09
-3.777523165670696172e-09
-3.779690785162410178e-09
-3.781872884890390111e-09
-3.784083468912298001e-09
-3.786308985325825879e-09
-3.788563387534277992e-09
-3.790833182418104456e-09
-3.793132273418094019e-09
-3.795447225674934819e-09
-3.797791893356706697e-09
-3.800152899347162640e-09
-3.802544049229512311e-09
-3.804952023118734863e-09
-3.807390578699111786e-09
-3.809846452810347513e-09
-3.812333355921902679e-09
-3.814838081097053002e-09
-3.817374292272767970e-09
-3.819928838240080048e-09
-3.822515337084141267e-09
-3.825120692833224389e-09
-3.827758478399775963e-09
-3.830415652564082419e-09
-3.833105743743545095e-09
-3.835815764990476824e-09
-3.838559200903546528e-09
-3.841323118332278535e-09
-3.844120958731726870e-09
-3.846939842278926909e-09
-3.849793167959341765e-09
-3.852668108812892993e-09
-3.855578022028530489e-09
-3.858510133049492015e-09
-3.861477757940442426e-09
-3.864468174093378442e-09
-3.867494657120223975e-09
-3.870544535912139706e-09
-3.873631046299266231e-09
-3.876741568227270634e-09
-3.879889298415012048e-09
-3.883061667422888428e-09
-3.886271833528612023e-09
-3.889507277472410697e-09
-3.892781119760756101e-09
-3.896080890883601864e-09
-3.899419674246000121e-09
-3.902785049662290690e-09
-3.906190064105982689e-09
-3.909622346295199808e-09
-3.913094907441998893e-09
-3.916595424752385230e-09
-3.920136874347405685e-09
-3.923706981509705201e-09
-3.927318687940232796e-09
-3.930959766591669131e-09
-3.934643125416352402e-09
-3.938356584634992515e-09
-3.942113019123466440e-09
-3.945900295973118395e-09
-3.949731257656273893e-09
-3.953593817742137985e-09
-3.957500786973265526e-09
-3.961440125008603464e-09
-3.965424611535703618e-09
-3.969442251919840075e-09
-3.973505795469354114e-09
-3.977603292877205041e-09
-3.981747463749428651e-09
-3.985926403732803678e-09
-3.990152803409122719e-09
-3.994414803009934827e-09
-3.998725064772114784e-09
-4.003071773147737942e-09
-4.007467562709427516e-09
-4.011900661770444666e-09
-4.016383677921231009e-09
-4.020904882981807298e-09
-4.025476858244032160e-09
-4.030087918685216192e-09
-4.034750619983845805e-09
-4.039453319930026360e-09
-4.044208549275781856e-09
-4.049004708284567275e-09
-4.053854303470644856e-09
-4.058745777236459562e-09
-4.063691612549121658e-09
-4.068680293620866401e-09
-4.073724280564232211e-09
-4.078812099077259500e-09
-4.083956187112551344e-09
-4.089145111535193471e-09
-4.094391288834613484e-09
-4.099683326729464962e-09
-4.105033620944942010e-09
-4.110430819745126394e-09
-4.115887298792240110e-09
-4.121391746593054104e-09
-4.126956519450528106e-09
-4.132570345816867444e-09
-4.138245563342037072e-09
-4.143970940131981383e-09
-4.149758795892610658e-09
-4.155597938097476657e-09
-4.161500669220156905e-09
-4.167455835821281321e-09
-4.173475723856662094e-09
-4.179549218699103748e-09
-4.185688590504224872e-09
-4.191882763187758964e-09
-4.198143991825789787e-09
-4.204461238613470674e-09
-4.210846744271256846e-09
-4.217289509015993503e-09
-4.223801759939789333e-09
-4.230372535029311521e-09
-4.237014048479090802e-09
-4.243715375799688931e-09
-4.250488719022399030e-09
-4.257323190941747072e-09
-4.264230982163788356e-09
-4.271201242533127755e-09
-4.278246151972318906e-09
-4.285354897148258239e-09
-4.292539648045529003e-09
-4.299789627931725768e-09
-4.307116997602882890e-09
-4.314511016711960599e-09
-4.321983837619882648e-09
-4.329524756156020829e-09
-4.337145917003760827e-09
-4.344836651966386396e-09
-4.352609098811584288e-09
-4.360452625120603534e-09
-4.368379362511652667e-09
-4.376378714154617590e-09
-4.384462806288986408e-09
-4.392621077490713210e-09
-4.400865649396024338e-09
-4.409185995811293571e-09
-4.417594234549899791e-09
-4.426079874480164593e-09
-4.434655030378257343e-09
-4.443309246013471489e-09
-4.452054633915980857e-09
-4.460880772602962773e-09
-4.469799773155780913e-09
-4.478801248694756419e-09
-4.487897309656107510e-09
-4.497077603627502561e-09
-4.506354241210706752e-09
-4.515716904334590645e-09
-4.525177704584890466e-09
-4.534726358115982037e-09
-4.544374978324491023e-09
-4.554113315485907487e-09
-4.563953485643982293e-09
-4.573885273103088279e-09
-4.583920797400408191e-09
-4.594049876789901627e-09
-4.604284635159177897e-09
-4.614614924645969562e-09
-4.625052874356321915e-09
-4.635588370259551174e-09
-4.646233547558950190e-09
-4.656978326016331243e-09
-4.667834847820791327e-09
-4.678793066499096980e-09
-4.689865132122149725e-09
-4.701041031962639413e-09
-4.712332924872660614e-09
-4.723730831855293693e-09
-4.735246921440276637e-09
-4.746871248341450504e-09
-4.758615991650517293e-09
-4.770471239757615929e-09
-4.782449183175962268e-09
-4.794539943908323354e-09
-4.806755724707642046e-09
-4.819086681077964247e-09
-4.831545028768227066e-09
-4.844120956602215586e-09
-4.856826693994638407e-09
-4.869652462811365869e-09
-4.882610506688861721e-09
-4.895691080133439876e-09
-4.908906441417539851e-09
-4.922246877135448510e-09
-4.935724660443228258e-09
-4.949330109298776850e-09
-4.963075511807097896e-09
-4.976951216385384008e-09
-4.990969525972542339e-09
-5.005120818376016272e-09
-5.019417411104989908e-09
-5.033849710175764810e-09
-5.048430047332972551e-09
-5.063148855615532186e-09
-5.078018480740492558e-09
-5.093029381762761040e-09
-5.108193918412884842e-09
-5.123502575221521380e-09
-5.138967726625870423e-09
-5.154579882974447269e-09
-5.170351435246682546e-09
-5.186272921403794052e-09
-5.202356752600733199e-09
-5.218593498402408746e-09
-5.234995596402559731e-09
-5.251553654876435318e-09
-5.268280147750672964e-09
-5.285165733305429510e-09
-5.302222936451999204e-09
-5.319442482116889471e-09
-5.336836966763548210e-09
-5.354397205069852400e-09
-5.372135892554548502e-09
-5.390043964073510888e-09
-5.408134249250255205e-09
-5.426397841133369469e-09
-5.444847745845953947e-09
-5.463475259426901784e-09
-5.482293612662659496e-09
-5.501294353628662961e-09
-5.520490987998182691e-09
-5.539875364097665927e-09
-5.549669578971491192e-09
-5.559458684866615870e-09
-5.569352151605179410e-09
-5.579241216930355406e-09
-5.589235549184024638e-09
-5.599226231332868243e-09
-5.609323131791462180e-09
-5.619417176452104758e-09
-5.629618433952919214e-09
-5.639817673759867410e-09
-5.650125148020221283e-09
-5.660431519379480344e-09
-5.674326227170303784e-09
-5.698771995284429004e-09
-5.716541237023947602e-09
-5.741426637739069318e-09
-5.759628198884995832e-09
-5.784965563821254933e-09
-5.803610319385057140e-09
-5.829410859788028081e-09
-5.848509746545866667e-09
-5.874784797663329472e-09
-5.894348782820778909e-09
-5.921109642837924423e-09
-5.941149572948202657e-09
-5.968407322939022889e-09
-5.988933719053113887e-09
-6.016698992114285603e-09
-6.037721789002899970e-09
-6.066004479067824982e-09
-6.087532699718681251e-09
-6.116341601399150868e-09
-6.138382957951343703e-09
-6.167725328963611184e-09
-6.190285741962768671e-09
-6.220166780739986847e-09
-6.243249810157250452e-09
-6.273672043366434322e-09
-6.297278227594744653e-09
-6.328240805798952480e-09
-6.352366909215189794e-09
-6.383864814254056756e-09
-6.408502990338609102e-09
-6.440526165572234104e-09
-6.465663051435703397e-09
-6.498195476214461160e-09
-6.523811246063978122e-09
-6.556829988956877424e-09
-6.582897408762038524e-09
-6.616371710297544664e-09
-6.642855253631548387e-09
-6.676745708322398974e-09
-6.703600813566111259e-09
-6.737858742030382132e-09
-6.765031312738390102e-09
-6.799598436335041517e-09
-6.827024707723996784e-09
-6.861833258037599317e-09
-6.889440170605251234e-09
-6.924413581306456815e-09
-6.952119814166694819e-09
-6.987174149674371310e-09
-7.014891967652536950e-09
-7.049938238127563954e-09
-7.077576294881338888e-09
-7.112523788005877120e-09
-7.139991001131255700e-09
-7.174751728163430238e-09
-7.201962303760323488e-09
-7.236456615494519141e-09
-7.263336257190790985e-09
-7.297499646722168165e-09
-7.323992954130467003e-09
-7.357784049222327232e-09
-7.383863120407932411e-09
-7.417272912334154286e-09
-7.442947254811916190e-09
-7.476009761712602062e-09
-7.501337845424612369e-09
-7.534142737108927663e-09
-7.559245976919843486e-09
-7.591954301674782407e-09
-7.617035072285858773e-09
-7.649900302087703274e-09
-7.675267002576333409e-09
-7.708665475955418651e-09
-7.734770127133432180e-09
-7.769248264143022121e-09
-7.796746547606921533e-09
-7.833098301681853033e-09
-7.862950291504601699e-09
-7.902349791614703920e-09
-7.935997554048823216e-09
-7.980230947037863900e-09
-8.019930924960419324e-09
-8.071832542314869880e-09
