0.000000000000000000e+00
1.000000000000000000e+01
2.000000000000000000e+01
3.000000000000000000e+01
4.000000000000000000e+01
5.000000000000000000e+01
6.000000000000000000e+01
7.000000000000000000e+01
8.000000000000000000e+01
9.000000000000000000e+01
1.000000000000000000e+02
1.100000000000000000e+02
1.200000000000000000e+02
1.300000000000000000e+02
1.400000000000000000e+02
1.500000000000000000e+02
1.600000000000000000e+02
1.700000000000000000e+02
1.750000000000000000e+02
1.800000000000000000e+02
1.850000000000000000e+02
1.900000000000000000e+02
1.950000000000000000e+02
2.000000000000000000e+02
2.050000000000000000e+02
2.100000000000000000e+02
2.150000000000000000e+02
2.200000000000000000e+02
2.250000000000000000e+02
2.300000000000000000e+02
2.350000000000000000e+02
2.400000000000000000e+02
2.450000000000000000e+02
2.475000000000000000e+02
2.500000000000000000e+02
2.506250000000000000e+02
2.512500000000000000e+02
2.518750000000000000e+02
2.525000000000000000e+02
2.531250000000000000e+02
2.537500000000000000e+02
2.543750000000000000e+02
2.550000000000000000e+02
2.556250000000000000e+02
2.562500000000000000e+02
2.568750000000000000e+02
2.575000000000000000e+02
2.581250000000000000e+02
2.587500000000000000e+02
2.593750000000000000e+02
2.600000000000000000e+02
2.606250000000000000e+02
2.612500000000000000e+02
2.618750000000000000e+02
2.625000000000000000e+02
2.631250000000000000e+02
2.637500000000000000e+02
2.643750000000000000e+02
2.650000000000000000e+02
2.656250000000000000e+02
2.662500000000000000e+02
2.668750000000000000e+02
2.675000000000000000e+02
2.681250000000000000e+02
2.687500000000000000e+02
2.693750000000000000e+02
2.700000000000000000e+02
2.706250000000000000e+02
2.712500000000000000e+02
2.718750000000000000e+02
2.725000000000000000e+02
2.731250000000000000e+02
2.737500000000000000e+02
2.743750000000000000e+02
2.750000000000000000e+02
2.756250000000000000e+02
2.762500000000000000e+02
2.768750000000000000e+02
2.775000000000000000e+02
2.781250000000000000e+02
2.787500000000000000e+02
2.793750000000000000e+02
2.800000000000000000e+02
2.806250000000000000e+02
2.812500000000000000e+02
2.818750000000000000e+02
2.825000000000000000e+02
2.831250000000000000e+02
2.837500000000000000e+02
2.843750000000000000e+02
2.850000000000000000e+02
2.856250000000000000e+02
2.862500000000000000e+02
2.868750000000000000e+02
2.875000000000000000e+02
2.881250000000000000e+02
2.887500000000000000e+02
2.893750000000000000e+02
2.900000000000000000e+02
2.906250000000000000e+02
2.912500000000000000e+02
2.918750000000000000e+02
2.925000000000000000e+02
2.931250000000000000e+02
2.937500000000000000e+02
2.943750000000000000e+02
2.950000000000000000e+02
2.956250000000000000e+02
2.962500000000000000e+02
2.968750000000000000e+02
2.975000000000000000e+02
2.981250000000000000e+02
2.987500000000000000e+02
2.993750000000000000e+02
3.000000000000000000e+02
3.006250000000000000e+02
3.012500000000000000e+02
3.018750000000000000e+02
3.025000000000000000e+02
3.028125000000000000e+02
3.031250000000000000e+02
3.034375000000000000e+02
3.037500000000000000e+02
3.040625000000000000e+02
3.043750000000000000e+02
3.046875000000000000e+02
3.050000000000000000e+02
3.053125000000000000e+02
3.056250000000000000e+02
3.059375000000000000e+02
3.062500000000000000e+02
3.065625000000000000e+02
3.068750000000000000e+02
3.071875000000000000e+02
3.075000000000000000e+02
3.078125000000000000e+02
3.081250000000000000e+02
3.084375000000000000e+02
3.087500000000000000e+02
3.090625000000000000e+02
3.093750000000000000e+02
3.096875000000000000e+02
3.100000000000000000e+02
3.103125000000000000e+02
3.106250000000000000e+02
3.109375000000000000e+02
3.112500000000000000e+02
3.115625000000000000e+02
3.118750000000000000e+02
3.121875000000000000e+02
3.125000000000000000e+02
3.128125000000000000e+02
3.131250000000000000e+02
3.134375000000000000e+02
3.137500000000000000e+02
3.140625000000000000e+02
3.143750000000000000e+02
3.146875000000000000e+02
3.150000000000000000e+02
3.153125000000000000e+02
3.156250000000000000e+02
3.159375000000000000e+02
3.162500000000000000e+02
3.165625000000000000e+02
3.168750000000000000e+02
3.171875000000000000e+02
3.175000000000000000e+02
3.178125000000000000e+02
3.181250000000000000e+02
3.184375000000000000e+02
3.187500000000000000e+02
3.190625000000000000e+02
3.193750000000000000e+02
3.196875000000000000e+02
3.200000000000000000e+02
3.203125000000000000e+02
3.206250000000000000e+02
3.209375000000000000e+02
3.212500000000000000e+02
3.215625000000000000e+02
3.218750000000000000e+02
3.221875000000000000e+02
3.225000000000000000e+02
3.228125000000000000e+02
3.231250000000000000e+02
3.234375000000000000e+02
3.237500000000000000e+02
3.240625000000000000e+02
3.243750000000000000e+02
3.246875000000000000e+02
3.250000000000000000e+02
3.253125000000000000e+02
3.256250000000000000e+02
3.259375000000000000e+02
3.262500000000000000e+02
3.265625000000000000e+02
3.268750000000000000e+02
3.271875000000000000e+02
3.275000000000000000e+02
3.278125000000000000e+02
3.281250000000000000e+02
3.284375000000000000e+02
3.287500000000000000e+02
3.290625000000000000e+02
3.293750000000000000e+02
3.296875000000000000e+02
3.300000000000000000e+02
3.303125000000000000e+02
3.306250000000000000e+02
3.309375000000000000e+02
3.312500000000000000e+02
3.315625000000000000e+02
3.318750000000000000e+02
3.321875000000000000e+02
3.325000000000000000e+02
3.328125000000000000e+02
3.331250000000000000e+02
3.334375000000000000e+02
3.337500000000000000e+02
3.340625000000000000e+02
3.343750000000000000e+02
3.346875000000000000e+02
3.350000000000000000e+02
3.353125000000000000e+02
3.356250000000000000e+02
3.359375000000000000e+02
3.362500000000000000e+02
3.365625000000000000e+02
3.368750000000000000e+02
3.371875000000000000e+02
3.375000000000000000e+02
3.378125000000000000e+02
3.381250000000000000e+02
3.384375000000000000e+02
3.387500000000000000e+02
3.390625000000000000e+02
3.393750000000000000e+02
3.396875000000000000e+02
3.400000000000000000e+02
3.403125000000000000e+02
3.406250000000000000e+02
3.409375000000000000e+02
3.412500000000000000e+02
3.415625000000000000e+02
3.418750000000000000e+02
3.421875000000000000e+02
3.425000000000000000e+02
3.428125000000000000e+02
3.431250000000000000e+02
3.434375000000000000e+02
3.437500000000000000e+02
3.440625000000000000e+02
3.443750000000000000e+02
3.446875000000000000e+02
3.450000000000000000e+02
3.453125000000000000e+02
3.456250000000000000e+02
3.459375000000000000e+02
3.462500000000000000e+02
3.465625000000000000e+02
3.468750000000000000e+02
3.471875000000000000e+02
3.475000000000000000e+02
3.478125000000000000e+02
3.481250000000000000e+02
3.484375000000000000e+02
3.487500000000000000e+02
3.490625000000000000e+02
3.493750000000000000e+02
3.496875000000000000e+02
3.500000000000000000e+02
3.503125000000000000e+02
3.506250000000000000e+02
3.509375000000000000e+02
3.512500000000000000e+02
3.515625000000000000e+02
3.518750000000000000e+02
3.521875000000000000e+02
3.525000000000000000e+02
3.528125000000000000e+02
3.531250000000000000e+02
3.534375000000000000e+02
3.537500000000000000e+02
3.540625000000000000e+02
3.543750000000000000e+02
3.546875000000000000e+02
3.550000000000000000e+02
3.553125000000000000e+02
3.556250000000000000e+02
3.559375000000000000e+02
3.562500000000000000e+02
3.565625000000000000e+02
3.568750000000000000e+02
3.571875000000000000e+02
3.575000000000000000e+02
3.578125000000000000e+02
3.581250000000000000e+02
3.584375000000000000e+02
3.587500000000000000e+02
3.590625000000000000e+02
3.593750000000000000e+02
3.596875000000000000e+02
3.600000000000000000e+02
3.603125000000000000e+02
3.606250000000000000e+02
3.609375000000000000e+02
3.612500000000000000e+02
3.615625000000000000e+02
3.618750000000000000e+02
3.621875000000000000e+02
3.625000000000000000e+02
3.628125000000000000e+02
3.631250000000000000e+02
3.634375000000000000e+02
3.637500000000000000e+02
3.640625000000000000e+02
3.643750000000000000e+02
3.646875000000000000e+02
3.650000000000000000e+02
3.653125000000000000e+02
3.656250000000000000e+02
3.659375000000000000e+02
3.662500000000000000e+02
3.665625000000000000e+02
3.668750000000000000e+02
3.671875000000000000e+02
3.675000000000000000e+02
3.678125000000000000e+02
3.681250000000000000e+02
3.684375000000000000e+02
3.687500000000000000e+02
3.690625000000000000e+02
3.693750000000000000e+02
3.696875000000000000e+02
3.700000000000000000e+02
3.703125000000000000e+02
3.706250000000000000e+02
3.709375000000000000e+02
3.712500000000000000e+02
3.715625000000000000e+02
3.718750000000000000e+02
3.721875000000000000e+02
3.725000000000000000e+02
3.728125000000000000e+02
3.731250000000000000e+02
3.734375000000000000e+02
3.737500000000000000e+02
3.740625000000000000e+02
3.743750000000000000e+02
3.746875000000000000e+02
3.750000000000000000e+02
3.751562500000000000e+02
3.753125000000000000e+02
3.754687500000000000e+02
3.756250000000000000e+02
3.757812500000000000e+02
3.759375000000000000e+02
3.760937500000000000e+02
3.762500000000000000e+02
3.764062500000000000e+02
3.765625000000000000e+02
3.767187500000000000e+02
3.768750000000000000e+02
3.770312500000000000e+02
3.771875000000000000e+02
3.773437500000000000e+02
3.775000000000000000e+02
3.776562500000000000e+02
3.778125000000000000e+02
3.779687500000000000e+02
3.781250000000000000e+02
3.782812500000000000e+02
3.784375000000000000e+02
3.785937500000000000e+02
3.787500000000000000e+02
3.789062500000000000e+02
3.790625000000000000e+02
3.792187500000000000e+02
3.793750000000000000e+02
3.795312500000000000e+02
3.796875000000000000e+02
3.798437500000000000e+02
3.800000000000000000e+02
3.801562500000000000e+02
3.803125000000000000e+02
3.804687500000000000e+02
3.806250000000000000e+02
3.807812500000000000e+02
3.809375000000000000e+02
3.810937500000000000e+02
3.812500000000000000e+02
3.814062500000000000e+02
3.815625000000000000e+02
3.817187500000000000e+02
3.818750000000000000e+02
3.820312500000000000e+02
3.821875000000000000e+02
3.823437500000000000e+02
3.825000000000000000e+02
3.826562500000000000e+02
3.828125000000000000e+02
3.829687500000000000e+02
3.831250000000000000e+02
3.832812500000000000e+02
3.834375000000000000e+02
3.835937500000000000e+02
3.837500000000000000e+02
3.839062500000000000e+02
3.840625000000000000e+02
3.842187500000000000e+02
3.843750000000000000e+02
3.845312500000000000e+02
3.846875000000000000e+02
3.848437500000000000e+02
3.850000000000000000e+02
3.851562500000000000e+02
3.853125000000000000e+02
3.854687500000000000e+02
3.856250000000000000e+02
3.857812500000000000e+02
3.859375000000000000e+02
3.860937500000000000e+02
3.862500000000000000e+02
3.864062500000000000e+02
3.865625000000000000e+02
3.867187500000000000e+02
3.868750000000000000e+02
3.870312500000000000e+02
3.871875000000000000e+02
3.873437500000000000e+02
3.875000000000000000e+02
3.876562500000000000e+02
3.878125000000000000e+02
3.879687500000000000e+02
3.881250000000000000e+02
3.882812500000000000e+02
3.884375000000000000e+02
3.885937500000000000e+02
3.887500000000000000e+02
3.889062500000000000e+02
3.890625000000000000e+02
3.892187500000000000e+02
3.893750000000000000e+02
3.895312500000000000e+02
3.896875000000000000e+02
3.898437500000000000e+02
3.900000000000000000e+02
3.901562500000000000e+02
3.903125000000000000e+02
3.904687500000000000e+02
3.906250000000000000e+02
3.907812500000000000e+02
3.909375000000000000e+02
3.910937500000000000e+02
3.912500000000000000e+02
3.914062500000000000e+02
3.915625000000000000e+02
3.917187500000000000e+02
3.918750000000000000e+02
3.920312500000000000e+02
3.921875000000000000e+02
3.923437500000000000e+02
3.925000000000000000e+02
3.926562500000000000e+02
3.928125000000000000e+02
3.929687500000000000e+02
3.931250000000000000e+02
3.932812500000000000e+02
3.934375000000000000e+02
3.935937500000000000e+02
3.937500000000000000e+02
3.939062500000000000e+02
3.940625000000000000e+02
3.942187500000000000e+02
3.943750000000000000e+02
3.945312500000000000e+02
3.946875000000000000e+02
3.948437500000000000e+02
3.950000000000000000e+02
3.951562500000000000e+02
3.953125000000000000e+02
3.954687500000000000e+02
3.956250000000000000e+02
3.957812500000000000e+02
3.959375000000000000e+02
3.960937500000000000e+02
3.962500000000000000e+02
3.964062500000000000e+02
3.965625000000000000e+02
3.967187500000000000e+02
3.968750000000000000e+02
3.970312500000000000e+02
3.971875000000000000e+02
3.973437500000000000e+02
3.975000000000000000e+02
3.976562500000000000e+02
3.978125000000000000e+02
3.979687500000000000e+02
3.981250000000000000e+02
3.982812500000000000e+02
3.984375000000000000e+02
3.985937500000000000e+02
3.987500000000000000e+02
3.989062500000000000e+02
3.990625000000000000e+02
3.992187500000000000e+02
3.993750000000000000e+02
3.995312500000000000e+02
3.996875000000000000e+02
3.998437500000000000e+02
4.000000000000000000e+02
4.001562500000000000e+02
4.003125000000000000e+02
4.004687500000000000e+02
4.006250000000000000e+02
4.007812500000000000e+02
4.009375000000000000e+02
4.010937500000000000e+02
4.012500000000000000e+02
4.014062500000000000e+02
4.015625000000000000e+02
4.017187500000000000e+02
4.018750000000000000e+02
4.020312500000000000e+02
4.021875000000000000e+02
4.023437500000000000e+02
4.025000000000000000e+02
4.026562500000000000e+02
4.028125000000000000e+02
4.029687500000000000e+02
4.031250000000000000e+02
4.032812500000000000e+02
4.034375000000000000e+02
4.035937500000000000e+02
4.037500000000000000e+02
4.039062500000000000e+02
4.040625000000000000e+02
4.042187500000000000e+02
4.043750000000000000e+02
4.045312500000000000e+02
4.046875000000000000e+02
4.048437500000000000e+02
4.050000000000000000e+02
4.051562500000000000e+02
4.053125000000000000e+02
4.054687500000000000e+02
4.056250000000000000e+02
4.057812500000000000e+02
4.059375000000000000e+02
4.060937500000000000e+02
4.062500000000000000e+02
4.064062500000000000e+02
4.065625000000000000e+02
4.067187500000000000e+02
4.068750000000000000e+02
4.070312500000000000e+02
4.071875000000000000e+02
4.073437500000000000e+02
4.075000000000000000e+02
4.076562500000000000e+02
4.078125000000000000e+02
4.079687500000000000e+02
4.081250000000000000e+02
4.082812500000000000e+02
4.084375000000000000e+02
4.085937500000000000e+02
4.087500000000000000e+02
4.089062500000000000e+02
4.090625000000000000e+02
4.092187500000000000e+02
4.093750000000000000e+02
4.095312500000000000e+02
4.096875000000000000e+02
4.098437500000000000e+02
4.100000000000000000e+02
4.101562500000000000e+02
4.103125000000000000e+02
4.104687500000000000e+02
4.106250000000000000e+02
4.107812500000000000e+02
4.109375000000000000e+02
4.110937500000000000e+02
4.112500000000000000e+02
4.114062500000000000e+02
4.115625000000000000e+02
4.117187500000000000e+02
4.118750000000000000e+02
4.120312500000000000e+02
4.121875000000000000e+02
4.123437500000000000e+02
4.125000000000000000e+02
4.126562500000000000e+02
4.128125000000000000e+02
4.129687500000000000e+02
4.131250000000000000e+02
4.132812500000000000e+02
4.134375000000000000e+02
4.135937500000000000e+02
4.137500000000000000e+02
4.139062500000000000e+02
4.140625000000000000e+02
4.142187500000000000e+02
4.143750000000000000e+02
4.145312500000000000e+02
4.146875000000000000e+02
4.148437500000000000e+02
4.150000000000000000e+02
4.151562500000000000e+02
4.153125000000000000e+02
4.154687500000000000e+02
4.156250000000000000e+02
4.157812500000000000e+02
4.159375000000000000e+02
4.160937500000000000e+02
4.162500000000000000e+02
4.164062500000000000e+02
4.165625000000000000e+02
4.167187500000000000e+02
4.168750000000000000e+02
4.170312500000000000e+02
4.171875000000000000e+02
4.173437500000000000e+02
4.175000000000000000e+02
4.176562500000000000e+02
4.178125000000000000e+02
4.179687500000000000e+02
4.181250000000000000e+02
4.182812500000000000e+02
4.184375000000000000e+02
4.185937500000000000e+02
4.187500000000000000e+02
4.189062500000000000e+02
4.190625000000000000e+02
4.192187500000000000e+02
4.193750000000000000e+02
4.195312500000000000e+02
4.196875000000000000e+02
4.198437500000000000e+02
4.200000000000000000e+02
4.201562500000000000e+02
4.203125000000000000e+02
4.204687500000000000e+02
4.206250000000000000e+02
4.207812500000000000e+02
4.209375000000000000e+02
4.210937500000000000e+02
4.212500000000000000e+02
4.214062500000000000e+02
4.215625000000000000e+02
4.217187500000000000e+02
4.218750000000000000e+02
4.220312500000000000e+02
4.221875000000000000e+02
4.223437500000000000e+02
4.225000000000000000e+02
4.226562500000000000e+02
4.228125000000000000e+02
4.229687500000000000e+02
4.231250000000000000e+02
4.232812500000000000e+02
4.234375000000000000e+02
4.235937500000000000e+02
4.237500000000000000e+02
4.239062500000000000e+02
4.240625000000000000e+02
4.242187500000000000e+02
4.243750000000000000e+02
4.245312500000000000e+02
4.246875000000000000e+02
4.248437500000000000e+02
4.250000000000000000e+02
4.251562500000000000e+02
4.253125000000000000e+02
4.254687500000000000e+02
4.256250000000000000e+02
4.257812500000000000e+02
4.259375000000000000e+02
4.260937500000000000e+02
4.262500000000000000e+02
4.264062500000000000e+02
4.265625000000000000e+02
4.267187500000000000e+02
4.268750000000000000e+02
4.270312500000000000e+02
4.271875000000000000e+02
4.273437500000000000e+02
4.275000000000000000e+02
4.276562500000000000e+02
4.278125000000000000e+02
4.279687500000000000e+02
4.281250000000000000e+02
4.282812500000000000e+02
4.284375000000000000e+02
4.285937500000000000e+02
4.287500000000000000e+02
4.289062500000000000e+02
4.290625000000000000e+02
4.292187500000000000e+02
4.293750000000000000e+02
4.295312500000000000e+02
4.296875000000000000e+02
4.298437500000000000e+02
4.300000000000000000e+02
4.301562500000000000e+02
4.303125000000000000e+02
4.304687500000000000e+02
4.306250000000000000e+02
4.307812500000000000e+02
4.309375000000000000e+02
4.310937500000000000e+02
4.312500000000000000e+02
4.314062500000000000e+02
4.315625000000000000e+02
4.317187500000000000e+02
4.318750000000000000e+02
4.320312500000000000e+02
4.321875000000000000e+02
4.323437500000000000e+02
4.325000000000000000e+02
4.326562500000000000e+02
4.328125000000000000e+02
4.329687500000000000e+02
4.331250000000000000e+02
4.332812500000000000e+02
4.334375000000000000e+02
4.335937500000000000e+02
4.337500000000000000e+02
4.339062500000000000e+02
4.340625000000000000e+02
4.342187500000000000e+02
4.343750000000000000e+02
4.345312500000000000e+02
4.346875000000000000e+02
4.348437500000000000e+02
4.350000000000000000e+02
4.351562500000000000e+02
4.353125000000000000e+02
4.354687500000000000e+02
4.356250000000000000e+02
4.357812500000000000e+02
4.359375000000000000e+02
4.360937500000000000e+02
4.362500000000000000e+02
4.364062500000000000e+02
4.365625000000000000e+02
4.367187500000000000e+02
4.368750000000000000e+02
4.370312500000000000e+02
4.371875000000000000e+02
4.373437500000000000e+02
4.375000000000000000e+02
4.376562500000000000e+02
4.378125000000000000e+02
4.379687500000000000e+02
4.381250000000000000e+02
4.382812500000000000e+02
4.384375000000000000e+02
4.385937500000000000e+02
4.387500000000000000e+02
4.389062500000000000e+02
4.390625000000000000e+02
4.392187500000000000e+02
4.393750000000000000e+02
4.395312500000000000e+02
4.396875000000000000e+02
4.398437500000000000e+02
4.400000000000000000e+02
4.401562500000000000e+02
4.403125000000000000e+02
4.404687500000000000e+02
4.406250000000000000e+02
4.407812500000000000e+02
4.409375000000000000e+02
4.410937500000000000e+02
4.412500000000000000e+02
4.414062500000000000e+02
4.415625000000000000e+02
4.417187500000000000e+02
4.418750000000000000e+02
4.420312500000000000e+02
4.421875000000000000e+02
4.423437500000000000e+02
4.425000000000000000e+02
4.426562500000000000e+02
4.428125000000000000e+02
4.429687500000000000e+02
4.431250000000000000e+02
4.432812500000000000e+02
4.434375000000000000e+02
4.435937500000000000e+02
4.437500000000000000e+02
4.439062500000000000e+02
4.440625000000000000e+02
4.442187500000000000e+02
4.443750000000000000e+02
4.445312500000000000e+02
4.446875000000000000e+02
4.448437500000000000e+02
4.450000000000000000e+02
4.451562500000000000e+02
4.453125000000000000e+02
4.454687500000000000e+02
4.456250000000000000e+02
4.457812500000000000e+02
4.459375000000000000e+02
4.460937500000000000e+02
4.462500000000000000e+02
4.464062500000000000e+02
4.465625000000000000e+02
4.467187500000000000e+02
4.468750000000000000e+02
4.470312500000000000e+02
4.471875000000000000e+02
4.473437500000000000e+02
4.475000000000000000e+02
4.476562500000000000e+02
4.478125000000000000e+02
4.479687500000000000e+02
4.481250000000000000e+02
4.482812500000000000e+02
4.484375000000000000e+02
4.485937500000000000e+02
4.487500000000000000e+02
4.489062500000000000e+02
4.490625000000000000e+02
4.492187500000000000e+02
4.493750000000000000e+02
4.495312500000000000e+02
4.496875000000000000e+02
4.498437500000000000e+02
4.500000000000000000e+02
4.501562500000000000e+02
4.503125000000000000e+02
4.504687500000000000e+02
4.506250000000000000e+02
4.507812500000000000e+02
4.509375000000000000e+02
4.510937500000000000e+02
4.512500000000000000e+02
4.514062500000000000e+02
4.515625000000000000e+02
4.517187500000000000e+02
4.518750000000000000e+02
4.520312500000000000e+02
4.521875000000000000e+02
4.523437500000000000e+02
4.525000000000000000e+02
4.526562500000000000e+02
4.528125000000000000e+02
4.529687500000000000e+02
4.531250000000000000e+02
4.532812500000000000e+02
4.534375000000000000e+02
4.535937500000000000e+02
4.537500000000000000e+02
4.539062500000000000e+02
4.540625000000000000e+02
4.542187500000000000e+02
4.543750000000000000e+02
4.545312500000000000e+02
4.546875000000000000e+02
4.548437500000000000e+02
4.550000000000000000e+02
4.551562500000000000e+02
4.553125000000000000e+02
4.554687500000000000e+02
4.556250000000000000e+02
4.557812500000000000e+02
4.559375000000000000e+02
4.560937500000000000e+02
4.562500000000000000e+02
4.564062500000000000e+02
4.565625000000000000e+02
4.567187500000000000e+02
4.568750000000000000e+02
4.570312500000000000e+02
4.571875000000000000e+02
4.573437500000000000e+02
4.575000000000000000e+02
4.576562500000000000e+02
4.578125000000000000e+02
4.579687500000000000e+02
4.581250000000000000e+02
4.582812500000000000e+02
4.584375000000000000e+02
4.585937500000000000e+02
4.587500000000000000e+02
4.589062500000000000e+02
4.590625000000000000e+02
4.592187500000000000e+02
4.593750000000000000e+02
4.595312500000000000e+02
4.596875000000000000e+02
4.598437500000000000e+02
4.600000000000000000e+02
4.601562500000000000e+02
4.603125000000000000e+02
4.604687500000000000e+02
4.606250000000000000e+02
4.607812500000000000e+02
4.609375000000000000e+02
4.610937500000000000e+02
4.612500000000000000e+02
4.614062500000000000e+02
4.615625000000000000e+02
4.617187500000000000e+02
4.618750000000000000e+02
4.620312500000000000e+02
4.621875000000000000e+02
4.623437500000000000e+02
4.625000000000000000e+02
4.626562500000000000e+02
4.628125000000000000e+02
4.629687500000000000e+02
4.631250000000000000e+02
4.632812500000000000e+02
4.634375000000000000e+02
4.635937500000000000e+02
4.637500000000000000e+02
4.639062500000000000e+02
4.640625000000000000e+02
4.642187500000000000e+02
4.643750000000000000e+02
4.645312500000000000e+02
4.646875000000000000e+02
4.648437500000000000e+02
4.650000000000000000e+02
4.651562500000000000e+02
4.653125000000000000e+02
4.654687500000000000e+02
4.656250000000000000e+02
4.657812500000000000e+02
4.659375000000000000e+02
4.660937500000000000e+02
4.662500000000000000e+02
4.664062500000000000e+02
4.665625000000000000e+02
4.667187500000000000e+02
4.668750000000000000e+02
4.670312500000000000e+02
4.671875000000000000e+02
4.673437500000000000e+02
4.675000000000000000e+02
4.676562500000000000e+02
4.678125000000000000e+02
4.679687500000000000e+02
4.681250000000000000e+02
4.682812500000000000e+02
4.684375000000000000e+02
4.685937500000000000e+02
4.687500000000000000e+02
4.689062500000000000e+02
4.690625000000000000e+02
4.692187500000000000e+02
4.693750000000000000e+02
4.695312500000000000e+02
4.696875000000000000e+02
4.698437500000000000e+02
4.700000000000000000e+02
4.701562500000000000e+02
4.703125000000000000e+02
4.704687500000000000e+02
4.706250000000000000e+02
4.707812500000000000e+02
4.709375000000000000e+02
4.710937500000000000e+02
4.712500000000000000e+02
4.714062500000000000e+02
4.715625000000000000e+02
4.717187500000000000e+02
4.718750000000000000e+02
4.720312500000000000e+02
4.721875000000000000e+02
4.723437500000000000e+02
4.725000000000000000e+02
4.726562500000000000e+02
4.728125000000000000e+02
4.729687500000000000e+02
4.731250000000000000e+02
4.732812500000000000e+02
4.734375000000000000e+02
4.735937500000000000e+02
4.737500000000000000e+02
4.739062500000000000e+02
4.740625000000000000e+02
4.742187500000000000e+02
4.743750000000000000e+02
4.745312500000000000e+02
4.746875000000000000e+02
4.748437500000000000e+02
4.750000000000000000e+02
4.751562500000000000e+02
4.753125000000000000e+02
4.754687500000000000e+02
4.756250000000000000e+02
4.757812500000000000e+02
4.759375000000000000e+02
4.760937500000000000e+02
4.762500000000000000e+02
4.764062500000000000e+02
4.765625000000000000e+02
4.767187500000000000e+02
4.768750000000000000e+02
4.770312500000000000e+02
4.771875000000000000e+02
4.773437500000000000e+02
4.775000000000000000e+02
4.776562500000000000e+02
4.778125000000000000e+02
4.779687500000000000e+02
4.781250000000000000e+02
4.782812500000000000e+02
4.784375000000000000e+02
4.785937500000000000e+02
4.787500000000000000e+02
4.789062500000000000e+02
4.790625000000000000e+02
4.792187500000000000e+02
4.793750000000000000e+02
4.795312500000000000e+02
4.796875000000000000e+02
4.798437500000000000e+02
4.800000000000000000e+02
4.801562500000000000e+02
4.803125000000000000e+02
4.804687500000000000e+02
4.806250000000000000e+02
4.807812500000000000e+02
4.809375000000000000e+02
4.810937500000000000e+02
4.812500000000000000e+02
4.814062500000000000e+02
4.815625000000000000e+02
4.817187500000000000e+02
4.818750000000000000e+02
4.820312500000000000e+02
4.821875000000000000e+02
4.823437500000000000e+02
4.825000000000000000e+02
4.826562500000000000e+02
4.828125000000000000e+02
4.829687500000000000e+02
4.831250000000000000e+02
4.832812500000000000e+02
4.834375000000000000e+02
4.835937500000000000e+02
4.837500000000000000e+02
4.839062500000000000e+02
4.840625000000000000e+02
4.842187500000000000e+02
4.843750000000000000e+02
4.845312500000000000e+02
4.846875000000000000e+02
4.848437500000000000e+02
4.850000000000000000e+02
4.850781250000000000e+02
4.851562500000000000e+02
4.852343750000000000e+02
4.853125000000000000e+02
4.853906250000000000e+02
4.854687500000000000e+02
4.855468750000000000e+02
4.856250000000000000e+02
4.857031250000000000e+02
4.857812500000000000e+02
4.858593750000000000e+02
4.859375000000000000e+02
4.860156250000000000e+02
4.860937500000000000e+02
4.861718750000000000e+02
4.862500000000000000e+02
4.863281250000000000e+02
4.864062500000000000e+02
4.864843750000000000e+02
4.865625000000000000e+02
4.866406250000000000e+02
4.867187500000000000e+02
4.867968750000000000e+02
4.868750000000000000e+02
4.869531250000000000e+02
4.870312500000000000e+02
4.871093750000000000e+02
4.871875000000000000e+02
4.872656250000000000e+02
4.873437500000000000e+02
4.874218750000000000e+02
4.875000000000000000e+02
4.875781250000000000e+02
4.876562500000000000e+02
4.877343750000000000e+02
4.878125000000000000e+02
4.878906250000000000e+02
4.879687500000000000e+02
4.880468750000000000e+02
4.881250000000000000e+02
4.882031250000000000e+02
4.882812500000000000e+02
4.883593750000000000e+02
4.884375000000000000e+02
4.885156250000000000e+02
4.885937500000000000e+02
4.886718750000000000e+02
4.887500000000000000e+02
4.888281250000000000e+02
4.889062500000000000e+02
4.889843750000000000e+02
4.890625000000000000e+02
4.891406250000000000e+02
4.892187500000000000e+02
4.892968750000000000e+02
4.893750000000000000e+02
4.894531250000000000e+02
4.895312500000000000e+02
4.896093750000000000e+02
4.896875000000000000e+02
4.897656250000000000e+02
4.898437500000000000e+02
4.899218750000000000e+02
4.900000000000000000e+02
4.900781250000000000e+02
4.901562500000000000e+02
4.902343750000000000e+02
4.903125000000000000e+02
4.903906250000000000e+02
4.904687500000000000e+02
4.905468750000000000e+02
4.906250000000000000e+02
4.907031250000000000e+02
4.907812500000000000e+02
4.908593750000000000e+02
4.909375000000000000e+02
4.910156250000000000e+02
4.910937500000000000e+02
4.911718750000000000e+02
4.912500000000000000e+02
4.913281250000000000e+02
4.914062500000000000e+02
4.914843750000000000e+02
4.915625000000000000e+02
4.916406250000000000e+02
4.917187500000000000e+02
4.917968750000000000e+02
4.918750000000000000e+02
4.919531250000000000e+02
4.920312500000000000e+02
4.921093750000000000e+02
4.921875000000000000e+02
4.922656250000000000e+02
4.923437500000000000e+02
4.924218750000000000e+02
4.925000000000000000e+02
4.925781250000000000e+02
4.926562500000000000e+02
4.927343750000000000e+02
4.928125000000000000e+02
4.928906250000000000e+02
4.929687500000000000e+02
4.930468750000000000e+02
4.931250000000000000e+02
4.932031250000000000e+02
4.932812500000000000e+02
4.933593750000000000e+02
4.934375000000000000e+02
4.935156250000000000e+02
4.935937500000000000e+02
4.936718750000000000e+02
4.937500000000000000e+02
4.938281250000000000e+02
4.939062500000000000e+02
4.939843750000000000e+02
4.940625000000000000e+02
4.941406250000000000e+02
4.942187500000000000e+02
4.942968750000000000e+02
4.943750000000000000e+02
4.944531250000000000e+02
4.945312500000000000e+02
4.946093750000000000e+02
4.946875000000000000e+02
4.947656250000000000e+02
4.948437500000000000e+02
4.949218750000000000e+02
4.950000000000000000e+02
4.950781250000000000e+02
4.951562500000000000e+02
4.952343750000000000e+02
4.953125000000000000e+02
4.953906250000000000e+02
4.954687500000000000e+02
4.955468750000000000e+02
4.956250000000000000e+02
4.957031250000000000e+02
4.957812500000000000e+02
4.958593750000000000e+02
4.959375000000000000e+02
4.960156250000000000e+02
4.960937500000000000e+02
4.961718750000000000e+02
4.962500000000000000e+02
4.963281250000000000e+02
4.964062500000000000e+02
4.964843750000000000e+02
4.965625000000000000e+02
4.966406250000000000e+02
4.967187500000000000e+02
4.967968750000000000e+02
4.968750000000000000e+02
4.969531250000000000e+02
4.970312500000000000e+02
4.971093750000000000e+02
4.971875000000000000e+02
4.972656250000000000e+02
4.973437500000000000e+02
4.974218750000000000e+02
4.975000000000000000e+02
4.975781250000000000e+02
4.976562500000000000e+02
4.977343750000000000e+02
4.978125000000000000e+02
4.978906250000000000e+02
4.979687500000000000e+02
4.980468750000000000e+02
4.981250000000000000e+02
4.982031250000000000e+02
4.982812500000000000e+02
4.983593750000000000e+02
4.984375000000000000e+02
4.985156250000000000e+02
4.985937500000000000e+02
4.986718750000000000e+02
4.987500000000000000e+02
4.988281250000000000e+02
4.989062500000000000e+02
4.989843750000000000e+02
4.990625000000000000e+02
4.991406250000000000e+02
4.992187500000000000e+02
4.992968750000000000e+02
4.993750000000000000e+02
4.994531250000000000e+02
4.995312500000000000e+02
4.996093750000000000e+02
4.996875000000000000e+02
4.997656250000000000e+02
4.998437500000000000e+02
4.999218750000000000e+02
5.000000000000000000e+02
