9.959353656718075562e+10
9.748604775891987610e+10
9.536391483077207947e+10
9.328076527612303162e+10
9.118930990757373047e+10
8.904550979603715515e+10
8.696155247550619507e+10
8.488703906319490051e+10
8.273462779188958740e+10
8.064708701104270935e+10
7.857038710055145264e+10
7.643278357035600281e+10
7.433480045007992554e+10
7.225096875699136353e+10
7.012643800662811279e+10
6.803017035722747803e+10
6.592924067174830627e+10
6.381946277580838013e+10
6.277484262049037170e+10
6.171932428690740967e+10
6.066843391406516266e+10
5.961345951830840302e+10
5.856926338508765411e+10
5.750968689047097778e+10
5.645898487195111084e+10
5.541784610573268890e+10
5.435123471829961395e+10
5.331284673699997711e+10
5.225356468463554382e+10
5.120756548886424255e+10
5.014975597208972168e+10
4.910721353214276886e+10
4.804908050358252716e+10
4.753000571780342865e+10
4.699950695131379700e+10
4.674114401006481934e+10
4.647492355095202637e+10
4.621523940188854980e+10
4.595045280644042969e+10
4.568933808053045654e+10
4.542607736999744415e+10
4.516346739933883667e+10
4.490177200277373505e+10
4.463765576329453278e+10
4.437750715880111694e+10
4.411193344528166962e+10
4.385325400162086487e+10
4.358633348665946960e+10
4.332898861741318512e+10
4.306089084148091125e+10
4.280469374229565430e+10
4.253563910592227173e+10
4.228035799017700958e+10
4.201060593359344482e+10
4.175597406838235474e+10
4.148580931631132507e+10
4.123153798450339508e+10
4.096125650287352753e+10
4.070705032154944611e+10
4.043694590145552826e+10
4.018251895321763611e+10
3.991287062123394012e+10
3.965796137824004364e+10
3.938902151110589600e+10
3.913340485260070801e+10
3.886538825267140961e+10
3.860888371855230713e+10
3.834195857156929016e+10
3.808443506631909180e+10
3.781871705709017181e+10
3.756009476807274628e+10
3.729564540762516785e+10
3.703589560861164856e+10
3.677272492567657471e+10
3.651186778714937592e+10
3.624994050772187805e+10
3.598804055519097137e+10
3.585792824779919434e+10
3.572623679795261383e+10
3.559660663492781067e+10
3.546451057462039948e+10
3.533530296432770538e+10
3.520286228765671539e+10
3.507402016650435638e+10
3.494129208293992615e+10
3.481276148170156860e+10
3.467979994215160370e+10
3.455153039673097992e+10
3.441838573841238403e+10
3.429033059277713776e+10
3.415704928674595642e+10
3.402916589706130981e+10
3.389579039111183167e+10
3.376804023867486572e+10
3.363460888788307953e+10
3.350695760919750214e+10
3.337350468554285812e+10
3.324592202855043030e+10
3.311247780042119217e+10
3.298493751633012390e+10
3.285152838830049133e+10
3.272400806860137558e+10
3.259065677166685104e+10
3.246313763990843964e+10
3.232986346243611526e+10
3.220233013016092300e+10
3.206914918006335831e+10
3.194158937595738983e+10
3.180851486502093124e+10
3.168091914583705902e+10
3.154796168771189499e+10
3.142032313896018219e+10
3.128749105306264496e+10
3.115980498680738068e+10
3.102710460119498825e+10
3.089936825755209351e+10
3.076680420469727707e+10
3.063901646281750488e+10
3.050659196310591507e+10
3.037875306660062790e+10
3.024647019528985596e+10
3.011858149618708038e+10
2.998644143043165970e+10
2.985850515486867905e+10
2.972650839825501633e+10
2.959852743624994278e+10
2.946667401906137466e+10
2.933865173986369324e+10
2.920694139401524734e+10
2.907888148774098587e+10
2.894731379597546387e+10
2.881922014151211548e+10
2.868779466104170227e+10
2.855967121956908417e+10
2.842838758087463379e+10
2.830023831380165863e+10
2.816909629577515030e+10
2.804092510546397400e+10
2.790992468848921585e+10
2.778173537979678345e+10
2.765087677870120621e+10
2.752267303912435532e+10
2.739195671820503235e+10
2.726374211427089691e+10
2.713316878681128311e+10
2.700494677429259872e+10
2.687451738912145996e+10
2.674629133465074539e+10
2.661600705233758926e+10
2.648778026402781296e+10
2.635764242528289032e+10
2.622941819004895020e+10
2.609942827880263519e+10
2.597120990419751740e+10
2.584136950767617798e+10
2.571316036618960953e+10
2.558347113408553314e+10
2.545527470800658417e+10
2.532573831258281708e+10
2.519755823770670319e+10
2.506817633640493011e+10
2.494001644306539536e+10
2.481079064489554977e+10
2.468265499501205063e+10
2.455358683171853256e+10
2.442547975078520966e+10
2.429657065352519608e+10
2.416849675672226334e+10
2.403974803875313187e+10
2.391171225061733627e+10
2.378312509627899170e+10
2.365513266363105774e+10
2.352670812371976471e+10
2.339876462179291534e+10
2.327050361527038193e+10
2.314261494722497559e+10
2.301451826906587601e+10
2.288669065927614975e+10
2.275875899413397598e+10
2.263099897580318069e+10
2.250323291706130219e+10
2.237554731485091019e+10
2.224794738852661896e+10
2.212034329697569656e+10
2.199290998984201050e+10
2.186539474839492798e+10
2.173812853960547256e+10
2.161070970507400894e+10
2.148361110037522888e+10
2.135629641831757355e+10
2.122936598350391769e+10
2.110216336781655502e+10
2.097540173169475937e+10
2.091176553580789948e+10
2.084852054126032639e+10
2.078492455372996902e+10
2.072171275177396011e+10
2.065815874189657593e+10
2.059497958435291290e+10
2.053146914099425125e+10
2.046832231524218369e+10
2.040485680771110916e+10
2.034174222234291840e+10
2.027832283162376022e+10
2.021524058927278900e+10
2.015186833356599808e+10
2.008881870074530411e+10
2.002549446022556686e+10
1.996247784723843384e+10
1.989920238968855286e+10
1.983621932887519073e+10
1.977299332527809906e+10
1.971004445029382706e+10
1.964686849443838120e+10
1.958395452858263779e+10
1.952082915347916412e+10
1.945795089212667847e+10
1.939487657923153305e+10
1.933203487772193909e+10
1.926901207313184738e+10
1.920620783938170624e+10
1.914323696234286118e+10
1.908047114244323349e+10
1.901755259199852371e+10
1.895482616537225723e+10
1.889196033308949280e+10
1.882927430639537430e+10
1.876646157836981964e+10
1.870381697507469177e+10
1.864105773833874130e+10
1.857845559926170349e+10
1.851575025010436630e+10
1.845319162669272232e+10
1.839054056870715714e+10
1.832802651735331726e+10
1.826543016897198486e+10
1.820296175400351334e+10
1.814042055175975800e+10
1.807799883758537674e+10
1.801551323313127136e+10
1.795313928382962036e+10
1.789070975218490982e+10
1.782838463419525909e+10
1.776601167178221130e+10
1.770373644598797226e+10
1.764142056918478775e+10
1.757919629532110214e+10
1.751693804797991180e+10
1.745476578472919846e+10
1.739256573210041809e+10
1.733044653080298233e+10
1.726830526141385651e+10
1.720624017365586472e+10
1.714415830423832893e+10
1.708214837826845741e+10
1.702012654558673859e+10
1.695817282350603867e+10
1.689621168990104294e+10
1.683431521611494064e+10
1.677241547024232864e+10
1.671057728452169037e+10
1.664873963361375618e+10
1.658696077291439438e+10
1.652518595107156944e+10
1.646346745626984978e+10
1.640175622038805580e+10
1.634009912744646454e+10
1.627845225232633591e+10
1.621685759881546974e+10
1.615527588629032326e+10
1.609374471433146858e+10
1.603222898486439896e+10
1.597076233259575081e+10
1.590931342487587738e+10
1.584791233664312935e+10
1.578653111525448608e+10
1.572519663961647034e+10
1.566388398383819008e+10
1.560261716756294441e+10
1.554137397604191399e+10
1.548017587604183960e+10
1.541900307096209908e+10
1.535787474735597801e+10
1.529677326261108589e+10
1.523571577699350739e+10
1.517468656737525749e+10
1.511370099420991707e+10
1.505274503472264671e+10
1.499183245051576614e+10
1.493095072620628929e+10
1.487011221294185257e+10
1.480930573114704895e+10
1.474854238496118164e+10
1.468781216936227608e+10
1.462712508758522606e+10
1.456647217165321732e+10
1.450586246133984566e+10
1.444528790167873764e+10
1.438475668391194725e+10
1.432426154955366898e+10
1.426380994641599274e+10
1.420339531716558456e+10
1.414302446448311996e+10
1.408269144330299950e+10
1.402240248968013954e+10
1.396215218842113876e+10
1.390194628408725166e+10
1.384177982724059868e+10
1.378165813957044983e+10
1.372157667392824364e+10
1.366154038107550812e+10
1.360154505948385048e+10
1.354159534263096428e+10
1.348168733292998123e+10
1.342182539293353081e+10
1.336200588363154602e+10
1.330223292977489853e+10
1.324250311346241188e+10
1.318282036007940674e+10
1.312318144678900909e+10
1.306359012946393776e+10
1.300404334768400383e+10
1.294454470806958961e+10
1.288509128926530647e+10
1.282568657646280289e+10
1.276632777178790474e+10
1.270701825681743813e+10
1.264775533334537125e+10
1.258854229116036224e+10
1.252937651859682083e+10
1.247026123411252594e+10
1.241119390371199226e+10
1.235217768367335892e+10
1.229321009998343658e+10
1.223429425328652191e+10
1.217542772370762444e+10
1.211661357162188721e+10
1.205784942648986244e+10
1.199913831147497940e+10
1.194047789189197731e+10
1.188187115715518951e+10
1.182331580764139748e+10
1.176481481089674377e+10
1.170636589983475876e+10
1.164797201900857925e+10
1.158963092325853729e+10
1.153134553594716454e+10
1.147311363647909927e+10
1.141493813652998734e+10
1.135681683870676804e+10
1.129875263906910133e+10
1.124074335475259018e+10
1.118279186720862007e+10
1.112489601298862267e+10
1.106705866686874962e+10
1.100927768395308113e+10
1.095155592661722565e+10
1.089389126108108902e+10
1.083628653801795197e+10
1.077873964105260849e+10
1.072125341611565399e+10
1.066382576354943085e+10
1.060645951771801376e+10
1.054915258897426605e+10
1.049190780068990707e+10
1.043472308034305573e+10
1.037760124673794746e+10
1.032054024388357735e+10
1.026354287858054161e+10
1.020660710499707413e+10
1.014973571838816643e+10
1.009292669060033607e+10
1.003618281159020233e+10
9.979502070434312820e+09
9.922887244108030319e+09
9.866336332565574646e+09
9.809852100029144287e+09
9.753432564938932419e+09
9.697080485100738525e+09
9.640793897306901932e+09
9.584575545292217255e+09
9.528423477645822525e+09
9.472340423821130753e+09
9.416324451645410538e+09
9.360378282902313232e+09
9.304500005066160202e+09
9.248692324880136490e+09
9.192953342554174423e+09
9.137285748904506683e+09
9.081687663885719299e+09
9.026161769387887955e+09
8.970706206305503845e+09
8.915323640788864136e+09
8.860012227340105057e+09
8.804774614557186127e+09
8.749608976845941544e+09
8.694517952648670197e+09
8.639499738505001068e+09
8.584556956736793518e+09
8.529687818314591408e+09
8.474894926467635155e+09
8.420176511868054390e+09
8.365535166341349602e+09
8.310969143730305672e+09
8.256481019677715302e+09
8.202069063279308319e+09
8.147735829695716858e+09
8.093479607163003922e+09
8.039302938124855995e+09
7.985204134794644356e+09
7.931185723678278923e+09
7.877246033117380142e+09
7.823387567963903427e+09
7.769608674808710098e+09
7.715911844334984779e+09
7.662295447629835129e+09
7.608761959940073013e+09
7.555309769501312256e+09
7.501941329010581970e+09
7.448655043793460846e+09
7.395453350686328888e+09
7.342334679662509918e+09
7.289301452816002846e+09
7.236352118536792755e+09
7.183489075867677689e+09
7.130710788933479309e+09
7.078019638879179955e+09
7.025414114095439911e+09
6.972896581766504288e+09
6.920465550326804161e+09
6.868123364020063400e+09
6.815868545638606071e+09
6.763703419039546967e+09
6.711626530093240738e+09
6.659640189286692619e+09
6.607742964586785316e+09
6.555937144593012810e+09
6.504221310648155212e+09
6.452597728064157486e+09
6.401064998899289131e+09
6.349625374915992737e+09
6.298277482519824982e+09
6.247023553933211327e+09
6.195862229104754448e+09
6.144795714166230202e+09
6.093822666022778511e+09
6.042945275407720566e+09
5.992162225152585983e+09
5.941475690022258759e+09
5.890884368657778740e+09
5.840390408308516502e+09
5.789992519979303360e+09
5.739692831195907593e+09
5.689490078150777817e+09
5.639386375958762169e+09
5.589380481340322495e+09
5.539474483708651543e+09
5.489667148766815186e+09
5.439960539856455803e+09
5.390353443108456612e+09
5.340847910225552559e+09
5.291442753348628044e+09
5.242140004546694756e+09
5.192938486067418098e+09
5.143840198591220856e+09
5.094843976331862450e+09
5.045951803355841637e+09
4.997162541664958000e+09
4.948478163521011353e+09
4.899897548713750839e+09
4.851422639076996803e+09
4.803052318712184906e+09
4.754788502701597214e+09
4.706630096465739250e+09
4.658579005558986664e+09
4.610634163624168396e+09
4.562797456332361221e+09
4.515067822225427628e+09
4.467447111869719505e+09
4.419934272717555046e+09
4.372531135954627991e+09
4.325236678542050362e+09
4.278052726134960175e+09
4.230978273518624783e+09
4.184015113542729378e+09
4.137162242925803661e+09
4.090421420481219769e+09
4.043791655604280472e+09
3.997274700994542599e+09
3.950869600834629536e+09
3.904578090927670956e+09
3.858399223163695812e+09
3.812334698178689957e+09
3.766383564122321606e+09
3.720547489941823006e+09
3.674825551274993420e+09
3.629219418076735020e+09
3.583728192063885689e+09
3.538353519261735916e+09
3.493094504933423042e+09
3.447952753084204674e+09
3.402927362631067276e+09
3.358019915932476044e+09
3.313229550222705364e+09
3.268557848992357731e+09
3.224003966077791691e+09
3.179569455874337673e+09
3.135253475393580914e+09
3.091057531438784122e+09
3.046980767651885033e+09
3.003024681506340981e+09
2.959188471301063538e+09
2.915473625980861664e+09
2.871879342771099567e+09
2.828407093043830395e+09
2.785056086411276817e+09
2.741827721116636276e+09
2.698721180175784111e+09
2.655737887187807560e+09
2.612877094473946571e+09
2.570140179977510929e+09
2.527526384483854294e+09
2.485037113036920547e+09
2.442671621692808151e+09
2.400431185037945271e+09
2.358315024813776970e+09
2.316324502377313137e+09
2.274458914086961269e+09
2.232719510165724754e+09
2.191105572568867683e+09
2.149618458201005459e+09
2.108257473982330322e+09
2.067023756177247763e+09
2.025916548468493462e+09
1.984937162179949760e+09
1.944084948724067211e+09
1.903361014641060114e+09
1.862764649705220222e+09
1.822297166887134790e+09
1.781957982126145363e+09
1.741748106665898085e+09
1.701666682959002018e+09
1.661715021904734850e+09
1.621892658467815876e+09
1.582200337391280413e+09
1.562417399854448080e+09
1.542640159894175768e+09
1.522919904716183424e+09
1.503223383500247240e+09
1.483610013298585653e+09
1.464058450899595261e+09
1.444579083308759689e+09
1.425172930154607534e+09
1.405829877996669292e+09
1.386568064487401724e+09
1.367363044988147736e+09
1.348244922229368448e+09
1.329179277550938129e+09
1.310204472561130524e+09
1.291279271151578188e+09
1.272447598869834423e+09
1.253663695514231920e+09
1.234975101036361456e+09
1.216333192586037636e+09
1.197787722385412455e+09
1.179288394263253927e+09
1.160886165586991787e+09
1.142529911549508572e+09
1.124271078347623825e+09
1.106058315254837036e+09
1.087943052171974897e+09
1.069874139021715045e+09
1.051902631837441802e+09
1.033977878443996549e+09
1.016150312009481311e+09
9.983699857640868425e+08
9.806865407737520933e+08
9.630508756397162676e+08
9.455117214696586132e+08
9.280209121517094374e+08
9.106261919482414722e+08
8.932803936500965357e+08
8.760302325933529139e+08
8.588295823607016802e+08
8.417241019629049301e+08
8.246687224564430714e+08
8.077080280128703117e+08
7.907980125779263973e+08
7.739821828584127426e+08
7.572175988244147301e+08
7.405466964359048605e+08
7.239275969405316114e+08
7.074016718260513544e+08
6.909280916947920322e+08
6.745471735804893970e+08
6.582191280441447496e+08
6.419832351280500889e+08
6.258007340743883848e+08
6.097098810772969723e+08
5.936729225528471470e+08
5.777271032994652987e+08
5.618356603886742592e+08
5.460348534794863462e+08
5.302889013178296685e+08
5.146331050287657380e+08
4.990326456088340282e+08
4.835218811100997329e+08
4.680669291545128226e+08
4.527012230227734447e+08
4.373918004333746433e+08
4.221711974333187938e+08
4.070073605094378591e+08
3.919319551657814384e+08
3.769138206007273793e+08
3.619837726623060703e+08
3.471115226059288979e+08
3.323270591317014694e+08
3.176009540252718329e+08
3.029624060126788616e+08
2.883828424342576265e+08
2.738907035415739417e+08
2.594582535105069280e+08
2.451131999145917594e+08
2.308286309889631569e+08
2.166315655382329524e+08
2.024959256030208766e+08
1.884481048894027770e+08
1.744628761865667701e+08
1.605660584534183741e+08
1.467332847652274072e+08
1.329898894159311056e+08
1.193123460080724508e+08
1.057255923254504800e+08
9.220722796862967312e+07
7.878142620751173794e+07
6.542717107846703380e+07
5.216996812713895738e+07
3.898543491473641992e+07
2.590241433383776993e+07
1.291158020751325600e+07
0.000000000000000000e+00
