4.884648081967450562e+05
4.884648077885339735e+05
4.884648065814783913e+05
4.884648046103965607e+05
4.884648019097616780e+05
4.884647985139297089e+05
4.884647944570126128e+05
4.884647897728442913e+05
4.884647844949323335e+05
4.884647786564148846e+05
4.884647722900169319e+05
4.884647654280124116e+05
4.884647581021834631e+05
4.884647503437865525e+05
4.884647421835146379e+05
4.884647336514663766e+05
4.884647247771069524e+05
4.884647155892663868e+05
4.884647108862139285e+05
4.884647061153037939e+05
4.884647012799256481e+05
4.884646963834294002e+05
4.884646914291202556e+05
4.884646864202518482e+05
4.884646813600269961e+05
4.884646762515954906e+05
4.884646710980537464e+05
4.884646659024421824e+05
4.884646606677438831e+05
4.884646553968829685e+05
4.884646500927229063e+05
4.884646447580632521e+05
4.884646393956400570e+05
4.884646367048349930e+05
4.884646340080841328e+05
4.884646326575778658e+05
4.884646313057055231e+05
4.884646299525068607e+05
4.884646285980208195e+05
4.884646272422864567e+05
4.884646258853421314e+05
4.884646245272270753e+05
4.884646231679778430e+05
4.884646218076333753e+05
4.884646204462305177e+05
4.884646190838061157e+05
4.884646177203971893e+05
4.884646163560402347e+05
4.884646149907708750e+05
4.884646136246249662e+05
4.884646122576381895e+05
4.884646108898450038e+05
4.884646095212803339e+05
4.884646081519784639e+05
4.884646067819731543e+05
4.884646054112978163e+05
4.884646040399860358e+05
4.884646026680701179e+05
4.884646012955823098e+05
4.884645999225552077e+05
4.884645985490197199e+05
4.884645971750072786e+05
4.884645958005485008e+05
4.884645944256734801e+05
4.884645930504123680e+05
4.884645916747946176e+05
4.884645902988485759e+05
4.884645889226032305e+05
4.884645875460864627e+05
4.884645861693256884e+05
4.884645847923483816e+05
4.884645834151801537e+05
4.884645820378484204e+05
4.884645806603771634e+05
4.884645792827924597e+05
4.884645779051182908e+05
4.884645765273786965e+05
4.884645758384919027e+05
4.884645751495972509e+05
4.884645744606975932e+05
4.884645737717960146e+05
4.884645730828954256e+05
4.884645723939980380e+05
4.884645717051069369e+05
4.884645710162243922e+05
4.884645703273534891e+05
4.884645696384963230e+05
4.884645689496557461e+05
4.884645682608340285e+05
4.884645675720336731e+05
4.884645668832574156e+05
4.884645661945070606e+05
4.884645655057851109e+05
4.884645648170943605e+05
4.884645641284363228e+05
4.884645634398133261e+05
4.884645627512279316e+05
4.884645620626819436e+05
4.884645613741777488e+05
4.884645606857169187e+05
4.884645599973014905e+05
4.884645593089338508e+05
4.884645586206152802e+05
4.884645579323481070e+05
4.884645572441337863e+05
4.884645565559741808e+05
4.884645558678711532e+05
4.884645551798260421e+05
4.884645544918404194e+05
4.884645538039165549e+05
4.884645531160547398e+05
4.884645524282574188e+05
4.884645517405256396e+05
4.884645510528605082e+05
4.884645503652637126e+05
4.884645496777363005e+05
4.884645489902793197e+05
4.884645483028941089e+05
4.884645476155815413e+05
4.884645469283428392e+05
4.884645462411788758e+05
4.884645455540904077e+05
4.884645448670783662e+05
4.884645441801436828e+05
4.884645434932865901e+05
4.884645428065084270e+05
4.884645421198091935e+05
4.884645414331900538e+05
4.884645407466505421e+05
4.884645400601922884e+05
4.884645393738141283e+05
4.884645386875178665e+05
4.884645380013022805e+05
4.884645373151690583e+05
4.884645366291168611e+05
4.884645359431466786e+05
4.884645352572577540e+05
4.884645345714503201e+05
4.884645338857239112e+05
4.884645332000789349e+05
4.884645325145140523e+05
4.884645318290294381e+05
4.884645311436246266e+05
4.884645304582986282e+05
4.884645297730513266e+05
4.884645290878814412e+05
4.884645284027884481e+05
4.884645277177714743e+05
4.884645270328294719e+05
4.884645263479615096e+05
4.884645256631660159e+05
4.884645249784426414e+05
4.884645242937887670e+05
4.884645236092043342e+05
4.884645229246869567e+05
4.884645222402354120e+05
4.884645215558481286e+05
4.884645208715229528e+05
4.884645201872584876e+05
4.884645195030523464e+05
4.884645188189029577e+05
4.884645181348078768e+05
4.884645174507648917e+05
4.884645167667717324e+05
4.884645160828258959e+05
4.884645153989247628e+05
4.884645147150661796e+05
4.884645140312467702e+05
4.884645133474638569e+05
4.884645126637147041e+05
4.884645119799960521e+05
4.884645112963049323e+05
4.884645106126379105e+05
4.884645099289913196e+05
4.884645092453618417e+05
4.884645085617462755e+05
4.884645078781401389e+05
4.884645071945398813e+05
4.884645065109417774e+05
4.884645058273410541e+05
4.884645051437341026e+05
4.884645044601162081e+05
4.884645037764830631e+05
4.884645030928296619e+05
4.884645024091516971e+05
4.884645017254439299e+05
4.884645010417014710e+05
4.884645003579191980e+05
4.884644996740916977e+05
4.884644989902133821e+05
4.884644983062790125e+05
4.884644976222823607e+05
4.884644969382181880e+05
4.884644965961583657e+05
4.884644962540799170e+05
4.884644959119806299e+05
4.884644955698612030e+05
4.884644952277195989e+05
4.884644948855560506e+05
4.884644945433690445e+05
4.884644942011577659e+05
4.884644938589220401e+05
4.884644935166600626e+05
4.884644931743717170e+05
4.884644928320558975e+05
4.884644924897113815e+05
4.884644921473378199e+05
4.884644918049340486e+05
4.884644914624992525e+05
4.884644911200325005e+05
4.884644907775326865e+05
4.884644904349990538e+05
4.884644900924305548e+05
4.884644897498266073e+05
4.884644894071854069e+05
4.884644890645065461e+05
4.884644887217891519e+05
4.884644883790319436e+05
4.884644880362337572e+05
4.884644876933937776e+05
4.884644873505113064e+05
4.884644870075845974e+05
4.884644866646127193e+05
4.884644863215952064e+05
4.884644859785303706e+05
4.884644856354173971e+05
4.884644852922550053e+05
4.884644849490422057e+05
4.884644846057776012e+05
4.884644842624602607e+05
4.884644839190891362e+05
4.884644835756626562e+05
4.884644832321801223e+05
4.884644828886401374e+05
4.884644825450409553e+05
4.884644822013824014e+05
4.884644818576623802e+05
4.884644815138802514e+05
4.884644811700340942e+05
4.884644808261233266e+05
4.884644804821461439e+05
4.884644801381010911e+05
4.884644797939876444e+05
4.884644794498037663e+05
4.884644791055483511e+05
4.884644787612201762e+05
4.884644784168176120e+05
4.884644780723395525e+05
4.884644777277842513e+05
4.884644773831505445e+05
4.884644770384368603e+05
4.884644766936420929e+05
4.884644763487643795e+05
4.884644760038022650e+05
4.884644756587547017e+05
4.884644753136196523e+05
4.884644749683960108e+05
4.884644746230820310e+05
4.884644742776763742e+05
4.884644739321769448e+05
4.884644735865831608e+05
4.884644732408921700e+05
4.884644728951033903e+05
4.884644725492147263e+05
4.884644722032247810e+05
4.884644718571315752e+05
4.884644715109338867e+05
4.884644711646292708e+05
4.884644708182172035e+05
4.884644704716946580e+05
4.884644701250609942e+05
4.884644697783139418e+05
4.884644694314518129e+05
4.884644690844725701e+05
4.884644687373750494e+05
4.884644683901566314e+05
4.884644680428163265e+05
4.884644676953515154e+05
4.884644673477609176e+05
4.884644670000420301e+05
4.884644666521937470e+05
4.884644663042133907e+05
4.884644659560995642e+05
4.884644656078498228e+05
4.884644652594629442e+05
4.884644649109359016e+05
4.884644645622678217e+05
4.884644642134554451e+05
4.884644638644979568e+05
4.884644635153922718e+05
4.884644631661369931e+05
4.884644628167297924e+05
4.884644624671681668e+05
4.884644621174506610e+05
4.884644617675747140e+05
4.884644614175381721e+05
4.884644610673386487e+05
4.884644607169743394e+05
4.884644603664426832e+05
4.884644600157417590e+05
4.884644596648685983e+05
4.884644593138218042e+05
4.884644589625983499e+05
4.884644586111960816e+05
4.884644582596127875e+05
4.884644579078461975e+05
4.884644575558934011e+05
4.884644572037520120e+05
4.884644568514204584e+05
4.884644564988950733e+05
4.884644561461744015e+05
4.884644557932550088e+05
4.884644554401348578e+05
4.884644550868115621e+05
4.884644547332820366e+05
4.884644543795440695e+05
4.884644540255947504e+05
4.884644536714316928e+05
4.884644533170518698e+05
4.884644529624531860e+05
4.884644526076322654e+05
4.884644522525866050e+05
4.884644518973134691e+05
4.884644515418100636e+05
4.884644511860734201e+05
4.884644508301008027e+05
4.884644504738894175e+05
4.884644501174360630e+05
4.884644497607383528e+05
4.884644494037929107e+05
4.884644490465967683e+05
4.884644486891468405e+05
4.884644483314404497e+05
4.884644479734740453e+05
4.884644476152451825e+05
4.884644472567503108e+05
4.884644468979861704e+05
4.884644465389498509e+05
4.884644461796380929e+05
4.884644458200477529e+05
4.884644454601754551e+05
4.884644451000178233e+05
4.884644447395718307e+05
4.884644443788338103e+05
4.884644440178007935e+05
4.884644436564688804e+05
4.884644432948353351e+05
4.884644429328960250e+05
4.884644425706479233e+05
4.884644422080872464e+05
4.884644418452110258e+05
4.884644414820150705e+05
4.884644411184965866e+05
4.884644407546510920e+05
4.884644403904758510e+05
4.884644400259664981e+05
4.884644396611202974e+05
4.884644392959330580e+05
4.884644389304013457e+05
4.884644385645212024e+05
4.884644381982891937e+05
4.884644378317020019e+05
4.884644374647554941e+05
4.884644370974461199e+05
4.884644367297705030e+05
4.884644363617242198e+05
4.884644359933044761e+05
4.884644356245070230e+05
4.884644352553280187e+05
4.884644348857645527e+05
4.884644345158119104e+05
4.884644341454665409e+05
4.884644337747250102e+05
4.884644334035831853e+05
4.884644330320370500e+05
4.884644326600830536e+05
4.884644322877160157e+05
4.884644319149327930e+05
4.884644315417284379e+05
4.884644311680989922e+05
4.884644307940390427e+05
4.884644304195443401e+05
4.884644300446092384e+05
4.884644296692288481e+05
4.884644292933964753e+05
4.884644289171071141e+05
4.884644285403538379e+05
4.884644281631291378e+05
4.884644277854266693e+05
4.884644274072375265e+05
4.884644270285536768e+05
4.884644266493656323e+05
4.884644262696641963e+05
4.884644258894388331e+05
4.884644255086777848e+05
4.884644251273701084e+05
4.884644247455029399e+05
4.884644243630631827e+05
4.884644239800369833e+05
4.884644235964104882e+05
4.884644232121689129e+05
4.884644228272966575e+05
4.884644224417788791e+05
4.884644220556001528e+05
4.884644216687457520e+05
4.884644212812012993e+05
4.884644208929534070e+05
4.884644205039893859e+05
4.884644201143001555e+05
4.884644197238760535e+05
4.884644193327132380e+05
4.884644189408103121e+05
4.884644185481700697e+05
4.884644181548008928e+05
4.884644177607169840e+05
4.884644173659398220e+05
4.884644169704994420e+05
4.884644165744343773e+05
4.884644161777939880e+05
4.884644157806384028e+05
4.884644153830409632e+05
4.884644149850877002e+05
4.884644145868797204e+05
4.884644141885331483e+05
4.884644137901806971e+05
4.884644133919708547e+05
4.884644129940684652e+05
4.884644125966551364e+05
4.884644121999272611e+05
4.884644118040971225e+05
4.884644114093878889e+05
4.884644110160326236e+05
4.884644106242709677e+05
4.884644102343427949e+05
4.884644098464850103e+05
4.884644094609218882e+05
4.884644090778581449e+05
4.884644086974693346e+05
4.884644083198878216e+05
4.884644079451913130e+05
4.884644075733868522e+05
4.884644072043925407e+05
4.884644068380192039e+05
4.884644064739492605e+05
4.884644061117115780e+05
4.884644057506573154e+05
4.884644053899329738e+05
4.884644050284516416e+05
4.884644046648641233e+05
4.884644042975297780e+05
4.884644039244863088e+05
4.884644035434214165e+05
4.884644031516464311e+05
4.884644027460727957e+05
4.884644023231952451e+05
4.884644018790774862e+05
4.884644014093513251e+05
4.884644009092199267e+05
4.884644003734806902e+05
4.884643997965575545e+05
4.884643991725557717e+05
4.884643984953381587e+05
4.884643977586264373e+05
4.884643969561313861e+05
4.884643960817164043e+05
4.884643951295972220e+05
4.884643940945845679e+05
4.884643929723685142e+05
4.884643917598564876e+05
4.884643904555605259e+05
4.884643890600398299e+05
4.884643875763989636e+05
4.884643860108440276e+05
4.884643843732962268e+05
4.884643826780596864e+05
4.884643809445415973e+05
4.884643791980160750e+05
4.884643774704191019e+05
4.884643758011651807e+05
4.884643742379643372e+05
4.884643728376181098e+05
4.884643716667731642e+05
4.884643708025867236e+05
4.884643703332789009e+05
4.884643703585048788e+05
4.884643709895103821e+05
4.884643723489931435e+05
4.884643745706081972e+05
4.884643777980335872e+05
4.884643821835035342e+05
4.884643878857145901e+05
4.884643950669871410e+05
4.884644038895851700e+05
4.884644145110821701e+05
4.884644270786283887e+05
4.884644417220139294e+05
4.884644585454231710e+05
4.884644776177196763e+05
4.884644989611594938e+05
4.884645225385380327e+05
4.884645482386744116e+05
4.884645758601605194e+05
4.884646050934800296e+05
4.884646355016253656e+05
4.884646664992120932e+05
4.884646973303537816e+05
4.884647270458469284e+05
4.884647544800559990e+05
4.884647782279616222e+05
4.884647966233179322e+05
4.884648077189329197e+05
4.884648092699903063e+05
4.884647987219084171e+05
4.884647732045250013e+05
4.884647295343230944e+05
4.884646642269145814e+05
4.884645735225954559e+05
4.884644534270448494e+05
4.884642997699645930e+05
4.884641082861479372e+05
4.884638747226620908e+05
4.884635949736543698e+05
4.884632652473953785e+05
4.884628822723252815e+05
4.884624435438376386e+05
4.884619476106467191e+05
4.884613944077943452e+05
4.884607856443797355e+05
4.884601252416169154e+05
4.884594198145146365e+05
4.884586792045257753e+05
4.884579170665374841e+05
4.884571514915369335e+05
4.884564056479489082e+05
4.884557084443507483e+05
4.884550952036749222e+05
4.884546083084361162e+05
4.884542977847457514e+05
4.884542218078197329e+05
4.884544470852805534e+05
4.884550490510176751e+05
4.884561118222815567e+05
4.884577278687181533e+05
4.884599972793392953e+05
4.884630265333345160e+05
4.884648609852270456e+05
4.884669274593301234e+05
4.884692404237455339e+05
4.884718166668084450e+05
4.884746767179737217e+05
4.884778373930528178e+05
4.884813140067869681e+05
4.884851213491237140e+05
4.884892735849817400e+05
4.884937839669142268e+05
4.884986646782251191e+05
4.885039264130544034e+05
4.885095782560892403e+05
4.885156271342050168e+05
4.885220776685113087e+05
4.885289315533489571e+05
4.885361873058833880e+05
4.885438396438799682e+05
4.885518790609199787e+05
4.885602912311202963e+05
4.885690564099567127e+05
4.885781488190711825e+05
4.885875359388866345e+05
4.885971778025533422e+05
4.886070262371423305e+05
4.886170240388929378e+05
4.886271041644758079e+05
4.886371888170450111e+05
4.886471885600236128e+05
4.886570013650009059e+05
4.886665116325298441e+05
4.886755892427935614e+05
4.886840884927303414e+05
4.886918471888554632e+05
4.886986855236201664e+05
4.887044052671428653e+05
4.887087886061940808e+05
4.887115975117661874e+05
4.887125725749388221e+05
4.887114326425123727e+05
4.887078737139927689e+05
4.887015689485939802e+05
4.886921677119586966e+05
4.886792960771203507e+05
4.886625561163987732e+05
4.886415270666659344e+05
4.886157649703573552e+05
4.885848047250629170e+05
4.885481602038932033e+05
4.885053274112421204e+05
4.884557852907188353e+05
4.883990001733846148e+05
4.883344276070133201e+05
4.882615182372402051e+05
4.881797210742951138e+05
4.880884909474027227e+05
4.879872936158049270e+05
4.878756150611904450e+05
4.877529687667014659e+05
4.876189073309172527e+05
4.874730321121113957e+05
4.873150078027472482e+05
4.871445745055901934e+05
4.869615658857765375e+05
4.867659237590868142e+05
4.865577203391867224e+05
4.863371756678437814e+05
4.861046842908579274e+05
4.858608360642787884e+05
4.856064472166137421e+05
4.853425850943507976e+05
4.850706032744745025e+05
4.847921708409356652e+05
4.845093111184283625e+05
4.842244359394750791e+05
4.839403873778752168e+05
4.836604770693836035e+05
4.833885300813190406e+05
4.831289289858665434e+05
4.828866587998513714e+05
4.826673552092493046e+05
4.824773492616967997e+05
4.823237188074574224e+05
4.822143312056003488e+05
4.821578966213567764e+05
4.821640063742409693e+05
4.822431866101545747e+05
4.824069297933357884e+05
4.826677497067933436e+05
4.830391928053804440e+05
4.835359166793434997e+05
4.841737177069542813e+05
4.849692774105591816e+05
4.859410752270601224e+05
4.871090910700127133e+05
4.884883499999854830e+05
