9.169983572048673750e+02
9.169978811583669085e+02
9.169972212604591277e+02
9.169963982360684440e+02
9.169952929562928148e+02
9.169938838695741197e+02
9.169920207506571614e+02
9.169896196375774480e+02
9.169864690472978737e+02
9.169823869184109526e+02
9.169770507583256176e+02
9.169701186283291463e+02
9.169610738222676218e+02
9.169493086775776192e+02
9.169339721523001572e+02
9.169140105159239056e+02
9.168880016830595423e+02
9.168541394910994313e+02
9.168322173931700263e+02
9.168097898643063672e+02
9.167817227288671802e+02
9.167520558727314892e+02
9.167159449646159146e+02
9.166768923511647245e+02
9.166302697820369758e+02
9.165790340943116234e+02
9.165186912951591012e+02
9.164516289829836069e+02
9.163733940350209650e+02
9.162857617603164044e+02
9.161842104566123908e+02
9.160698362495934362e+02
9.159379177357145636e+02
9.158637761241955104e+02
9.157879541842314666e+02
9.157450372380205863e+02
9.157051988630826145e+02
9.156595690245459309e+02
9.156168117529979327e+02
9.155682794610326027e+02
9.155224104807899721e+02
9.154707735989935600e+02
9.154215869478572358e+02
9.153666298538851152e+02
9.153139055658166399e+02
9.152553982508932222e+02
9.151989014295129437e+02
9.151365985403839431e+02
9.150760783753001988e+02
9.150097181940803921e+02
9.149449069144634450e+02
9.148742102771506097e+02
9.148048220323474879e+02
9.147294911792592984e+02
9.146552208550042451e+02
9.145749382029792969e+02
9.144954601642908756e+02
9.144098870058846842e+02
9.143248537516270744e+02
9.142336288783012606e+02
9.141426696225490787e+02
9.140454078504022846e+02
9.139481270121260650e+02
9.138444176287977143e+02
9.137403932271926124e+02
9.136297983377777427e+02
9.135185802926846463e+02
9.134006330694209055e+02
9.132817413984296309e+02
9.131559442204085144e+02
9.130288671306993820e+02
9.128946896177885719e+02
9.127588814828392287e+02
9.126157584121225455e+02
9.124706376445002434e+02
9.123179666879734668e+02
9.121629136878309509e+02
9.120808375147668130e+02
9.120013258792138231e+02
9.119166177637513329e+02
9.118343731528377702e+02
9.117469450591875102e+02
9.116618792215124358e+02
9.115716405651264722e+02
9.114836623399701239e+02
9.113905196754947156e+02
9.112995349656949884e+02
9.112033918846061624e+02
9.111093035719595719e+02
9.110100606119062832e+02
9.109127684669730343e+02
9.108103230200040343e+02
9.107097236093628680e+02
9.106039698276273384e+02
9.104999564183821121e+02
9.103907851172702976e+02
9.102832475793029516e+02
9.101705461385123499e+02
9.100593708446216397e+02
9.099430231069711681e+02
9.098280928303323662e+02
9.097079789976028223e+02
9.095891728063618302e+02
9.094651693325881752e+02
9.093423624823341243e+02
9.092143419650745955e+02
9.090874057889460573e+02
9.089552368578190453e+02
9.088240386537710265e+02
9.086875858560949837e+02
9.085519887714891638e+02
9.084111124555929564e+02
9.082709753696311736e+02
9.081255315658066820e+02
9.079807089692253612e+02
9.078305492678733799e+02
9.076808911399107274e+02
9.075258625670819583e+02
9.073712142499854281e+02
9.072111591405582658e+02
9.070513612115765909e+02
9.068861170797845261e+02
9.067210052205080046e+02
9.065504046278325632e+02
9.063798094909485599e+02
9.062036799117109922e+02
9.060274269856161027e+02
9.058455906702010907e+02
9.056635001410850236e+02
9.054757739766012037e+02
9.052876605879438330e+02
9.050938559564203842e+02
9.048995288662941903e+02
9.046994515007120299e+02
9.044987141368150105e+02
9.042921639749318956e+02
9.040848138875220457e+02
9.038715849235944688e+02
9.036574136362836498e+02
9.034372937706813218e+02
9.032160866291842467e+02
9.029888575160973687e+02
9.027603935351575046e+02
9.025258304285173381e+02
9.022898821370486075e+02
9.020477537347807129e+02
9.018040870195492289e+02
9.015541553063700349e+02
9.013025292541952922e+02
9.010445493430979695e+02
9.007847160817685790e+02
9.005184360542065178e+02
9.002501405923101174e+02
8.999753013375068349e+02
8.996982814034907960e+02
8.994146164570936435e+02
8.991286023377678021e+02
8.988358377200382847e+02
8.985405520987155796e+02
8.982384061524334129e+02
8.979335639469695707e+02
8.976217471754845292e+02
8.973070553765993509e+02
8.969852702823144455e+02
8.966604277924550388e+02
8.963283687159687361e+02
8.959930661891085037e+02
8.956504191495204168e+02
8.953043388322838609e+02
8.949507813690987632e+02
8.945935969437161930e+02
8.942287979606917361e+02
8.938601743901587042e+02
8.934837940016353741e+02
8.931033873774180165e+02
8.927150767573573376e+02
8.923225341503806476e+02
8.919219353849622394e+02
8.915168946999442596e+02
8.911036406449399010e+02
8.906857304789386944e+02
8.902594446196831086e+02
8.898282841312571918e+02
8.893885804426739696e+02
8.889437792170508601e+02
8.884902620706678817e+02
8.880314199332106000e+02
8.875636839885850122e+02
8.870903910980561022e+02
8.866080206445099066e+02
8.861198579136691933e+02
8.856224273347527287e+02
8.851189639626218195e+02
8.848620941248947247e+02
8.846068473394813054e+02
8.843460457396477068e+02
8.840868089468887092e+02
8.838220224679913599e+02
8.835587431430659535e+02
8.832899130268851877e+02
8.830225268631983226e+02
8.827495951395012526e+02
8.824780474946809363e+02
8.822009630255377033e+02
8.819251950708270442e+02
8.816438929067235222e+02
8.813638414084324495e+02
8.810782630748809652e+02
8.807938770507672643e+02
8.805039643985033990e+02
8.802151803969633193e+02
8.799208644917328002e+02
8.796276205238071952e+02
8.793288469191053309e+02
8.790310874003489516e+02
8.787277940459983938e+02
8.784254473267787944e+02
8.781175672461281465e+02
8.778105736701674005e+02
8.774980528359944856e+02
8.771863524682988782e+02
8.768691194845563359e+02
8.765526403267756450e+02
8.762306287495443939e+02
8.759093161940104437e+02
8.755824677626898165e+02
8.752562542720793317e+02
8.749244924225997693e+02
8.745933054461575011e+02
8.742565703763769989e+02
8.739203534765542827e+02
8.735785822926679884e+02
8.732372581336799158e+02
8.728903725273255532e+02
8.725438731569355468e+02
8.721918160036289009e+02
8.718400830989401129e+02
8.714827802532228134e+02
8.711257321325613248e+02
8.707631056993778884e+02
8.704006812038375074e+02
8.700326746414956460e+02
8.696648069550716400e+02
8.692913379615322356e+02
8.689179414221039224e+02
8.685389396578476635e+02
8.681599564249603418e+02
8.677753625006237144e+02
8.673907147211422171e+02
8.670004388805969029e+02
8.666100445910087728e+02
8.662140225670010523e+02
8.658178270224268545e+02
8.654159891909549742e+02
8.650139047467336013e+02
8.646061580937357576e+02
8.641981098436045841e+02
8.637843973314521691e+02
8.633703257457154905e+02
8.629505671806134615e+02
8.625303745299150933e+02
8.621044811342796947e+02
8.616781010192908070e+02
8.612460191441888355e+02
8.608133833161786015e+02
8.603750190975802070e+02
8.599360271603975434e+02
8.594912984821828559e+02
8.590458943007492962e+02
8.585947442119833113e+02
8.581428469984924732e+02
8.576851707140619965e+02
8.572266817578203018e+02
8.567624093155095579e+02
8.562972771778241849e+02
8.558263446404265551e+02
8.553544725524753858e+02
8.548767695114047456e+02
8.543980664649163828e+02
8.539135347315182116e+02
8.534279505247154702e+02
8.529365119867645717e+02
8.524439369744412716e+02
8.519454798750698501e+02
8.514458364033672524e+02
8.509403119039973262e+02
8.504335443903620444e+02
8.499208582501510136e+02
8.494068459892165492e+02
8.488868934954326733e+02
8.483655726160417316e+02
8.478383114187897718e+02
8.473096142822948877e+02
8.467749333549659241e+02
8.462387342867003781e+02
8.456965403551274676e+02
8.451527907085085189e+02
8.446030405245127213e+02
8.440516575570690065e+02
8.434942239246606732e+02
8.429350837969884651e+02
8.423698891182929174e+02
8.418029552040517274e+02
8.412299506241300833e+02
8.406551208353541824e+02
8.400741682188499908e+02
8.394913254492444139e+02
8.389023658334863285e+02
8.383114812010064725e+02
8.377144544232861563e+02
8.371154066420268691e+02
8.365101673308851105e+02
8.359028527197436915e+02
8.352893594131149939e+02
8.346737531692577932e+02
8.340519295494292464e+02
8.334278924283362358e+02
8.327975915746231976e+02
8.321650364601515548e+02
8.315262342416921229e+02
8.308851344644822348e+02
8.302377368671020577e+02
8.295879366827247168e+02
8.289318007175336334e+02
8.282732320288406527e+02
8.276083483000445540e+02
8.269409793301250602e+02
8.262672338633043410e+02
8.255908964462962558e+02
8.249081532792893086e+02
8.242228002903509605e+02
8.235310619333614568e+02
8.228366535683946950e+02
8.221357864626811534e+02
8.214321443598910264e+02
8.207220234049251530e+02
8.200091206413046621e+02
8.192897590823572500e+02
8.185675455935124774e+02
8.178387914455594228e+02
8.171070810655600098e+02
8.163688212878707873e+02
8.156276075567558337e+02
8.148798641116391082e+02
8.141290874287902852e+02
8.133716904101378304e+02
8.126111587583393430e+02
8.118440070533087010e+02
8.110737337780907410e+02
8.102968584054822259e+02
8.095167751231206239e+02
8.087299904569713362e+02
8.079398986077241034e+02
8.071431149036681063e+02
8.063430464050795763e+02
8.055363054920396735e+02
8.047261860094356507e+02
8.039092878519485339e+02
8.030889113905423073e+02
8.022617741851396431e+02
8.014311911383117604e+02
8.005938698850912942e+02
7.997530050043131951e+02
7.989052867728267984e+02
7.980539238502448143e+02
7.971957303831304671e+02
7.963339367371987692e+02
7.954653411753611181e+02
7.945930465946370305e+02
7.937138262224115124e+02
7.928307997296967642e+02
7.919408734046522795e+02
7.910471969038524094e+02
7.901466613182125229e+02
7.892422789011598070e+02
7.883309052966088757e+02
7.874155669472340833e+02
7.864932614667595772e+02
7.855670596503106253e+02
7.846339479995119746e+02
7.836968530220844968e+02
7.827527076475552121e+02
7.818044459299858318e+02
7.808491484655992281e+02
7.798898142881249669e+02
7.789235243584661248e+02
7.779531283759757798e+02
7.769756319979804857e+02
7.759938751153948715e+02
7.750050148829291174e+02
7.740119792534738963e+02
7.730119488966589643e+02
7.720077022301368288e+02
7.709963196650724058e+02
7.699805418482856112e+02
7.689575950970097438e+02
7.679303349646208972e+02
7.668960442308273286e+02
7.658574418096346790e+02
7.648116835411703960e+02
7.637614119275666553e+02
7.627039082543948325e+02
7.616419537165777456e+02
7.605729312682032059e+02
7.594995143762134830e+02
7.584189411531671112e+02
7.573337578979068212e+02
7.562412894074642509e+02
7.551442307253016679e+02
7.540400622799564871e+02
7.529314221496510982e+02
7.518156460507462953e+02
7.506951914338139886e+02
7.495674171558779335e+02
7.484349163667980065e+02
7.472952530052178872e+02
7.461510388215563125e+02
7.449997229648920438e+02
7.438436952736756211e+02
7.426803435797040720e+02
7.415121432957602110e+02
7.403367157856569065e+02
7.391566442445712255e+02
7.379695076505154248e+02
7.367776580383757619e+02
7.355785249412014082e+02
7.343744521959283702e+02
7.331630862958872967e+02
7.319469589847368525e+02
7.307237861929879728e+02
7.294959170151497574e+02
7.282608552000706368e+02
7.270208182851448555e+02
7.257734434660026182e+02
7.245211708148301568e+02
7.232618327045345268e+02
7.219978045283606889e+02
7.207267112981314767e+02
7.194506816970018690e+02
7.181673275322305017e+02
7.168789470078346540e+02
7.155834358810609501e+02
7.142831921384694169e+02
7.129760096302146621e+02
7.116639951390192209e+02
7.103447640678101607e+02
7.090204381716159787e+02
7.076889010245612326e+02
7.063525178584513924e+02
7.050092620882575147e+02
7.036612948636909550e+02
7.023063148203166293e+02
7.009462909639552208e+02
6.995790318284799696e+02
6.982067730585993104e+02
6.968276045683344364e+02
6.954437762696817344e+02
6.940531706670925587e+02
6.926577049815708733e+02
6.912551254489735584e+02
6.898474511363129977e+02
6.884327589793086872e+02
6.870133231648084120e+02
6.855872572655083559e+02
6.841565606238640385e+02
6.827190433292106491e+02
6.812765196856229295e+02
6.798269319845236396e+02
6.783724258142236749e+02
6.769112605623580521e+02
6.754455663046908285e+02
6.739733951335537085e+02
6.724965258903494032e+02
6.710127653680185631e+02
6.695240041040539154e+02
6.680284678168059145e+02
6.665282646607183779e+02
6.650217314310455095e+02
6.635108681753821429e+02
6.619935253424791881e+02
6.604713534924885607e+02
6.589424797785598003e+02
6.574087503304956499e+02
6.558684898474989495e+02
6.543240026735971924e+02
6.527735041462411800e+02
6.512185229486894968e+02
6.496571976978539169e+02
6.480912385850726878e+02
6.465185514882430198e+02
6.449412401290229582e+02
6.433581125780818866e+02
6.417708812604056448e+02
6.401775824081323663e+02
6.385801838161288515e+02
6.369766600528571416e+02
6.353681831815690657e+02
6.337533995516828327e+02
6.321347508685209959e+02
6.305103296738435574e+02
6.288817398850013660e+02
6.272478231909524311e+02
6.256100083230802511e+02
6.239656375318064647e+02
6.223166641393640930e+02
6.206623432585075761e+02
6.190040945835612547e+02
6.173399465685748737e+02
6.156724822101152768e+02
6.140002848553281183e+02
6.123236279237264625e+02
6.106405474817621553e+02
6.089539159955896821e+02
6.072622086201340608e+02
6.055660819464966380e+02
6.038647148683232899e+02
6.021610968701767206e+02
6.004526376440612694e+02
5.987392826980877771e+02
5.970203858213235435e+02
5.952988150728614301e+02
5.935718649735475765e+02
5.918402608901784561e+02
5.901044795014604460e+02
5.883672685576751746e+02
5.866249574789554799e+02
5.848776716761136640e+02
5.831258788337866008e+02
5.813721214241223834e+02
5.796126936870277859e+02
5.778484042958481268e+02
5.760808197772063295e+02
5.743127323965579762e+02
5.725396564145329421e+02
5.707614466614982121e+02
5.689794687570730503e+02
5.671965345799939087e+02
5.654081935210338088e+02
5.636144665010095878e+02
5.618171621465727412e+02
5.600209557576188217e+02
5.582216554645398219e+02
5.564145857130848754e+02
5.546049898639079174e+02
5.527999059843446048e+02
5.518886819039137208e+02
5.509743198288806525e+02
5.499780947643984064e+02
5.485376293071500413e+02
5.463657406646888148e+02
5.446265789026872426e+02
5.424615901920823262e+02
5.407072374797035081e+02
5.385407145550842642e+02
5.367779874481935849e+02
5.346062465225036249e+02
5.328376454888185663e+02
5.306597723206996307e+02
5.288860465966974971e+02
5.267027677928230105e+02
5.249230694292473345e+02
5.227364796436986580e+02
5.209489902718490839e+02
5.187611919144450212e+02
5.169647664358885777e+02
5.147767156328076226e+02
5.129717877066949541e+02
5.107833187943678581e+02
5.089711741353721095e+02
5.067817041447380007e+02
5.049633788904772018e+02
5.027726059830401937e+02
5.009486493776524867e+02
4.987567218793076904e+02
4.969274713451960110e+02
4.947346737678818158e+02
4.929005107192457444e+02
4.907071069471876967e+02
4.888685302535606638e+02
4.866747985239187528e+02
4.848321862296666040e+02
4.826383989967685011e+02
4.807918433148007011e+02
4.785983513707224120e+02
4.767479254822730468e+02
4.745552633621342125e+02
4.727012915697500830e+02
4.705099276474857675e+02
4.686528401811124809e+02
4.664628670755153053e+02
4.646030608310041430e+02
4.624144049591990893e+02
4.605522759034353726e+02
4.583650276652920752e+02
4.565007922086361418e+02
4.543152541999902496e+02
4.524488290537787520e+02
4.502655339605253175e+02
4.483967140944769767e+02
4.462162942413666542e+02
4.443448554733401465e+02
4.421676552514297782e+02
4.402933463696587637e+02
4.381192107545562635e+02
4.362419138575115767e+02
4.340704176526309084e+02
4.321903593801229135e+02
4.300210478551257438e+02
4.281385566308633770e+02
4.259707644720873532e+02
4.240857478574000652e+02
4.219184971476758506e+02
4.200303891209084100e+02
4.178626639291738911e+02
4.159706020500526051e+02
4.138013535225574060e+02
4.119040289603652241e+02
4.097318710734832052e+02
4.078274129934897587e+02
4.056505271675733866e+02
4.037365756304907904e+02
4.015526021396530041e+02
3.996261239010343047e+02
3.974317627297835998e+02
3.954885969275956654e+02
3.932790904613127054e+02
3.913134989910122385e+02
3.890822400455312504e+02
3.870866233658707642e+02
3.848249271603825150e+02
3.827889881489347772e+02
3.804856516963422450e+02
3.783957692631609575e+02
3.760307664738875815e+02
3.738764133866631028e+02
3.714215710451405243e+02
3.691379472832750821e+02
3.666869146971170039e+02
3.641113259322473823e+02
3.612334016300488315e+02
3.600000000000000000e+02
