-5.299089380702711311e-09
-5.299091848017708315e-09
-5.299095268598169834e-09
-5.299099534058003957e-09
-5.299105263474680000e-09
-5.299112566389512950e-09
-5.299122224212790082e-09
-5.299134669000826619e-09
-5.299151000643684816e-09
-5.299172158880241592e-09
-5.299199819910803963e-09
-5.299235751721505009e-09
-5.299282638246539332e-09
-5.299343624887565414e-09
-5.299423130213141668e-09
-5.299526613138988085e-09
-5.299661455803891184e-09
-5.299837022328503636e-09
-5.299950700450552355e-09
-5.300066974154264638e-09
-5.300212553541541768e-09
-5.300366362191413497e-09
-5.300553700451237574e-09
-5.300756194949393826e-09
-5.300998112415962807e-09
-5.301263833500607522e-09
-5.301577010811251519e-09
-5.301924912666721916e-09
-5.302331059666396815e-09
-5.302785843196972132e-09
-5.303313221193939917e-09
-5.303907070642163177e-09
-5.304592474898129961e-09
-5.304977600451028167e-09
-5.305371712855478987e-09
-5.305594705983626366e-09
-5.305801821182041779e-09
-5.306039001136853566e-09
-5.306261288278424967e-09
-5.306513647447390563e-09
-5.306752119243690604e-09
-5.307020717177202778e-09
-5.307276456088714780e-09
-5.307562424101394171e-09
-5.307836587085464322e-09
-5.308141133171521417e-09
-5.308434956754287836e-09
-5.308759370838467144e-09
-5.309074176533769704e-09
-5.309419836080262149e-09
-5.309757036179191252e-09
-5.310125412182774302e-09
-5.310486515938684783e-09
-5.310879179325425354e-09
-5.311265799561339408e-09
-5.311684428025632054e-09
-5.312098288193693887e-09
-5.312544673501251487e-09
-5.312987615224692961e-09
-5.313463671015070950e-09
-5.313937662144434588e-09
-5.314445432265143632e-09
-5.314952575486316158e-09
-5.315494242895878759e-09
-5.316036784925285559e-09
-5.316614681204163699e-09
-5.317195022612589939e-09
-5.317811638123099612e-09
-5.318432343830170375e-09
-5.319090338570003603e-09
-5.319754149056237418e-09
-5.320456364252533427e-09
-5.321166207536947315e-09
-5.321915678031973903e-09
-5.322674682467460688e-09
-5.323474649950230875e-09
-5.324286157893675851e-09
-5.324716812738855650e-09
-5.325132776583064305e-09
-5.325577417217649603e-09
-5.326007821383626358e-09
-5.326466922778285895e-09
-5.326912246855056474e-09
-5.327386299851000994e-09
-5.327847039609661750e-09
-5.328336551452464184e-09
-5.328813219388494944e-09
-5.329318714280031633e-09
-5.329811840173722973e-09
-5.330333859842675176e-09
-5.330843991338430300e-09
-5.331383095629920042e-09
-5.331910798834993751e-09
-5.332467566319978530e-09
-5.333013426423337360e-09
-5.333588455028495780e-09
-5.334153076940523922e-09
-5.334746984599277438e-09
-5.335330993612946333e-09
-5.335944418938288790e-09
-5.336548461412506753e-09
-5.337182064392403545e-09
-5.337806808458350253e-09
-5.338461271174516916e-09
-5.339107407465749410e-09
-5.339783434836562387e-09
-5.340451677243603144e-09
-5.341149997791880550e-09
-5.341841084242158636e-09
-5.342562450888729220e-09
-5.343277144152753825e-09
-5.344022335036699189e-09
-5.344761423561320843e-09
-5.345531242887704050e-09
-5.346295541657339509e-09
-5.347090820573378772e-09
-5.347881172000182262e-09
-5.348702769500846628e-09
-5.349520044344782837e-09
-5.350368848208787582e-09
-5.351213946528622190e-09
-5.352090874285813233e-09
-5.352964726422042532e-09
-5.353870726353292364e-09
-5.354774293944100548e-09
-5.355710346114768660e-09
-5.356644623146118725e-09
-5.357611740474177529e-09
-5.358577754365151645e-09
-5.359576983725141717e-09
-5.360575796449731315e-09
-5.361608219813817348e-09
-5.362640929060408653e-09
-5.363707664677719804e-09
-5.364775405047544543e-09
-5.365877608663099513e-09
-5.366981552908908927e-09
-5.368120419023476557e-09
-5.369261779329832531e-09
-5.370438542502049740e-09
-5.371618571808613602e-09
-5.372834508000838024e-09
-5.374054501370123618e-09
-5.375310929339471804e-09
-5.376572225370510389e-09
-5.377870508106593667e-09
-5.379174490396104628e-09
-5.380516036607031774e-09
-5.381864135259649284e-09
-5.383250400907886681e-09
-5.384644094097119820e-09
-5.386076583986934598e-09
-5.387517399568535170e-09
-5.388997668986755928e-09
-5.390487186166288098e-09
-5.392016842578118631e-09
-5.393556693634537803e-09
-5.395137398436308153e-09
-5.396729270503406911e-09
-5.398362740834169217e-09
-5.400008377741854074e-09
-5.401696388355791917e-09
-5.403397592533210011e-09
-5.405141977734919273e-09
-5.406900612177478972e-09
-5.408703267822224561e-09
-5.410521258124687950e-09
-5.412384143685816839e-09
-5.414263480143693337e-09
-5.416188620849463765e-09
-5.418131360630944051e-09
-5.420120849673097763e-09
-5.422129119063932619e-09
-5.424185119880390756e-09
-5.426261116604159985e-09
-5.428385865238365528e-09
-5.430531860854671418e-09
-5.432727668394166439e-09
-5.434946010777366497e-09
-5.437215265874251188e-09
-5.439508381775393658e-09
-5.441853553251472944e-09
-5.444223950946273178e-09
-5.446647590485293032e-09
-5.449097862511797738e-09
-5.451602607441758168e-09
-5.454135433427782751e-09
-5.456724009602856555e-09
-5.459342159182408060e-09
-5.462017383952109772e-09
-5.464723719823872312e-09
-5.467488505036494760e-09
-5.470285986110699187e-09
-5.471717928501745007e-09
-5.473136834553136816e-09
-5.474592363176687034e-09
-5.476035151438225702e-09
-5.477514660353133450e-09
-5.478981727032246453e-09
-5.480485616593640348e-09
-5.481977364676200018e-09
-5.483506042384270731e-09
-5.485022881670165498e-09
-5.486576761510761359e-09
-5.488119108160990382e-09
-5.489698611023467664e-09
-5.491266888597105199e-09
-5.492872442714752164e-09
-5.494467081705248312e-09
-5.496099121850228374e-09
-5.497720559725405740e-09
-5.499379528198792567e-09
-5.501028210297914541e-09
-5.502714556843081282e-09
-5.504390935419580730e-09
-5.506105116779798179e-09
-5.507809651684244903e-09
-5.509552132858383033e-09
-5.511285291973575816e-09
-5.513056545413265432e-09
-5.514818803733527069e-09
-5.516619309495958268e-09
-5.518411150468986310e-09
-5.520241397233179272e-09
-5.522063312441216696e-09
-5.523923796290151262e-09
-5.525776284941671580e-09
-5.527667510401475907e-09
-5.529551080832158638e-09
-5.531473561288661641e-09
-5.533388729817235256e-09
-5.535342986370160160e-09
-5.537290277645545799e-09
-5.539276840792066702e-09
-5.541256789026645739e-09
-5.543276198067074887e-09
-5.545289345490668511e-09
-5.547342147941143173e-09
-5.549389046175943729e-09
-5.551475799659210530e-09
-5.553557010094685419e-09
-5.555678280858980516e-09
-5.557794373159498574e-09
-5.559950736598331405e-09
-5.562102290817492797e-09
-5.564294332983087167e-09
-5.566481938764855513e-09
-5.568710254338981251e-09
-5.570934510197203522e-09
-5.573199704174232601e-09
-5.575461219915251783e-09
-5.577763908052434086e-09
-5.580063302892693284e-09
-5.582404109759781356e-09
-5.584742012866741186e-09
-5.587121574521433128e-09
-5.589498626951224103e-09
-5.591917590042576720e-09
-5.594334442102459422e-09
-5.596793462794765121e-09
-5.599250776015114718e-09
-5.601750523079830673e-09
-5.604248971007902744e-09
-5.606790123509010120e-09
-5.609330389096323777e-09
-5.611913636718000439e-09
-5.614496415598450960e-09
-5.617122461324332637e-09
-5.619748461001575020e-09
-5.622418017788734028e-09
-5.625087955822640787e-09
-5.627801748708535818e-09
-5.630516356662459848e-09
-5.633275124297920847e-09
-5.636035145148704422e-09
-5.638839636199280849e-09
-5.641645824059134337e-09
-5.644496800981345895e-09
-5.647349924948145207e-09
-5.650248163688567590e-09
-5.653149003826717587e-09
-5.656095290773341337e-09
-5.659044639888676299e-09
-5.662039776832917624e-09
-5.665038443322533669e-09
-5.668083245052371301e-09
-5.671132048038277351e-09
-5.674227340761054862e-09
-5.677327113981509002e-09
-5.680473740754114966e-09
-5.683625333597041864e-09
-5.686824149889808885e-09
-5.690028422554464052e-09
-5.693280296791674221e-09
-5.696538126089303477e-09
-5.699843944584693844e-09
-5.703156222656378553e-09
-5.706516883539124941e-09
-5.709884513987409838e-09
-5.713300930258565819e-09
-5.716724835263802181e-09
-5.720197938374010740e-09
-5.723679054819289840e-09
-5.727209787693829355e-09
-5.730749065071675363e-09
-5.734338387779688349e-09
-5.737936795839477925e-09
-5.741585687045082398e-09
-5.745244209435847356e-09
-5.748953659314966088e-09
-5.752673293967197636e-09
-5.756444312222985440e-09
-5.760226078711922190e-09
-5.764059693338781069e-09
-5.767904624397401129e-09
-5.771801875341937069e-09
-5.775711020111154150e-09
-5.779672969225038425e-09
-5.783647399490028240e-09
-5.787675126348036921e-09
-5.791715926408683493e-09
-5.795810523479360615e-09
-5.799918796447377138e-09
-5.804081380413076653e-09
-5.808258252670510649e-09
-5.812489957193480285e-09
-5.816736567231358804e-09
-5.821038540194172895e-09
-5.825356047966803511e-09
-5.829729463579196823e-09
-5.834119052687603508e-09
-5.838565101298722077e-09
-5.843027967313932885e-09
-5.847547855154176741e-09
-5.852085217863132339e-09
-5.856680179478348534e-09
-5.861293282465926180e-09
-5.865964567753980643e-09
-5.870654666631355457e-09
-5.875403543289326149e-09
-5.880171920674201256e-09
-5.884999686600756187e-09
-5.889847648998071238e-09
-5.894755616702111497e-09
-5.899684482892835623e-09
-5.904673984683930472e-09
-5.909685103293084786e-09
-5.914757503534838044e-09
-5.919852247224672847e-09
-5.925008924245969516e-09
-5.930188678252586007e-09
-5.935431032199127781e-09
-5.940697214418047079e-09
-5.946026679482293801e-09
-5.951380732152007064e-09
-5.956798755973962449e-09
-5.962242134125246139e-09
-5.967750188035330253e-09
-5.973284382186800785e-09
-5.978883973789460011e-09
-5.984510499468197933e-09
-5.990203149389211930e-09
-5.995923534946852240e-09
-6.001710789052527838e-09
-6.007526601154861995e-09
-6.013410044215469558e-09
-6.019322875714473883e-09
-6.025304105271382504e-09
-6.031315561499241579e-09
-6.037396201404303166e-09
-6.043507928731437499e-09
-6.049689644936838136e-09
-6.055903317836304017e-09
-6.062187789091873570e-09
-6.068505093701707700e-09
-6.074894025367912916e-09
-6.081316691368472908e-09
-6.087811834726996790e-09
-6.094341622879327253e-09
-6.100944742521579290e-09
-6.107583423926904353e-09
-6.114296310281494703e-09
-6.121045701543044580e-09
-6.127870195424770888e-09
-6.134732148565840699e-09
-6.141670105540397406e-09
-6.148646481163507591e-09
-6.155699780478282038e-09
-6.162792485583199328e-09
-6.169963061762109405e-09
-6.177174044801693176e-09
-6.184463850096465752e-09
-6.191795066317308183e-09
-6.199206072833270416e-09
-6.206659523005229967e-09
-6.214193762843437308e-09
-6.221771497094071675e-09
-6.229431025433588618e-09
-6.237135099685512467e-09
-6.244921986089163634e-09
-6.252754498218831294e-09
-6.260670875736531876e-09
-6.268633982466608788e-09
-6.276682015896256669e-09
-6.284777880905431434e-09
-6.292959742945338110e-09
-6.301190564767677812e-09
-6.309508492172106552e-09
-6.317876538209102272e-09
-6.326332812078589815e-09
-6.334840361994734018e-09
-6.343437265451964335e-09
-6.352086622922642073e-09
-6.360826498646627431e-09
-6.369620044484616710e-09
-6.378505295674320075e-09
-6.387445434553892743e-09
-6.396478464178511949e-09
-6.405567611387210571e-09
-6.414750870519045442e-09
-6.423991521308452089e-09
-6.433327538993819938e-09
-6.442722231674847662e-09
-6.452213542318919831e-09
-6.461764813523713671e-09
-6.471413980963543443e-09
-6.481124440272503465e-09
-6.490934119916945474e-09
-6.500806445462803619e-09
-6.510779315612290751e-09
-6.520816179238498945e-09
-6.530954925200099944e-09
-6.541159051780157084e-09
-6.551466452497293038e-09
-6.561840661165827322e-09
-6.572319549036174286e-09
-6.582866663831181767e-09
-6.593519861025881795e-09
-6.604242728202179080e-09
-6.615073133612479377e-09
-6.625974708019536998e-09
-6.636985311428213608e-09
-6.648068585040840370e-09
-6.659262367404857342e-09
-6.670530323796993414e-09
-6.681910305837727322e-09
-6.693366026473688840e-09
-6.704935347984191014e-09
-6.716581999565400752e-09
-6.728343822970125174e-09
-6.740184553633253101e-09
-6.752142037159579030e-09
-6.764180051260593184e-09
-6.776336469093125480e-09
-6.788575098616217650e-09
-6.800933805944979712e-09
-6.813376394556776432e-09
-6.825940720521140337e-09
-6.838590610759595082e-09
-6.851363953581826701e-09
-6.864224619137978959e-09
-6.877210514292399092e-09
-6.890285510466309681e-09
-6.903487498600362158e-09
-6.916780347536579499e-09
-6.930201967300617048e-09
-6.943716266916555450e-09
-6.957361200209898758e-09
-6.971100699684039199e-09
-6.984972718244275485e-09
-6.998941170415484827e-09
-7.013044007041442424e-09
-7.027245155392629686e-09
-7.041582613905683231e-09
-7.056020355473352689e-09
-7.070596411353553996e-09
-7.085274747085286157e-09
-7.100093389894809137e-09
-7.115016282273290926e-09
-7.130081469337525093e-09
-7.145252935615790736e-09
-7.160568789393540543e-09
-7.175993032184721935e-09
-7.191563802533630953e-09
-7.207245078941919682e-09
-7.223074977028231860e-09
-7.239017472433013415e-09
-7.255110750429052808e-09
-7.271318809709480050e-09
-7.287679895504061792e-09
-7.304158040679507046e-09
-7.320791487595923344e-09
-7.337544199060660698e-09
-7.354454455641539018e-09
-7.371486242623763083e-09
-7.388677874357471239e-09
-7.405993382623080862e-09
-7.423471193336405223e-09
-7.441075292102949151e-09
-7.458844062627672964e-09
-7.476741496005558092e-09
-7.494806027760025495e-09
-7.513001593910951149e-09
-7.531366726704524361e-09
-7.549865479997502155e-09
-7.568536407835126825e-09
-7.587343446306843546e-09
-7.606325215036548583e-09
-7.625445662916614924e-09
-7.644743349342677662e-09
-7.664182200357424924e-09
-7.683801007123903380e-09
-7.703563733933985059e-09
-7.723509075934797279e-09
-7.743600964616048894e-09
-7.763878246476782312e-09
-7.784304722020270801e-09
-7.804919116477968947e-09
-7.825685352386526762e-09
-7.846642431432376115e-09
-7.867754145908281542e-09
-7.889059388444974504e-09
-7.910522070679948269e-09
-7.932181229511317102e-09
-7.954000468182102128e-09
-7.976018725088276234e-09
-7.998199889476197053e-09
-8.020583175401080240e-09
-8.043132201942278389e-09
-8.065886133986155740e-09
-8.088808897986438044e-09
-8.111939837089464223e-09
-8.135242445568346861e-09
-8.158756009665175765e-09
-8.182444527128636727e-09
-8.206347702402776861e-09
-8.230429226670550641e-09
-8.254728831914521987e-09
-8.279210806173186293e-09
-8.303915369111044976e-09
-8.328806460264497469e-09
-8.353924131037962806e-09
-8.379233120811510158e-09
-8.404774684959802543e-09
-8.430512889650110798e-09
-8.443505487854916258e-09
-8.456480037325978108e-09
-8.469570786481325615e-09
-8.487625631625698336e-09
-8.521067723916851161e-09
-8.544634611393651012e-09
-8.578599966649606466e-09
-8.602683835272155383e-09
-8.637184937085773457e-09
-8.661797385350480815e-09
-8.696846618202757022e-09
-8.722000046338762420e-09
-8.757610101132998741e-09
-8.783317476389918039e-09
-8.819501429000792244e-09
-8.845776100175448346e-09
-8.882547512193751198e-09
-8.909403000934156562e-09
-8.946775960088142079e-09
-8.974225856564832758e-09
-9.012214787892928493e-09
-9.040272704216132428e-09
-9.078892002247492823e-09
-9.107571467238780898e-09
-9.146835165409753112e-09
-9.176149410878616416e-09
-9.216070928970368802e-09
-9.246032529082653877e-09
-9.286624345851662005e-09
-9.317244730287822202e-09
-9.358517914710368062e-09
-9.389806814460094501e-09
-9.431770421326755310e-09
-9.463735216266365666e-09
-9.506395553328131829e-09
-9.539040498050588339e-09
-9.582400319270804820e-09
-9.615725665545996971e-09
-9.659783271991229910e-09
-9.693784239743083354e-09
-9.738532384719464642e-09
-9.773197958561370923e-09
-9.818622583384349164e-09
-9.853934253117408623e-09
-9.900013202985329785e-09
-9.935943724422592639e-09
-9.982645463637924716e-09
-1.001915756958031637e-08
-1.006643988051324460e-08
-1.010348498958173989e-08
-1.015129380750620288e-08
-1.018881090697935169e-08
-1.023707941684280988e-08
-1.027499424042808599e-08
-1.032364231994453602e-08
-1.036186700701800979e-08
-1.041080123652929264e-08
-1.044923473637954413e-08
-1.049834920552393653e-08
-1.053687858489285438e-08
-1.058605661476023845e-08
-1.062455935062753909e-08
-1.067367628583819431e-08
-1.071202375375178391e-08
-1.076095114736875636e-08
-1.079901360569572646e-08
-1.084762501773106824e-08
-1.088527814648872718e-08
-1.093345645634334052e-08
-1.097058934097355375e-08
-1.101823550054934926e-08
-1.105476010345712860e-08
-1.110180340451131000e-08
-1.113766556076097487e-08
-1.118407537351532980e-08
-1.121926725576892409e-08
-1.126506627383742196e-08
-1.129964056392465818e-08
-1.134492006188282355e-08
-1.137900660963222472e-08
-1.142394484676662879e-08
-1.145777137298708271e-08
-1.150265728535359641e-08
-1.153657705814589370e-08
-1.158184321677055626e-08
-1.161637512457645422e-08
-1.166264737087885677e-08
-1.169853818119211261e-08
-1.174671532607472589e-08
-1.178504266593190111e-08
-1.183642802649034499e-08
-1.187877889997555253e-08
-1.193531625861134034e-08
-1.198406925533730652e-08
-1.204883252778980313e-08
-1.210774881347230482e-08
