5.881606435818766785e+10
5.755198683464098358e+10
5.628873204513962555e+10
5.503428869826964569e+10
5.376543867371956635e+10
5.249939984671286011e+10
5.125020619771635437e+10
4.998079862756256866e+10
4.871020360886290741e+10
4.746628702908497620e+10
4.619464818329788208e+10
4.492576764365526581e+10
4.367910907673171234e+10
4.240987946526230621e+10
4.114386468648724365e+10
3.989252999763629150e+10
3.862391380029283905e+10
3.736741016297154999e+10
3.673530193566133118e+10
3.610441706220760345e+10
3.547663526567646027e+10
3.484393348682887268e+10
3.421657598309117508e+10
3.358409755726291656e+10
3.295927007590924454e+10
3.232358559518006516e+10
3.169982440937213135e+10
3.106764950799129868e+10
3.043889400082535934e+10
2.981201309727785110e+10
2.918139006720011902e+10
2.855661929842393112e+10
2.792471329248972702e+10
2.761563469619219589e+10
2.729702029452220917e+10
2.722369299246136856e+10
2.714027501194829941e+10
2.706687849249502945e+10
2.698356229187608719e+10
2.691008245374083328e+10
2.682688157889886093e+10
2.675330608205267334e+10
2.667023310127745438e+10
2.659655038407968521e+10
2.651361717860709381e+10
2.643981635870261383e+10
2.635703416582630920e+10
2.628310501850667191e+10
2.620048444025317764e+10
2.612641739877625275e+10
2.604396839166343689e+10
2.596975456395304108e+10
2.588748641350365448e+10
2.581311761226736832e+10
2.573103889556929779e+10
2.565650767887900925e+10
2.557462621854092407e+10
2.549992593786980820e+10
2.541824875069021225e+10
2.534337360340983582e+10
2.526190684692231369e+10
2.518685193032017136e+10
2.510560085015531540e+10
2.503036221415160751e+10
2.494933109485441589e+10
2.487390579076538467e+10
2.479309791237184525e+10
2.471748403530556870e+10
2.463690163762944031e+10
2.456109836038847733e+10
2.448074261660747910e+10
2.440475021332406235e+10
2.432462121411435318e+10
2.424844107223669052e+10
2.416853782137648392e+10
2.409217244104376984e+10
2.401249286310354996e+10
2.393594584338642120e+10
2.385648680383446503e+10
2.377976281574025726e+10
2.370052015352248383e+10
2.362362490006390381e+10
2.354459347244681168e+10
2.346753363642450714e+10
2.338870737563319016e+10
2.331149055607582474e+10
2.323286253699778366e+10
2.315549717543454742e+10
2.307705969341279984e+10
2.299955499131878281e+10
2.292129964881781387e+10
2.284366547767133331e+10
2.276558327839209366e+10
2.268783008385001755e+10
2.260991153269418716e+10
2.253205023439225388e+10
2.245428544155105209e+10
2.237632733004273605e+10
2.229870611741812897e+10
2.222066274973145294e+10
2.214317475789254761e+10
2.206505785315839386e+10
2.198769264709383774e+10
2.190951398366143799e+10
2.183226115570402908e+10
2.175403247112112045e+10
2.167688173957959747e+10
2.159861463475876999e+10
2.152155593698880768e+10
2.144326178581751251e+10
2.136628536467264557e+10
2.128797523021923065e+10
2.121107171306655502e+10
2.113275627125231171e+10
2.105591674164239883e+10
2.097760621023826981e+10
2.090082228354685593e+10
2.082252631298573303e+10
2.074579037518774033e+10
2.070627759363237000e+10
2.066827541923366165e+10
2.062881404002766037e+10
2.059077774769018173e+10
2.055136750273897171e+10
2.051329802190171814e+10
2.047393800271863937e+10
2.043583656686725998e+10
2.039652566622397995e+10
2.035839367281949997e+10
2.031913064289848328e+10
2.028096961555654144e+10
2.024175310052146149e+10
2.020356465871561050e+10
2.016439322322321320e+10
2.012617905557794189e+10
2.008705120976318741e+10
2.004881305078638458e+10
2.000972727194139862e+10
1.997146688191101837e+10
1.993242163316410446e+10
1.989414078086344528e+10
1.985513452715664673e+10
1.981683497517032623e+10
1.977786619681153870e+10
1.973954968911831665e+10
1.970061689316132355e+10
1.966228514477835846e+10
1.962338687446647644e+10
1.958504156292181396e+10
1.954617640540777588e+10
1.950781916383518219e+10
1.946898575637570953e+10
1.943061816804430771e+10
1.939181520284757996e+10
1.935343879695424652e+10
1.931466502484435272e+10
1.927628127341348648e+10
1.923753550646112061e+10
1.919914582220913696e+10
1.916042693546286774e+10
1.912203267049975204e+10
1.908333960294021225e+10
1.904494204819183350e+10
1.900627380301962280e+10
1.896787418826572037e+10
1.892922983262127686e+10
1.889082932705586624e+10
1.885220799126025009e+10
1.881380770449031067e+10
1.877520858088776016e+10
1.873680956429415512e+10
1.869823190576551819e+10
1.865983515416098404e+10
1.862127827237184906e+10
1.858288472589557648e+10
1.854434798933427811e+10
1.850595853553118134e+10
1.846744136738658142e+10
1.842905684342605209e+10
1.839055871934631729e+10
1.835217991433950043e+10
1.831370036011040878e+10
1.827532801749194717e+10
1.823686660666732025e+10
1.819850142661117935e+10
1.816005777812198639e+10
1.812170041996564865e+10
1.808327419573265457e+10
1.804492528038780594e+10
1.800651618295760727e+10
1.796817629528890228e+10
1.792978406551010513e+10
1.789145375666700745e+10
1.785307817142013168e+10
1.781475796110820770e+10
1.777639883110111237e+10
1.773808920978432846e+10
1.769974637742221832e+10
1.766144780844663620e+10
1.762312114578314209e+10
1.758483406741696167e+10
1.754652347419143677e+10
1.750824830157683563e+10
1.746995370334247589e+10
1.743169083035581970e+10
1.739341217669981384e+10
1.735516197771916199e+10
1.731689924057645798e+10
1.727866207215527725e+10
1.724041524421610641e+10
1.720219144666396332e+10
1.716396053987423515e+10
1.712575043874498940e+10
1.708753548289883614e+10
1.704933939038835907e+10
1.701114043180943871e+10
1.697295864806524849e+10
1.693477574837599754e+10
1.689660856272097206e+10
1.685844179769557762e+10
1.682028948976931953e+10
1.678213894826820564e+10
1.674400178908893204e+10
1.670586757207077217e+10
1.666774582502136993e+10
1.662962804462949181e+10
1.659152196637139130e+10
1.655342074509072113e+10
1.651533058640880394e+10
1.647724605628959465e+10
1.643917206287256432e+10
1.640110436481767654e+10
1.636304677797685242e+10
1.632499606108811760e+10
1.628695511841893005e+10
1.624892153939984512e+10
1.621089747538891029e+10
1.617288119799929047e+10
1.613487424458144188e+10
1.609687543914135170e+10
1.605888582620927620e+10
1.602090466914822769e+10
1.598293262501819801e+10
1.594496929846679878e+10
1.590701505030388260e+10
1.586906974172486115e+10
1.583113351593032837e+10
1.579320641778547478e+10
1.575528844034944344e+10
1.571737974980068779e+10
1.567948024662248802e+10
1.564159016526330566e+10
1.560370936244255066e+10
1.556583809605804443e+10
1.552797622015821838e+10
1.549012397851100540e+10
1.545228125679866028e+10
1.541444825343873978e+10
1.537662491409940529e+10
1.533881136619590569e+10
1.530100763852968216e+10
1.526321376672195244e+10
1.522542988132005310e+10
1.518765590958729744e+10
1.514989209849131966e+10
1.511213825403817368e+10
1.507439475088390350e+10
1.503666126404129410e+10
1.499893830418834686e+10
1.496122540832734680e+10
1.492352322897609711e+10
1.488583116043394089e+10
1.484815000073083878e+10
1.481047899874817276e+10
1.477281909988079071e+10
1.473516940654802322e+10
1.469753101183079338e+10
1.465990287204403687e+10
1.462228622699546432e+10
1.458467988841967773e+10
1.454708524083232307e+10
1.450950095387148285e+10
1.447192855387499619e+10
1.443436657164908981e+10
1.439681667176754951e+10
1.435927725009430122e+10
1.432175010529795265e+10
1.428423350267985725e+10
1.424672937043240166e+10
1.420923584804814148e+10
1.417175498834959793e+10
1.413428481004916573e+10
1.409682748547515678e+10
1.405938091777807426e+10
1.402194739351575279e+10
1.398452470561258125e+10
1.394711524949366951e+10
1.390971671324998283e+10
1.387233159578135490e+10
1.383495748574360847e+10
1.379759698013551903e+10
1.376024757353912163e+10
1.372291195573137474e+10
1.368558753251049042e+10
1.364827708119697952e+10
1.361097792399526215e+10
1.357369292064698219e+10
1.353641931482993889e+10
1.349916004371674538e+10
1.346191227738480949e+10
1.342467902559565163e+10
1.338745738959834671e+10
1.335025044706080437e+10
1.331305523501110077e+10
1.327587489450988960e+10
1.323870640279967690e+10
1.320155295999436569e+10
1.316441148780991554e+10
1.312728524125185204e+10
1.309017109058975220e+10
1.305307234173851967e+10
1.301598581742185211e+10
1.297891487066088295e+10
1.294185628035540009e+10
1.290481344300757599e+10
1.286778309723819542e+10
1.283076867958030701e+10
1.279376689174740791e+10
1.275678120702478027e+10
1.271980829342044830e+10
1.268285165786092186e+10
1.264590793768523598e+10
1.260898067051284409e+10
1.257206646588991356e+10
1.253516888933814621e+10
1.249828452533198357e+10
1.246141696465678596e+10
1.242456276928708839e+10
1.238772555277965355e+10
1.235090185703711128e+10
1.231409531603614426e+10
1.227730245389767265e+10
1.224052692280161095e+10
1.220376523124467659e+10
1.216702104752471161e+10
1.213029086653985214e+10
1.209357837075320625e+10
1.205688004337123108e+10
1.202019957906623650e+10
1.198353345188092995e+10
1.194688536366292381e+10
1.192856806679430962e+10
1.191025280518780708e+10
1.189194349037577629e+10
1.187363663999332047e+10
1.185533538072993660e+10
1.183703695525959396e+10
1.181874382486470222e+10
1.180045384201036835e+10
1.178216890942168045e+10
1.176388739144509315e+10
1.174561072183710861e+10
1.172733769477898026e+10
1.170906935025566673e+10
1.169080484334118080e+10
1.167254488346167183e+10
1.165428892862533951e+10
1.163603741083934402e+10
1.161779004232606506e+10
1.159954702234055710e+10
1.158130827636965561e+10
1.156307380845778656e+10
1.154484372294034958e+10
1.152661786020124054e+10
1.150839647450241852e+10
1.149017926907967758e+10
1.147196662381872177e+10
1.145375812708447266e+10
1.143555426396659851e+10
1.141735452667615891e+10
1.139915948835126686e+10
1.138096856077326775e+10
1.136278239071703720e+10
1.134460032274300003e+10
1.132642306515704155e+10
1.130824990639335632e+10
1.129008160612117767e+10
1.127191740596667671e+10
1.125375810842327690e+10
1.123560291613434601e+10
1.121745266724678612e+10
1.119930653199219131e+10
1.118116537814984512e+10
1.116302834905684662e+10
1.114489633706958961e+10
1.112676846326264954e+10
1.110864564032575607e+10
1.109052697095926476e+10
1.107241338462381935e+10
1.105430396890944672e+10
1.103619966705768967e+10
1.101809955428748322e+10
1.100000458511193085e+10
1.098191382467776108e+10
1.096382823666383553e+10
1.094574687807371330e+10
1.092767071998511887e+10
1.090959881287689590e+10
1.089153213374332619e+10
1.087346972789632416e+10
1.085541257700317574e+10
1.083735972234787560e+10
1.081931214922761917e+10
1.080126889585383224e+10
1.078323095027887154e+10
1.076519734844271088e+10
1.074716908041917610e+10
1.072914518054866982e+10
1.071112664031145096e+10
1.069311249301168633e+10
1.067510373102023888e+10
1.065709938707725525e+10
1.063910045401192474e+10
1.062110596439626122e+10
1.060311691115534782e+10
1.058513232702488899e+10
1.056715320472217369e+10
1.054917857742467690e+10
1.053120943738736916e+10
1.051324481846248055e+10
1.049528571222937775e+10
1.047733115341033363e+10
1.045938213273042107e+10
1.044143768594555473e+10
1.042349880277677536e+10
1.040556452015063667e+10
1.038763582665882683e+10
1.036971176051334000e+10
1.035179330907139206e+10
1.033387951192654800e+10
1.031597135511363029e+10
1.029806787968830109e+10
1.028017007028925323e+10
1.026227696950175858e+10
1.024438956050657463e+10
1.022650688747505760e+10
1.020862993207838440e+10
1.019075774012133980e+10
1.017289129172214317e+10
1.015502963435866165e+10
1.013717374655980682e+10
1.011932267750977325e+10
1.010147740411776733e+10
1.008363697730216408e+10
1.006580237232685280e+10
1.004797264186777306e+10
1.003014875952205658e+10
1.001232977974286461e+10
9.994516674442588806e+09
9.976708499867994308e+09
9.958906226231529236e+09
9.941108911587545395e+09
9.923317524435756683e+09
9.905531124649751663e+09
9.887750679005678177e+09
9.869975249206256866e+09
9.852205800294965744e+09
9.834441395812002182e+09
9.816682999060363770e+09
9.798929675424812317e+09
9.781182386461288452e+09
9.763440199405151367e+09
9.745704074059564590e+09
9.727973079515748978e+09
9.710248173819158554e+09
9.692528427921283722e+09
9.674814798105691910e+09
9.657106357187950134e+09
9.639404059686033249e+09
9.621706980283020020e+09
9.604016071728002548e+09
9.586330410574462891e+09
9.568650947799739838e+09
9.550976761830440521e+09
9.533308801869470596e+09
9.515646148218860626e+09
9.497989748304750443e+09
9.480338684306812286e+09
9.462693901872154236e+09
9.445054485060020447e+09
9.427421377736536026e+09
9.409793665842350006e+09
9.392172291460596085e+09
9.374556342415081024e+09
9.356946759004167557e+09
9.339342630936388016e+09
9.321744896723583221e+09
9.304152647960618973e+09
9.286566821371082306e+09
9.268986510437700272e+09
9.251412650094106674e+09
9.233844335712366104e+09
9.216282500434503555e+09
9.198726241523365021e+09
9.181176490327800751e+09
9.163632346002843857e+09
9.146094738102451324e+09
9.128562767675392151e+09
9.111037362479066849e+09
9.093517625457334518e+09
9.076004482569442749e+09
9.058497038655794144e+09
9.040996217875768661e+09
9.023501126967845917e+09
9.006012688289806366e+09
8.988530010479621887e+09
8.971054014091791153e+09
8.953583809665287018e+09
8.936120315949607849e+09
8.918662645386205673e+09
8.901211714917757034e+09
8.883766638889766693e+09
8.866328332436292648e+09
8.848895911808465958e+09
8.831470290329854965e+09
8.814050586158779144e+09
8.796637710806474686e+09
8.779230784340068817e+09
8.761830716456554413e+09
8.744436629133489609e+09
8.727049430251663208e+09
8.709668243700750351e+09
8.692293975543367386e+09
8.674925751582971573e+09
8.657564476062025070e+09
8.640209276699459076e+09
8.622861055915519714e+09
8.605518943346391678e+09
8.588183839588001251e+09
8.570854876195573807e+09
8.553532951938568115e+09
8.536217200293047905e+09
8.518908518199900627e+09
8.501606041057826042e+09
8.484310663976913452e+09
8.467021524280363083e+09
8.449739515245283127e+09
8.432463776121225357e+09
8.415195198350059509e+09
8.397932923109607697e+09
8.380677840004160881e+09
8.363429092141766548e+09
8.346187567286842346e+09
8.328952410479580879e+09
8.311724507642146111e+09
8.294503005748875618e+09
8.277288788877304077e+09
8.260081005937909126e+09
8.242880539161137581e+09
8.225686539395654678e+09
8.208499887022390366e+09
8.191319734830192566e+09
8.174146961347981453e+09
8.156980721306906700e+09
8.139821891381333351e+09
8.122669628246794701e+09
8.105524806720570564e+09
8.088386585424694061e+09
8.071255837316738129e+09
8.054131722967389107e+09
8.037015113471930504e+09
8.019905171351818085e+09
8.002802765837390900e+09
7.985707061403099060e+09
7.968618925411654472e+09
7.951537524292667389e+09
7.934463723538520813e+09
7.917396691536238670e+09
7.900337291905140877e+09
7.883284694991850853e+09
7.866239762539878845e+09
7.849201666857727051e+09
7.832171267810317993e+09
7.815147739670294762e+09
7.798131940421148300e+09
7.781123046301961899e+09
7.764121913411978722e+09
7.747127719959012985e+09
7.730141320155175209e+09
7.713161894179327965e+09
7.696190294353586197e+09
7.679225702830217361e+09
7.662268970038376808e+09
7.645319280106074333e+09
7.628377481566605568e+09
7.611442760526073456e+09
7.594515963618950844e+09
7.577596278931822777e+09
7.560684551197325706e+09
7.543779970484906197e+09
7.526883379622373581e+09
7.509993970664451599e+09
7.493112584531082153e+09
7.476238415264676094e+09
7.459372301874250412e+09
7.442513440392313957e+09
7.425662667913893700e+09
7.408819182464071274e+09
7.391983819220743179e+09
7.375155778203993797e+09
7.358335892671518326e+09
7.341523364640855789e+09
7.324719025446326256e+09
7.307922079105388641e+09
7.291133355025874138e+09
7.274352059227619171e+09
7.257579019188764572e+09
7.240813442934034348e+09
7.224056156008687973e+09
7.207306368444811821e+09
7.190564903851579666e+09
7.173830974270926476e+09
7.157105401372705460e+09
7.140387399211225510e+09
7.123677787513756752e+09
7.106975782349503517e+09
7.090282201499904633e+09
7.073596263051530838e+09
7.056918782836712837e+09
7.040248980961951256e+09
7.023587671307163239e+09
7.006934076001287460e+09
6.990289006968514442e+09
6.973651688362741470e+09
6.957022930149151802e+09
6.940401958509126663e+09
6.923789581445454597e+09
6.907185027169535637e+09
6.890589101718444824e+09
6.874001035336152077e+09
6.857421632090646744e+09
6.840850124260984421e+09
6.824287313942700386e+09
6.807732435452483177e+09
6.791186288910012245e+09
6.774648110672151566e+09
6.758118698879328728e+09
6.741597291931132317e+09
6.725084685985324860e+09
6.708580121486742020e+09
6.692084392607077599e+09
6.675596741838928223e+09
6.659117961364498138e+09
6.642647295726719856e+09
6.626185535114831924e+09
6.609731926124612808e+09
6.593287256948939323e+09
6.576850776238950729e+09
6.560423270187685966e+09
6.544003989504178047e+09
6.527593718378164291e+09
6.511191709579109192e+09
6.494798745289973259e+09
6.478414080343161583e+09
6.462038494911396027e+09
6.445671245892515182e+09
6.429313111445525169e+09
6.412963350536212921e+09
6.396622739306393623e+09
6.380290538792277336e+09
6.363967523114990234e+09
6.347652955383700371e+09
6.331347607695297241e+09
6.315050745234420776e+09
6.298763138070262909e+09
6.282484053465329170e+09
6.266214259457656860e+09
6.249953025390104294e+09
6.233701117266003609e+09
6.217457806511064529e+09
6.201223857090403557e+09
6.184998542514987946e+09
6.168782624708240509e+09
6.152575379268860817e+09
6.136377566075022697e+09
6.120188462815579414e+09
6.104008827319980621e+09
6.087837939369647026e+09
6.071676554741777420e+09
6.055523955312759399e+09
6.039380894804046631e+09
6.023246657189379692e+09
6.007121994130961418e+09
5.991006191702285767e+09
5.974899999502782822e+09
5.958802705708047867e+09
5.942715057851243973e+09
5.926636346212435722e+09
5.910567316255018234e+09
5.894507260365860939e+09
5.878456921935077667e+09
5.862415595458668709e+09
5.846384022249972343e+09
5.830361498916448593e+09
5.814348764691164017e+09
5.798345118295311928e+09
5.782351296878222466e+09
5.766366601277091980e+09
5.750391766554024696e+09
5.734426095664470673e+09
5.718470321579846382e+09
5.702523749376134872e+09
5.686587109930556297e+09
5.670659710441824913e+09
5.654742279689542770e+09
5.638834126997353554e+09
5.622935979043798447e+09
5.607047147279638290e+09
5.591168356278876305e+09
5.575298919621558189e+09
5.559439559773715973e+09
5.543589592446848869e+09
5.527749737995609283e+09
5.511919314265042305e+09
5.496099039494988441e+09
5.480288233666148186e+09
5.464487612900159836e+09
5.448696499315478325e+09
5.432915606912115097e+09
5.417144259948334694e+09
5.401383170299152374e+09
5.385631664364670753e+09
5.369890451891526222e+09
5.354158861423673630e+09
5.338437600576043129e+09
5.322726000038437843e+09
5.307024765290700912e+09
5.291333229170429230e+09
5.275652095019056320e+09
5.259980697823933601e+09
5.244319738784764290e+09
5.228668555040570259e+09
5.213027845646029472e+09
5.197396949893697739e+09
5.181776564689931870e+09
5.166166031482705116e+09
5.150566045026761055e+09
5.134975948927338600e+09
5.119396435784337044e+09
5.103826851362030029e+09
5.088267886102245331e+09
5.072718887930093765e+09
5.057180545126048088e+09
5.041652207777825356e+09
5.026134562001403809e+09
5.010626960048794746e+09
4.995130085868257523e+09
4.979643293877814293e+09
4.964167265854855537e+09
4.948701358385078430e+09
4.933246251071839333e+09
4.917801302670129776e+09
4.902367190606168747e+09
4.886943275805857658e+09
4.871530233515147209e+09
4.856127426832406044e+09
4.840735528820261002e+09
4.825353904751095772e+09
4.809983225501131058e+09
4.794622858518268585e+09
4.779273472489269257e+09
4.763934437039043427e+09
4.748606418661897659e+09
4.733288789161171913e+09
4.717982212835712433e+09
4.702686063668712616e+09
4.687401003760574341e+09
4.672126409275723457e+09
4.656862940113193512e+09
4.641609974619941711e+09
4.626368170490710258e+09
4.611136908256340027e+09
4.595916843404378891e+09
4.580707358650783539e+09
4.565509107273036003e+09
4.550321474173477173e+09
4.535145110416682243e+09
4.519979403092541695e+09
4.504825001049903870e+09
4.489681293567392349e+09
4.474548927275355339e+09
4.459427293642257690e+09
4.444317037077161789e+09
4.429217551239468575e+09
4.414129478314241409e+09
4.399052214152866364e+09
4.383986398713699341e+09
4.368931430041108131e+09
4.353887945864078522e+09
4.338855346420935631e+09
4.323834267208643913e+09
4.308824110660425186e+09
4.293825510038615227e+09
4.278837869972198963e+09
4.263861821486316204e+09
4.248896771406587601e+09
4.233943348518393993e+09
4.219000961844784737e+09
4.204070237928878784e+09
4.189150587991939545e+09
4.174242636332333088e+09
4.159345796370253086e+09
4.144460690156872272e+09
4.129586733312005520e+09
4.114724545637207508e+09
4.099873544952566147e+09
4.085034348807640553e+09
4.070206377223383427e+09
4.055390245495012760e+09
4.040585375844908714e+09
4.025792381311646938e+09
4.011010686319547653e+09
3.996240901648267746e+09
3.981482453924533367e+09
3.966735951666849136e+09
3.952000823704786301e+09
3.937277676293483257e+09
3.922565940465737343e+09
3.907866220211169243e+09
3.893177948766136646e+09
3.878501727852616787e+09
3.863836992910829544e+09
3.849184343393013954e+09
3.834543216943505287e+09
3.819914210742763519e+09
3.805296764639419079e+09
3.790691473540153980e+09
3.776097779498075008e+09
3.761516275144101143e+09
3.746946404735912323e+09
3.732388758626750469e+09
3.717842783278936386e+09
3.703309066766141891e+09
3.688787057755348682e+09
3.674277342038814545e+09
3.659779370488147259e+09
3.645293726612383842e+09
3.630819863487684250e+09
3.616358362338116169e+09
3.601908678444251537e+09
3.587471390743465424e+09
3.573045956720576763e+09
3.558632953024588108e+09
3.544231839344347477e+09
3.529843190038856506e+09
3.515466467000717163e+09
3.501102242297330379e+09
3.486749980024733543e+09
3.472410249957210541e+09
3.458082518393850803e+09
3.443767352814298153e+09
3.429464221720298290e+09
3.415173690295415878e+09
3.400895229243553162e+09
3.386629401450792789e+09
3.372375679822695255e+09
3.358134624946488380e+09
3.343905711928818703e+09
3.329689499056750298e+09
3.315485463637396812e+09
3.301294161656389236e+09
3.287115072620618820e+09
3.272948750213079453e+09
3.258794676139730930e+09
3.244653401779749393e+09
3.230524411037383556e+09
3.216408252986871243e+09
3.202304413729928493e+09
3.188213440034779072e+09
3.174134820199728966e+09
3.160069098685956001e+09
3.146015765987430096e+09
3.131975364257320881e+09
3.117947386184270859e+09
3.103932371612511635e+09
3.089929815424332619e+09
3.075940255154152870e+09
3.061963187876811981e+09
3.047999148816099644e+09
3.034047637238272667e+09
3.020109186055716038e+09
3.006183296724904060e+09
2.992270499846091270e+09
2.978370299064736366e+09
2.964483222668301105e+09
2.950608776489918232e+09
2.936747486503633499e+09
2.922898860728910923e+09
2.909063422825820446e+09
2.895240682998733997e+09
2.881431162593251705e+09
2.867634373997203827e+09
2.853850836241236210e+09
2.840080063895129204e+09
2.826322573674184799e+09
2.812577882328554630e+09
2.798846504257852554e+09
2.785127958390986919e+09
2.771422756811573982e+09
2.757730420625604153e+09
2.744051459600457191e+09
2.730385397017475605e+09
2.716732740327629566e+09
2.703093014985824108e+09
2.689466726126481533e+09
2.675853401376233101e+09
2.662253543552875519e+09
2.648666682452873707e+09
2.635093318577390671e+09
2.621532983890771389e+09
2.607986176577572823e+09
2.594452430768027306e+09
2.580932242330189705e+09
2.567425147558106899e+09
2.553931640003483295e+09
2.540451258122080326e+09
2.526984493149455547e+09
2.513530885700910091e+09
2.500090924696123123e+09
2.486664152907719135e+09
2.473251056939823151e+09
2.459851181720108509e+09
2.446465011537531853e+09
2.433092093472465038e+09
2.419732909499144554e+09
2.406387008848271370e+09
2.393054871179847240e+09
2.379736047872457981e+09
2.366431016272436142e+09
2.353139329903759480e+09
2.339861463799705982e+09
2.326596973627082348e+09
2.313346332106800079e+09
2.300109097045902252e+09
2.286885738853649616e+09
2.273675817474660397e+09
2.260479801007366657e+09
2.247297251531229973e+09
2.234128634834699154e+09
2.220973515129326820e+09
2.207832355894495010e+09
2.194704723471012592e+09
2.181591079030181408e+09
2.168490991039188385e+09
2.155404918362285137e+09
2.142332431590111494e+09
2.129273987280968189e+09
2.116229158145946980e+09
2.103198398438567162e+09
2.090181282987329960e+09
2.077178263742193699e+09
2.064188917645972013e+09
2.051213694346337795e+09
2.038252172897266865e+09
2.025304800645495176e+09
2.012371158752947330e+09
1.999451692266825676e+09
1.986545984453738689e+09
1.973654478062824965e+09
1.960776758462060213e+09
1.947913266104034901e+09
1.935063588454720497e+09
1.922228163671754599e+09
1.909406581315662622e+09
1.896599277250777960e+09
1.883805843128698111e+09
1.871026712522152662e+09
1.858261479170272827e+09
1.845510574355946779e+09
1.832773593902235031e+09
1.820050966804020405e+09
1.807342290964630365e+09
1.794647993092819691e+09
1.781967673168476105e+09
1.769301755616163969e+09
1.756649842488555908e+09
1.744012355928029776e+09
1.731388900056205034e+09
1.718779894735332727e+09
1.706184946152093887e+09
1.693604471890717030e+09
1.681038080198992729e+09
1.668486186385297537e+09
1.655948400754525185e+09
1.643425136341422081e+09
1.630916005503909111e+09
1.618421419005385637e+09
1.605940991252668619e+09
1.593475130740139484e+09
1.581023453919326544e+09
1.568586367017977715e+09
1.556163488528076172e+09
1.543755222413178682e+09
1.531361189201420307e+09
1.518981790594657660e+09
1.506616649152806282e+09
1.494266164318578482e+09
1.481929960679242373e+09
1.469608435420971632e+09
1.457301215153909683e+09
1.445008694810353279e+09
1.432730503018789768e+09
1.420467032460366011e+09
1.408217913777325869e+09
1.395983537402461529e+09
1.383763535987161160e+09
1.371558297718658209e+09
1.359367457252864838e+09
1.347191400534530163e+09
1.335029764218921423e+09
1.322882932011717081e+09
1.310750542563755035e+09
1.298632977341223717e+09
1.286529876989480972e+09
1.274441620744127989e+09
1.262367851214390039e+09
1.250308945440387487e+09
1.238264548023075342e+09
1.226235033623139858e+09
1.214220049089467049e+09
1.202219966878785610e+09
1.190234434753030777e+09
1.178263825027900457e+09
1.166307787171449900e+09
1.154366684071044922e+09
1.142440182662285328e+09
1.130528639182795525e+09
1.118631674064579010e+09
1.106749754960298777e+09
1.094882454053515434e+09
1.083029926646560907e+09
1.071193406749744296e+09
1.059378074357382059e+09
1.047594878976989388e+09
1.035851910044960737e+09
1.024138657230524182e+09
1.012469337193741083e+09
1.000826590255622506e+09
9.892307529131289721e+08
9.776590908469481468e+08
9.661365670354284048e+08
9.546364970133568048e+08
9.431871979857401848e+08
9.317591572220829725e+08
9.203829996438884735e+08
9.147013655009087324e+08
9.090352584432210922e+08
9.033720808086352348e+08
8.977240703888012171e+08
8.920792155230798721e+08
8.864494048391046524e+08
8.808228542462311983e+08
8.752112771550140381e+08
8.696030476313018799e+08
8.640097229212090969e+08
8.584198336213574409e+08
8.528447815037750006e+08
8.472732478862843513e+08
8.417164909958430529e+08
8.361633268186734915e+08
8.306248872918865681e+08
8.250901062895560265e+08
8.195700044083354473e+08
8.140536214694383144e+08
8.085518760932186842e+08
8.030539068211466074e+08
7.975705351373268366e+08
7.920909948347355127e+08
7.866260131016799212e+08
7.811649173157274723e+08
7.757183416533166170e+08
7.702757055066467524e+08
7.648475508969537020e+08
7.594233884973042011e+08
7.540136695482077599e+08
7.486079953148905039e+08
7.432167267739070654e+08
7.378295544251910448e+08
7.324567495752438307e+08
7.270880916454660892e+08
7.217337636465699673e+08
7.163836333957618475e+08
7.110477957343747616e+08
7.057162054314472675e+08
7.003988696478080750e+08
6.950858301437996626e+08
6.897870079762852192e+08
6.844925314177638292e+08
6.792122352258669138e+08
6.739363324338414669e+08
6.686745719496457577e+08
6.634172519352376461e+08
6.581740374149374962e+08
6.529353112874866724e+08
6.477106541389473677e+08
6.424905313880374432e+08
6.372844394507671595e+08
6.320829270147600174e+08
6.268954088585395813e+08
6.217125168455017805e+08
6.165435831979380846e+08
6.113793200427706242e+08
6.062289768537670374e+08
6.010833470700485706e+08
5.959516007896759510e+08
5.908246133452821970e+08
5.857114743665117025e+08
5.806031371982365847e+08
5.755086098327001333e+08
5.704189246460888386e+08
5.653430124225188494e+08
5.602719864949871302e+08
5.552146997096641064e+08
5.501623414096057415e+08
5.451236835521848202e+08
5.400899916537338495e+08
5.350699621501536965e+08
5.300549408757301569e+08
5.250535495815535188e+08
5.200572088773560524e+08
5.150744602568813562e+08
5.100967967976695299e+08
5.051326850162236094e+08
5.001736974425414205e+08
4.952282300311906934e+08
4.902879304190824628e+08
4.853611156943252087e+08
4.804395015588436127e+08
4.755313286455693841e+08
4.706283897312414646e+08
4.657388592097657919e+08
4.608546076387181282e+08
4.559837344217019677e+08
4.511181745024135709e+08
4.462659469801568389e+08
4.414190579188996553e+08
4.365854622884083390e+08
4.317572483920840621e+08
4.269423046729869246e+08
4.221327843936884999e+08
4.173364915409753919e+08
4.125456394754368663e+08
4.077679633918882012e+08
4.029957609466001987e+08
3.982367137296950221e+08
3.934831941687859893e+08
3.887428017211256623e+08
3.840079559308875203e+08
3.792861718740617633e+08
3.745699438097292185e+08
3.698667430100473166e+08
3.651691586908220649e+08
3.604845994089294672e+08
3.558056996810213327e+08
3.511397620169986486e+08
3.464794652201570272e+08
3.418320560570464134e+08
3.371903247870227695e+08
3.325614951924644709e+08
3.279384337398945689e+08
3.233282560928931236e+08
3.187238309038249254e+08
3.141321658067024350e+08
3.095462171385878325e+08
3.049730013790826797e+08
3.004056201730259657e+08
2.958510411417421699e+08
2.913023656153158545e+08
2.867663813084005713e+08
2.822361801650087237e+08
2.777185112190384269e+08
2.732066595230462551e+08
2.687074488506877422e+08
2.642142771419282556e+08
2.597338001485083103e+08
2.552592891833768189e+08
2.507971843459387720e+08
2.463408422540811598e+08
2.418968361721218526e+08
2.374588436432870030e+08
2.330334923187577128e+08
2.286143999898808599e+08
2.242078100364925861e+08
2.198071121402038932e+08
2.154184388527574241e+08
2.110355263373226523e+08
2.066648833712034822e+08
2.023006112019777000e+08
1.979490571633978784e+08
1.936039148639189601e+08
1.892709029410239458e+08
1.849435395164265335e+08
1.806277804461452663e+08
1.763179217776471078e+08
1.720205086491124928e+08
1.677300214321162403e+08
1.634523464019604921e+08
1.591810601638747454e+08
1.549212733049281240e+08
1.506667361805986762e+08
1.464234561340394616e+08
1.421865127535269558e+08
1.379625501837448776e+08
1.337462898366802633e+08
1.295428858567422330e+08
1.253455718930253386e+08
1.211588118859003037e+08
1.169767862692851871e+08
1.128058775899089128e+08
1.086422159372049868e+08
1.044925842576135248e+08
1.003517261444218755e+08
9.622370702169169486e+07
9.210113411388427019e+07
8.798779241462992132e+07
8.387854800393256545e+07
7.978059412536884844e+07
7.569148779535084963e+07
7.161825556977581978e+07
6.755540181032167375e+07
6.350544332325034589e+07
5.945994076348269731e+07
5.542185355843868852e+07
5.138691878563803434e+07
4.736370466666748375e+07
4.335190358749466389e+07
3.935921671365097165e+07
3.537962842179759592e+07
3.141341850580364093e+07
2.745054232348523661e+07
2.349284516058206186e+07
1.953651286832292750e+07
1.559160162245809659e+07
1.166165058644995093e+07
7.757322880846628919e+06
3.871623860841782764e+06
0.000000000000000000e+00
