4.884538925131419091e+05
4.884538924340136000e+05
4.884538922022123588e+05
4.884538918286527041e+05
4.884538913238375681e+05
4.884538906979336753e+05
4.884538899607449421e+05
4.884538891217151540e+05
4.884538881899248809e+05
4.884538871740909526e+05
4.884538860825672164e+05
4.884538849233443034e+05
4.884538837040531798e+05
4.884538824319654959e+05
4.884538811139980098e+05
4.884538797567153233e+05
4.884538783663336653e+05
4.884538769487263635e+05
4.884538762314080377e+05
4.884538755093383952e+05
4.884538747831551591e+05
4.884538740534758545e+05
4.884538733208978665e+05
4.884538725859984988e+05
4.884538718493338092e+05
4.884538711114400649e+05
4.884538703728340333e+05
4.884538696340109454e+05
4.884538688954469981e+05
4.884538681575988885e+05
4.884538674209020683e+05
4.884538666857734206e+05
4.884538659526103293e+05
4.884538655868869391e+05
4.884538652217949275e+05
4.884538650394998840e+05
4.884538648573790560e+05
4.884538646754377405e+05
4.884538644936814671e+05
4.884538643121151254e+05
4.884538641307434882e+05
4.884538639495723182e+05
4.884538637686059228e+05
4.884538635878494824e+05
4.884538634073073626e+05
4.884538632269850350e+05
4.884538630468862248e+05
4.884538628670161124e+05
4.884538626873788889e+05
4.884538625079789199e+05
4.884538623288206873e+05
4.884538621499082656e+05
4.884538619712456712e+05
4.884538617928375024e+05
4.884538616146870772e+05
4.884538614367988775e+05
4.884538612591762212e+05
4.884538610818234156e+05
4.884538609047439531e+05
4.884538607279410353e+05
4.884538605514187366e+05
4.884538603751803166e+05
4.884538601992291515e+05
4.884538600235681515e+05
4.884538598482012167e+05
4.884538596731308498e+05
4.884538594983603689e+05
4.884538593238928588e+05
4.884538591497310554e+05
4.884538589758777525e+05
4.884538588023355114e+05
4.884538586291075335e+05
4.884538584561956231e+05
4.884538582836028654e+05
4.884538581113312393e+05
4.884538579393835389e+05
4.884538577677613939e+05
4.884538576820734306e+05
4.884538575964674819e+05
4.884538575109445374e+05
4.884538574255038402e+05
4.884538573401465546e+05
4.884538572548721568e+05
4.884538571696816944e+05
4.884538570845745853e+05
4.884538569995517610e+05
4.884538569146125228e+05
4.884538568297583261e+05
4.884538567449882394e+05
4.884538566603034269e+05
4.884538565757030738e+05
4.884538564911884023e+05
4.884538564067585394e+05
4.884538563224147074e+05
4.884538562381563825e+05
4.884538561539841467e+05
4.884538560698975343e+05
4.884538559858977678e+05
4.884538559019838576e+05
4.884538558181567932e+05
4.884538557344162837e+05
4.884538556507626781e+05
4.884538555671958020e+05
4.884538554837162956e+05
4.884538554003237514e+05
4.884538553170186933e+05
4.884538552338010632e+05
4.884538551506708027e+05
4.884538550676283776e+05
4.884538549846736132e+05
4.884538549018065678e+05
4.884538548190272995e+05
4.884538547363364487e+05
4.884538546537332004e+05
4.884538545712184859e+05
4.884538544887917815e+05
4.884538544064531452e+05
4.884538543242031010e+05
4.884538542420412414e+05
4.884538541599677410e+05
4.884538540779826581e+05
4.884538539960861672e+05
4.884538539142781519e+05
4.884538538325585541e+05
4.884538537509273738e+05
4.884538536693845526e+05
4.884538535879307310e+05
4.884538535065649776e+05
4.884538534252878744e+05
4.884538533440991887e+05
4.884538532629990950e+05
4.884538531819869531e+05
4.884538531010637525e+05
4.884538530202286784e+05
4.884538529394817306e+05
4.884538528588236659e+05
4.884538527782530873e+05
4.884538526977708680e+05
4.884538526173767168e+05
4.884538525370706338e+05
4.884538524568523862e+05
4.884538523767219740e+05
4.884538522966792807e+05
4.884538522167243063e+05
4.884538521368565271e+05
4.884538520570766996e+05
4.884538519773836597e+05
4.884538518977780477e+05
4.884538518182594562e+05
4.884538517388278851e+05
4.884538516594828689e+05
4.884538515802247566e+05
4.884538515010527917e+05
4.884538514219672652e+05
4.884538513429681771e+05
4.884538512640547706e+05
4.884538511852271622e+05
4.884538511064852937e+05
4.884538510278287577e+05
4.884538509492577869e+05
4.884538508707713336e+05
4.884538507923702709e+05
4.884538507140536094e+05
4.884538506358212326e+05
4.884538505576734315e+05
4.884538504796091584e+05
4.884538504016289953e+05
4.884538503237319528e+05
4.884538502459184383e+05
4.884538501681877533e+05
4.884538500905397814e+05
4.884538500129743479e+05
4.884538499354910455e+05
4.884538498580896994e+05
4.884538497807700769e+05
4.884538497035317123e+05
4.884538496263741399e+05
4.884538495492976508e+05
4.884538494723016047e+05
4.884538493953853613e+05
4.884538493185491534e+05
4.884538492417922826e+05
4.884538491651145741e+05
4.884538490885156789e+05
4.884538490119953058e+05
4.884538489355528145e+05
4.884538488591881469e+05
4.884538487829010701e+05
4.884538487066905946e+05
4.884538486305573024e+05
4.884538485544995638e+05
4.884538484785182518e+05
4.884538484026122023e+05
4.884538483646874083e+05
4.884538483267812408e+05
4.884538482888938743e+05
4.884538482510250178e+05
4.884538482131748460e+05
4.884538481753430679e+05
4.884538481375296251e+05
4.884538480997348670e+05
4.884538480619584443e+05
4.884538480241999496e+05
4.884538479864601395e+05
4.884538479487382574e+05
4.884538479110345943e+05
4.884538478733490920e+05
4.884538478356815758e+05
4.884538477980321040e+05
4.884538477604002110e+05
4.884538477227864787e+05
4.884538476851906162e+05
4.884538476476124488e+05
4.884538476100516273e+05
4.884538475725089083e+05
4.884538475349835353e+05
4.884538474974755081e+05
4.884538474599854671e+05
4.884538474225124228e+05
4.884538473850564915e+05
4.884538473476184881e+05
4.884538473101970158e+05
4.884538472727932385e+05
4.884538472354061087e+05
4.884538471980362665e+05
4.884538471606835956e+05
4.884538471233472810e+05
4.884538470860284870e+05
4.884538470487258746e+05
4.884538470114404336e+05
4.884538469741712906e+05
4.884538469369190861e+05
4.884538468996831798e+05
4.884538468624638044e+05
4.884538468252609018e+05
4.884538467880741227e+05
4.884538467509039328e+05
4.884538467137496918e+05
4.884538466766116326e+05
4.884538466394896968e+05
4.884538466023837100e+05
4.884538465652939049e+05
4.884538465282197576e+05
4.884538464911612682e+05
4.884538464541190187e+05
4.884538464170919615e+05
4.884538463800804457e+05
4.884538463430847623e+05
4.884538463061044458e+05
4.884538462691396126e+05
4.884538462321897969e+05
4.884538461952556972e+05
4.884538461583366152e+05
4.884538461214324925e+05
4.884538460845433292e+05
4.884538460476695909e+05
4.884538460108101717e+05
4.884538459739661776e+05
4.884538459371363861e+05
4.884538459003215539e+05
4.884538458635213319e+05
4.884538458267356618e+05
4.884538457899643108e+05
4.884538457532076864e+05
4.884538457164650317e+05
4.884538456797367544e+05
4.884538456430226215e+05
4.884538456063226913e+05
4.884538455696366145e+05
4.884538455329644494e+05
4.884538454963063123e+05
4.884538454596619704e+05
4.884538454230312491e+05
4.884538453864142066e+05
4.884538453498107847e+05
4.884538453132205759e+05
4.884538452766442788e+05
4.884538452400808455e+05
4.884538452035307419e+05
4.884538451669940841e+05
4.884538451304703485e+05
4.884538450939598843e+05
4.884538450574620510e+05
4.884538450209769653e+05
4.884538449845050927e+05
4.884538449480457930e+05
4.884538449115988915e+05
4.884538448751649703e+05
4.884538448387430981e+05
4.884538448023338569e+05
4.884538447659368976e+05
4.884538447295520455e+05
4.884538446931794751e+05
4.884538446568190702e+05
4.884538446204703068e+05
4.884538445841339417e+05
4.884538445478092181e+05
4.884538445114959613e+05
4.884538444751946372e+05
4.884538444389049546e+05
4.884538444026266225e+05
4.884538443663598155e+05
4.884538443301044754e+05
4.884538442938601947e+05
4.884538442576274392e+05
4.884538442214052775e+05
4.884538441851945245e+05
4.884538441489944817e+05
4.884538441128056147e+05
4.884538440766272834e+05
4.884538440404596622e+05
4.884538440043026931e+05
4.884538439681565505e+05
4.884538439320204197e+05
4.884538438958948827e+05
4.884538438597795903e+05
4.884538438236744842e+05
4.884538437875796226e+05
4.884538437514946563e+05
4.884538437154198764e+05
4.884538436793548171e+05
4.884538436432993622e+05
4.884538436072540935e+05
4.884538435712181963e+05
4.884538435351917869e+05
4.884538434991752729e+05
4.884538434631677810e+05
4.884538434271696024e+05
4.884538433911809116e+05
4.884538433552010683e+05
4.884538433192304219e+05
4.884538432832685648e+05
4.884538432473159628e+05
4.884538432113717427e+05
4.884538431754365447e+05
4.884538431395094376e+05
4.884538431035915855e+05
4.884538430676814751e+05
4.884538430317799211e+05
4.884538429958868655e+05
4.884538429600015515e+05
4.884538429241243284e+05
4.884538428882551380e+05
4.884538428523935727e+05
4.884538428165400983e+05
4.884538427806937252e+05
4.884538427448553266e+05
4.884538427090239711e+05
4.884538426731999498e+05
4.884538426373832044e+05
4.884538426015733858e+05
4.884538425657711341e+05
4.884538425299748778e+05
4.884538424941863050e+05
4.884538424584039021e+05
4.884538424226286588e+05
4.884538423868595855e+05
4.884538423510974972e+05
4.884538423153417534e+05
4.884538422795925871e+05
4.884538422438501730e+05
4.884538422081142198e+05
4.884538421723851934e+05
4.884538421366625698e+05
4.884538421009473386e+05
4.884538420652389759e+05
4.884538420295378310e+05
4.884538419938442530e+05
4.884538419581584749e+05
4.884538419224806130e+05
4.884538418868115987e+05
4.884538418511509662e+05
4.884538418155002291e+05
4.884538417798586888e+05
4.884538417442275677e+05
4.884538417086072732e+05
4.884538416729978635e+05
4.884538416374009685e+05
4.884538416018158314e+05
4.884538415662440239e+05
4.884538415306851384e+05
4.884538414951400482e+05
4.884538414596086368e+05
4.884538414240919519e+05
4.884538413885884220e+05
4.884538413530993275e+05
4.884538413176230970e+05
4.884538412821598467e+05
4.884538412467075977e+05
4.884538412112651858e+05
4.884538411758308648e+05
4.884538411404014914e+05
4.884538411049740971e+05
4.884538410695451894e+05
4.884538410341099370e+05
4.884538409986626939e+05
4.884538409631982213e+05
4.884538409277081955e+05
4.884538408921855735e+05
4.884538408566208673e+05
4.884538408210041234e+05
4.884538407853248063e+05
4.884538407495704014e+05
4.884538407137288013e+05
4.884538406777866185e+05
4.884538406417294755e+05
4.884538406055434025e+05
4.884538405692141387e+05
4.884538405327273649e+05
4.884538404960694606e+05
4.884538404592287843e+05
4.884538404221941601e+05
4.884538403849581373e+05
4.884538403475153609e+05
4.884538403098661802e+05
4.884538402720140875e+05
4.884538402339706663e+05
4.884538401957536116e+05
4.884538401573906885e+05
4.884538401189192082e+05
4.884538400803881232e+05
4.884538400418612291e+05
4.884538400034153019e+05
4.884538399651457439e+05
4.884538399271649541e+05
4.884538398896057624e+05
4.884538398526228266e+05
4.884538398163923994e+05
4.884538397811140749e+05
4.884538397470125929e+05
4.884538397143348120e+05
4.884538396833524457e+05
4.884538396543580457e+05
4.884538396276641870e+05
4.884538396035999176e+05
4.884538395825052285e+05
4.884538395647265133e+05
4.884538395506066736e+05
4.884538395404780167e+05
4.884538395346484031e+05
4.884538395333887893e+05
4.884538395369156497e+05
4.884538395453735720e+05
4.884538395588111598e+05
4.884538395771579817e+05
4.884538396001974470e+05
4.884538396275329287e+05
4.884538396585586015e+05
4.884538396924203844e+05
4.884538397279773490e+05
4.884538397637631278e+05
4.884538397979432484e+05
4.884538398282717681e+05
4.884538398520522751e+05
4.884538398660956882e+05
4.884538398666859139e+05
4.884538398495474830e+05
4.884538398098242469e+05
4.884538397420642432e+05
4.884538396402205108e+05
4.884538394976690179e+05
4.884538393072426552e+05
4.884538390612955554e+05
4.884538387517901137e+05
4.884538383704238804e+05
4.884538379087908543e+05
4.884538373585898080e+05
4.884538367118818569e+05
4.884538359614047804e+05
4.884538351009470643e+05
4.884538341257899883e+05
4.884538330332194455e+05
4.884538318231150042e+05
4.884538304986124858e+05
4.884538290668504196e+05
4.884538275397878606e+05
4.884538259351028828e+05
4.884538242771523073e+05
4.884538225979944109e+05
4.884538209384493530e+05
4.884538193491858547e+05
4.884538178918035119e+05
4.884538166398797184e+05
4.884538156799401622e+05
4.884538151123097050e+05
4.884538150517751928e+05
4.884538156280051917e+05
4.884538169856377644e+05
4.884538192839562544e+05
4.884538226960421307e+05
4.884538274073026842e+05
4.884538336132440600e+05
4.884538415163565078e+05
4.884538513219733140e+05
4.884538632329452084e+05
4.884538774429868790e+05
4.884538941285276669e+05
4.884539134389241808e+05
4.884539354848847724e+05
4.884539603249857319e+05
4.884539879501660471e+05
4.884540182661456638e+05
4.884540510737311561e+05
4.884540860470570042e+05
4.884541227098647505e+05
4.884541604100289987e+05
4.884541982926364872e+05
4.884542352720700437e+05
4.884542700036882306e+05
4.884543008558742004e+05
4.884543258834413718e+05
4.884543428035737015e+05
4.884543489757868811e+05
4.884543413875998813e+05
4.884543166479839711e+05
4.884542709908721736e+05
4.884542002914585755e+05
4.884541000981975230e+05
4.884539656839195522e+05
4.884537921195790404e+05
4.884535743746676017e+05
4.884533074482852826e+05
4.884529865353237255e+05
4.884526072319317027e+05
4.884521657847503666e+05
4.884516593877573032e+05
4.884510865305811749e+05
4.884504474010011763e+05
4.884497443438769551e+05
4.884489823769495706e+05
4.884481697627352551e+05
4.884473186331411707e+05
4.884464456611332134e+05
4.884455727701386786e+05
4.884447278689723462e+05
4.884439455924081849e+05
4.884432680303149973e+05
4.884427454098527669e+05
4.884424362695761956e+05
4.884424090104274801e+05
4.884427452258733101e+05
4.884435386573280557e+05
4.884448944166983711e+05
4.884469293653728091e+05
4.884497705083603505e+05
4.884515363686830970e+05
4.884535554939461872e+05
4.884558460525517585e+05
4.884584263380091288e+05
4.884613148622114677e+05
4.884645299829425639e+05
4.884680899570636684e+05
4.884720125263577793e+05
4.884763149132431136e+05
4.884810133672194206e+05
4.884861230864793761e+05
4.884916577275752206e+05
4.884976292340967339e+05
4.885040473149305908e+05
4.885109191584770451e+05
4.885182488879079465e+05
4.885260371373231756e+05
4.885342804957545595e+05
4.885429709200432990e+05
4.885520951833792496e+05
4.885616340985238785e+05
4.885715619915351854e+05
4.885818457085556001e+05
4.885924441410436411e+05
4.886033069900152041e+05
4.886143743756539188e+05
4.886255753349491279e+05
4.886368275560453185e+05
4.886480355890469509e+05
4.886590907539101318e+05
4.886698690502243699e+05
4.886802312968447804e+05
4.886900207352001453e+05
4.886990634691493469e+05
4.887071657683417434e+05
4.887141148878480890e+05
4.887196760938810185e+05
4.887235939543977729e+05
4.887255891296669142e+05
4.887253602369893924e+05
4.887225804737380240e+05
4.887169001711920719e+05
4.887079433483267203e+05
4.886953110809537466e+05
4.886785781211697613e+05
4.886572972178010386e+05
4.886309959793901071e+05
4.885991822894362849e+05
4.885613416402442963e+05
4.885169437905320665e+05
4.884654408531912486e+05
4.884062753420203808e+05
4.883388793584633968e+05
4.882626841664052918e+05
4.881771208892189898e+05
4.880816317375162034e+05
4.879756726973964251e+05
4.878587265034667798e+05
4.877303078794497414e+05
4.875899783157000784e+05
4.874373544593132683e+05
4.872721247101895860e+05
4.870940615081852302e+05
4.869030395628407714e+05
4.866990527158658369e+05
4.864822339593190700e+05
4.862528775145066902e+05
4.860114595686220564e+05
4.857586673459038720e+05
4.854954211367829703e+05
4.852229078969407128e+05
4.849426038671433926e+05
4.846563209069439908e+05
4.843662234093555016e+05
4.840748750392415095e+05
4.837852689549401402e+05
4.835008894434999092e+05
4.832257037316327915e+05
4.829642406361720641e+05
4.827216372906441102e+05
4.825036778437892790e+05
4.823167546380803687e+05
4.821680349469687790e+05
4.820654645527860848e+05
4.820177441220987821e+05
4.820343841846029391e+05
4.821258507919397089e+05
4.823032964483668329e+05
4.825789923243666999e+05
4.829666418454503873e+05
4.834799952930063009e+05
4.841326028223927133e+05
4.849422068433980457e+05
4.859295231723054894e+05
4.871081554040968185e+05
4.884883499999853084e+05
