9.169622852291507797e+02
9.169541735143280903e+02
9.169437372565259921e+02
9.169314684883995596e+02
9.169160196194995933e+02
9.168975610676767474e+02
9.168746064952366623e+02
9.168469197272460178e+02
9.168127386957808085e+02
9.167712842559386672e+02
9.167203232477403390e+02
9.166583219239186064e+02
9.165822926618893689e+02
9.164896247136690590e+02
9.163761609710003313e+02
9.162377280297934021e+02
9.160683885537409878e+02
9.158616806935383465e+02
9.157357381449372724e+02
9.156082327105190188e+02
9.154560400916574281e+02
9.152987057149983912e+02
9.151143540327230994e+02
9.149207253910835789e+02
9.146970214584038104e+02
9.144592135715153063e+02
9.141874040182825638e+02
9.138958096813041720e+02
9.135652487217544149e+02
9.132081746238271762e+02
9.128059253764159848e+02
9.123691561043315232e+02
9.118795145579618975e+02
9.116145425126104556e+02
9.113421473189021071e+02
9.111946549391074086e+02
9.110527499829740918e+02
9.108981088148660774e+02
9.107486648125884585e+02
9.105865086315034205e+02
9.104291561966959989e+02
9.102591017609413484e+02
9.100934532697156101e+02
9.099150989890231358e+02
9.097407479038333804e+02
9.095536729730318939e+02
9.093701930075582140e+02
9.091739565425110641e+02
9.089809007873186602e+02
9.087750409319841083e+02
9.085719409483733671e+02
9.083559739506404185e+02
9.081423388330753141e+02
9.079157580890963573e+02
9.076910734959775482e+02
9.074533485629544884e+02
9.072170757158529568e+02
9.069676512933162940e+02
9.067192259447193692e+02
9.064575208246423017e+02
9.061963521946473747e+02
9.059217581806626640e+02
9.056472278631035806e+02
9.053591086596260311e+02
9.050705694983922740e+02
9.047682595703952302e+02
9.044650345069110244e+02
9.041478379115480948e+02
9.038292188048038724e+02
9.034964079961662264e+02
9.031616544172078420e+02
9.028124690242976840e+02
9.024608070334156764e+02
9.020944525905792943e+02
9.017250735826917207e+02
9.013407199152528619e+02
9.009527806031401269e+02
9.007497553464883140e+02
9.005523508427778552e+02
9.003445141775341654e+02
9.001421205276268438e+02
8.999293553426285825e+02
8.997218579249927188e+02
8.995040461478929501e+02
8.992913274704653759e+02
8.990683486268449087e+02
8.988502886410479960e+02
8.986220197278144042e+02
8.983984958069506774e+02
8.981648112473603760e+02
8.979356981464795808e+02
8.976964697490022900e+02
8.974616395641670579e+02
8.972167364815342125e+02
8.969760586092620542e+02
8.967253472976251487e+02
8.964786883944796045e+02
8.962220325727781756e+02
8.959692565152084853e+02
8.957065171248036677e+02
8.954474849692722955e+02
8.951785201339033620e+02
8.949130900773529902e+02
8.946377550634624640e+02
8.943657824042059019e+02
8.940839295817598895e+02
8.938052666808559934e+02
8.935167454846371129e+02
8.932312417278120620e+02
8.929358986193690271e+02
8.926434003795897070e+02
8.923410788098177591e+02
8.920414294105672752e+02
8.917319697830722589e+02
8.914250094624514986e+02
8.911082490977735233e+02
8.907938149734447961e+02
8.904695880742225427e+02
8.901475141093858383e+02
8.898156517265260845e+02
8.894857686969648967e+02
8.891460986969951819e+02
8.888082341592845523e+02
8.884605811929210404e+02
8.881145594539915464e+02
8.877587449260715857e+02
8.874043870140931176e+02
8.870402290549806139e+02
8.866773526918577772e+02
8.863046661304358622e+02
8.859330857058839683e+02
8.855516820442650214e+02
8.851712085917141621e+02
8.847808959817882624e+02
8.843913371561769736e+02
8.839919203781652186e+02
8.835930804357744819e+02
8.831843608788955180e+02
8.827760406594038614e+02
8.823578163048100578e+02
8.819398132156826478e+02
8.815118786218406512e+02
8.810839866252129013e+02
8.806461329158657918e+02
8.802081425181062286e+02
8.797601573729797337e+02
8.793118556170915099e+02
8.788535232655357277e+02
8.783946937265550332e+02
8.779257949442834388e+02
8.774562177278800164e+02
8.769765298370041364e+02
8.764959815814414696e+02
8.760052784539670938e+02
8.755135323356507797e+02
8.750115844006500083e+02
8.745084101434264312e+02
8.739949843980980404e+02
8.734801482865409525e+02
8.729550083113298342e+02
8.724282732082072016e+02
8.718911791862268501e+02
8.713523045543558965e+02
8.708030132953286966e+02
8.702517552240716441e+02
8.696900201930081948e+02
8.691261314296026512e+02
8.685517027804455665e+02
8.679749327664399061e+02
8.673875573809104935e+02
8.667976522938986363e+02
8.661970738258279425e+02
8.655937766267708184e+02
8.649797355520666997e+02
8.643627860384259520e+02
8.637350197110472436e+02
8.631041545759886731e+02
8.624623972900812987e+02
8.618173501880161211e+02
8.611613332465299209e+02
8.605018348652399709e+02
8.598312866552777223e+02
8.591570647949055228e+02
8.584717108700493782e+02
8.577824905292652602e+02
8.570820536988169351e+02
8.563775571700867886e+02
8.556617575887743214e+02
8.549417045896839227e+02
8.542102597457381989e+02
8.534743679617303087e+02
8.527269912530535976e+02
8.519749816300942484e+02
8.515923256617645620e+02
8.512130674750547996e+02
8.508263422374576521e+02
8.504429292790016461e+02
8.500520916627440329e+02
8.496644895198116956e+02
8.492695026048170348e+02
8.488776751961249829e+02
8.484785022311862122e+02
8.480824133331748271e+02
8.476790174368030648e+02
8.472786307189742274e+02
8.468709748955297982e+02
8.464662539160685810e+02
8.460543010651098257e+02
8.456452092744023048e+02
8.452289221963688988e+02
8.448154229421789978e+02
8.443947643437288662e+02
8.439768208766369071e+02
8.435517533761278628e+02
8.431293288551462410e+02
8.426998149882646203e+02
8.422728724866238963e+02
8.418388747121680353e+02
8.414073772232331976e+02
8.409688579290815369e+02
8.405327683724639201e+02
8.400896898816827161e+02
8.396489711095013035e+02
8.392012956866283275e+02
8.387559104899361273e+02
8.383036003474455811e+02
8.378535114628259635e+02
8.373965287677478955e+02
8.369416988840939666e+02
8.364800057648030815e+02
8.360203975302507615e+02
8.355539560834492931e+02
8.350895321124958173e+02
8.346183044103516977e+02
8.341490272911457851e+02
8.336729753886160097e+02
8.331988076904270883e+02
8.327178936327679821e+02
8.322387979136367449e+02
8.317529837440689562e+02
8.312689225586319708e+02
8.307781703262179462e+02
8.302891062337147332e+02
8.297933780014029708e+02
8.292992735738761212e+02
8.287985314267291415e+02
8.282993492573958747e+02
8.277935553110044111e+02
8.272892580228223096e+02
8.267783744319162906e+02
8.262689246863307062e+02
8.257529136535686121e+02
8.252382741594509525e+02
8.247170979444003933e+02
8.241972314671766071e+02
8.236708523954819157e+02
8.231457217664483323e+02
8.226141022391982460e+02
8.220836703650269328e+02
8.215467728683047426e+02
8.210110027407407642e+02
8.204687898553722789e+02
8.199276445611379813e+02
8.193800789726229823e+02
8.188335217034823472e+02
8.182805662121392061e+02
8.177285602751866236e+02
8.171701778064716564e+02
8.166126866345971393e+02
8.160488402496231402e+02
8.154858274121851309e+02
8.149164803184366974e+02
8.143479095321073373e+02
8.137730250943602641e+02
8.131988602341817796e+02
8.126184019855890028e+02
8.120386070962257463e+02
8.114525387496304347e+02
8.108670780568006649e+02
8.102753635162199544e+02
8.096842014383233845e+02
8.090868048106377728e+02
8.084899059705935542e+02
8.078867915774170569e+02
8.072841208146691088e+02
8.066752532044308737e+02
8.060667755871551208e+02
8.054521195473480475e+02
8.048378003848584967e+02
8.042173209544970405e+02
8.035971258098232965e+02
8.029707882920853308e+02
8.023446829947581591e+02
8.017124529698076003e+02
8.010804036288111547e+02
8.004422469668143094e+02
7.998042199837327644e+02
7.991601028580566890e+02
7.985160649404098194e+02
7.978659538410084906e+02
7.972158720157558491e+02
7.965597337627226580e+02
7.959035753899562451e+02
7.952413771472738517e+02
7.945791099340835899e+02
7.939108192235390788e+02
7.932424112380571160e+02
7.925679959533254078e+02
7.918934156389362897e+02
7.912128440598545467e+02
7.905320602495793310e+02
7.898453010565623345e+02
7.891582829876024334e+02
7.884653052762500920e+02
7.877720226047082406e+02
7.870727959005536150e+02
7.863732187162920582e+02
7.856677129897221903e+02
7.849618118314019739e+02
7.842499975127211655e+02
7.835377433829702341e+02
7.828195913776223733e+02
7.821009557583685137e+02
7.813764374623027607e+02
7.806513923302459261e+02
7.799204796454237112e+02
7.791889974876359020e+02
7.784516628376826475e+02
7.777137166673617230e+02
7.769699330133338435e+02
7.762254963856767063e+02
7.754752372419725361e+02
7.747242842701750760e+02
7.739675237205674421e+02
7.732100290919347572e+02
7.724467418057096211e+02
7.716826807978995930e+02
7.709128420461140649e+02
7.701421905434685868e+02
7.693657762153187605e+02
7.685885107253125170e+02
7.678054973445838414e+02
7.670215950143527834e+02
7.662319597559820750e+02
7.654413983889570545e+02
7.646451190956727260e+02
7.638478771682919160e+02
7.630449323673254867e+02
7.622409890458045538e+02
7.614313579656870843e+02
7.606206931228913390e+02
7.598043557103078456e+02
7.589869499426503126e+02
7.581638868793578467e+02
7.573397215237675937e+02
7.565099142435543627e+02
7.556789713944921232e+02
7.548424021001776509e+02
7.540046646266830521e+02
7.531613163071596091e+02
7.523167678699286398e+02
7.514666243172243867e+02
7.506152493857009631e+02
7.497582952120528716e+02
7.489000790815384789e+02
7.480362997364801458e+02
7.471712285452437072e+02
7.463006103326800940e+02
7.454286710790587449e+02
7.445512011743442145e+02
7.436723817338283880e+02
7.427880482008107492e+02
7.419023373430947004e+02
7.410111291511271929e+02
7.401185165571363314e+02
7.392204235980577778e+02
7.383208998769197251e+02
7.374159129819684040e+02
7.365094696879257299e+02
7.355975806446061824e+02
7.346842102938624066e+02
7.337654118627217485e+02
7.328451079502126504e+02
7.319193938815502634e+02
7.309921508976156019e+02
7.300595159480832308e+02
7.291253293950393299e+02
7.281857693441323818e+02
7.272446357527388727e+02
7.262981474191872167e+02
7.253500643649758786e+02
7.243966456229816231e+02
7.234416117424606227e+02
7.224812615378016289e+02
7.215192765445043506e+02
7.205519949104944999e+02
7.195830596108643249e+02
7.186088476841255215e+02
7.176329639932367854e+02
7.166518240293050894e+02
7.156689949863877018e+02
7.146809303751271045e+02
7.136911601588967642e+02
7.126961754397026425e+02
7.116994693834794816e+02
7.106975702602670708e+02
7.096939348668665843e+02
7.086851282228260516e+02
7.076745711792261773e+02
7.066588650913375886e+02
7.056413952830662311e+02
7.046187990363588369e+02
7.035944265616501525e+02
7.025649506631788199e+02
7.015336868468280045e+02
7.004973430393820308e+02
6.994592004463230523e+02
6.984160017218285930e+02
6.973709941704029234e+02
6.963209547830155088e+02
6.952690973579188949e+02
6.942122328367950104e+02
6.931535419017020558e+02
6.920898690634240893e+02
6.910243622732598396e+02
6.899538992339273591e+02
6.888815955467869117e+02
6.878043617337206115e+02
6.867252814224103759e+02
6.856412975854907472e+02
6.845554622486922653e+02
6.834647504713101398e+02
6.823721830443363388e+02
6.812747667539271106e+02
6.801754915190716702e+02
6.790713954972346755e+02
6.779654380936963207e+02
6.768546884858833437e+02
6.757420759192440300e+02
6.746247002440021561e+02
6.735054608952619901e+02
6.723814880530156870e+02
6.712556516871554777e+02
6.701251119685110780e+02
6.689927097425742204e+02
6.678556348361538539e+02
6.667166993068431111e+02
6.655731223066031816e+02
6.644276874373650799e+02
6.632776428494074707e+02
6.621257440170018072e+02
6.609692677658641742e+02
6.598109417663918066e+02
6.586480712008022920e+02
6.574833562552040576e+02
6.563141301532637044e+02
6.551430659122506768e+02
6.539675244860758312e+02
6.527901520344860273e+02
6.516083369342620699e+02
6.504246987948394008e+02
6.492366531122926290e+02
6.480467932488767246e+02
6.468525615201313030e+02
6.456565253402292228e+02
6.444561535480754628e+02
6.432539879048307512e+02
6.420475234803570856e+02
6.408392766738998034e+02
6.396267684975168777e+02
6.384124902756719848e+02
6.371939886774977140e+02
6.359737302358838633e+02
6.347492869955098058e+02
6.335231009770011497e+02
6.322927693226332622e+02
6.310607098162081456e+02
6.298245444231913552e+02
6.285866669621765368e+02
6.273447239509223436e+02
6.261010855106300141e+02
6.248534224439567879e+02
6.236040814387675937e+02
6.223507573186930131e+02
6.210957735985750787e+02
6.198368488625410464e+02
6.185762837090549056e+02
6.173118202256629274e+02
6.160457363474353087e+02
6.147757974116656214e+02
6.135042589393723347e+02
6.122289092672868946e+02
6.109519817481151449e+02
6.096712874710299275e+02
6.083890378625679887e+02
6.071030665206073991e+02
6.058155631840754722e+02
6.045243837190110980e+02
6.032316964116653253e+02
6.019353791588071090e+02
6.006375790252778870e+02
5.993361957041338428e+02
5.980333552663508954e+02
5.967269789696561020e+02
5.954191721148663419e+02
5.941078772954261922e+02
5.927951792617222964e+02
5.914790417164040264e+02
5.901615290750098666e+02
5.888406259250850781e+02
5.875183765585570654e+02
5.861927862255070067e+02
5.848658793009661849e+02
5.835356814768817912e+02
5.822041974134129987e+02
5.808694730252136651e+02
5.795334934548092178e+02
5.781943246218322656e+02
5.768539323437062194e+02
5.755104023288428152e+02
5.741656812576785569e+02
5.728178744131324720e+02
5.714689095231819920e+02
5.701169112330991311e+02
5.687637885023159470e+02
5.674076851268230257e+02
5.660504914795925515e+02
5.646903703468067306e+02
5.633291934694852898e+02
5.619651432317376702e+02
5.606000710595029659e+02
5.592321803351258040e+02
5.578633136748389916e+02
5.564916183790209061e+02
5.551192187054995202e+02
5.537434747004521114e+02
5.523676040330293517e+02
5.509916510554112392e+02
5.489288656892625795e+02
5.449444801047209239e+02
5.422342124896725863e+02
5.382450847061816148e+02
5.355022200925931202e+02
5.315093944360743308e+02
5.287366388904250698e+02
5.264357494175333159e+02
5.253401432044818193e+02
5.230454217338692615e+02
5.219364587747840005e+02
5.196476904512427382e+02
5.185257532189925769e+02
5.162430372931737566e+02
5.151083842838036162e+02
5.128318268265832103e+02
5.116847554329896752e+02
5.094144352828386673e+02
5.082552576908249762e+02
5.059912569200033658e+02
5.048202832516716967e+02
5.025626911200577069e+02
5.013802317288462973e+02
4.991291415487301038e+02
4.979355088109869030e+02
4.956910174428493860e+02
4.944865254509123247e+02
4.922487335195647233e+02
4.910336977252998167e+02
4.888027094513396378e+02
4.875774464331349236e+02
4.853533692455861797e+02
4.841181963332068676e+02
4.819011403520421482e+02
4.806563750430067330e+02
4.784464523643665075e+02
4.771924115118831651e+02
4.749897352269683779e+02
4.737267339472554681e+02
4.715314168356206892e+02
4.702597670669585455e+02
4.680719198956771265e+02
4.667919285356572914e+02
4.646116578852845578e+02
4.633236244259229579e+02
4.611510299541852760e+02
4.598552435283477280e+02
4.576904145805912663e+02
4.563871503166290040e+02
4.542301617872663542e+02
4.529196763960171666e+02
4.507705837026537665e+02
4.494531101760848060e+02
4.473119433754898751e+02
4.459876845954610189e+02
4.438544412843981490e+02
4.425235630162948723e+02
4.403981999591688350e+02
4.390608214773491227e+02
4.369432465434702522e+02
4.355994313436653442e+02
4.334894883196139972e+02
4.321392355988596705e+02
4.300366998599286035e+02
4.286799158951822619e+02
4.265844746258414943e+02
4.252210011249273407e+02
4.231322087177500748e+02
4.217617240688545621e+02
4.196791213915593062e+02
4.183011883271236115e+02
4.162238908748022368e+02
4.148380912238045539e+02
4.127655165452217716e+02
4.113704451416323309e+02
4.093013181638398805e+02
4.078974106477704140e+02
4.058297076034465931e+02
4.044129333449532737e+02
4.023480975642111162e+02
4.009202829278159470e+02
3.988474226104345348e+02
3.974042356754190450e+02
3.953393380904230980e+02
3.938716505773940071e+02
3.917774232200326310e+02
3.903103445296445670e+02
3.882333182580478024e+02
3.866830089298119901e+02
3.845542209230608819e+02
3.830865564451365231e+02
3.809479135913774144e+02
3.792185475341127585e+02
3.770799289859119767e+02
3.756723558241607179e+02
3.733110498980699390e+02
3.712082911883396719e+02
3.692023270766385394e+02
3.679845042946434432e+02
3.649814955729562485e+02
3.621115895140956127e+02
3.605413587216220321e+02
3.600000000000000000e+02
