-8.723405141034100702e-09
-8.723475227680910023e-09
-8.723565413468243736e-09
-8.723671411438698903e-09
-8.723804928724612652e-09
-8.723964411984982970e-09
-8.724162813778961081e-09
-8.724402057248948510e-09
-8.724697521755989862e-09
-8.725055795910913668e-09
-8.725496376855845249e-09
-8.726032363773608784e-09
-8.726689833498164232e-09
-8.727491212072990956e-09
-8.728472778004258986e-09
-8.729670543517530581e-09
-8.731136351077798323e-09
-8.732926207355534006e-09
-8.734017429457208139e-09
-8.735121839356432235e-09
-8.736441503186822226e-09
-8.737804978798748062e-09
-8.739404776722601252e-09
-8.741084006588904485e-09
-8.743027054426422584e-09
-8.745091388748369264e-09
-8.747454769210989193e-09
-8.749989029445151973e-09
-8.752866900519710582e-09
-8.755974813712762988e-09
-8.759482207575105714e-09
-8.763290604262268575e-09
-8.767568070210892628e-09
-8.769882611326321825e-09
-8.772265767458773689e-09
-8.773555286337433211e-09
-8.774797915083245649e-09
-8.776151093053767840e-09
-8.777460324675713460e-09
-8.778880486209317970e-09
-8.780259699161319862e-09
-8.781750338665426449e-09
-8.783203086338457245e-09
-8.784767876924581896e-09
-8.786297896622837348e-09
-8.787940699326324224e-09
-8.789551921705401972e-09
-8.791276795179078559e-09
-8.792973354170302524e-09
-8.794784564876344014e-09
-8.796570808122281442e-09
-8.798472841047978229e-09
-8.800353340875420652e-09
-8.802350910799715763e-09
-8.804330475757766594e-09
-8.806428539097011456e-09
-8.808512226089406897e-09
-8.810715993352062655e-09
-8.812909120394192640e-09
-8.815224069275901622e-09
-8.817532228908724666e-09
-8.819964118060635723e-09
-8.822393191455274688e-09
-8.824948074960357388e-09
-8.827504246748870495e-09
-8.830188489342564481e-09
-8.832878263212266892e-09
-8.835698556285852547e-09
-8.838528771376474635e-09
-8.841492149803417323e-09
-8.844469997948367669e-09
-8.847583857775952451e-09
-8.850716901631158872e-09
-8.853989018682027203e-09
-8.857285210788057543e-09
-8.860723760217594185e-09
-8.864191463047008773e-09
-8.866012422877116252e-09
-8.867776901463802389e-09
-8.869642827529440621e-09
-8.871453417809439561e-09
-8.873365464104262553e-09
-8.875223325891522557e-09
-8.877182675558203574e-09
-8.879088998297905371e-09
-8.881096864368050000e-09
-8.883052867888330332e-09
-8.885110494043669581e-09
-8.887117429325180414e-09
-8.889226090678594651e-09
-8.891285240643501130e-09
-8.893446244539853338e-09
-8.895558924860920651e-09
-8.897773611698238325e-09
-8.899941171628455809e-09
-8.902210915699903215e-09
-8.904434738923271044e-09
-8.906760949280542141e-09
-8.909042454784447439e-09
-8.911426576122983141e-09
-8.913767219092830551e-09
-8.916210732659541913e-09
-8.918612005396096899e-09
-8.921116429920093857e-09
-8.923579862780200473e-09
-8.926146755427125001e-09
-8.928673917788320905e-09
-8.931304875138921535e-09
-8.933897376388610349e-09
-8.936594035442112254e-09
-8.939253525991885514e-09
-8.942017565194844369e-09
-8.944745737520611519e-09
-8.947578877821846717e-09
-8.950377467530410056e-09
-8.953281473462736920e-09
-8.956152260385496430e-09
-8.959128941174886077e-09
-8.962073750489350751e-09
-8.965124961192247184e-09
-8.968145664572092352e-09
-8.971273307241586583e-09
-8.974371824035902448e-09
-8.977577848917529601e-09
-8.980756147360106353e-09
-8.984042554117945709e-09
-8.987302652567298331e-09
-8.990671491541216725e-09
-8.994015459752113790e-09
-8.997468833246943133e-09
-9.000898793674293264e-09
-9.004438857281685020e-09
-9.007956986417548612e-09
-9.011585950371436615e-09
-9.015194480116044620e-09
-9.018914610682460704e-09
-9.022615829750079214e-09
-9.026429450652284494e-09
-9.030225706012858202e-09
-9.034135199892625453e-09
-9.038028898249994078e-09
-9.042036708166030525e-09
-9.046030317473785256e-09
-9.050138948438157699e-09
-9.054234999454024412e-09
-9.058447020007580948e-09
-9.062648107887278130e-09
-9.066966151715131892e-09
-9.071274937646778616e-09
-9.075701705234717095e-09
-9.080120918114775390e-09
-9.084659178447816265e-09
-9.089191616599621699e-09
-9.093844208903606880e-09
-9.098492741839597451e-09
-9.103262577367085941e-09
-9.108030147595814518e-09
-9.112920211457260118e-09
-9.117809836336320372e-09
-9.122823189377784901e-09
-9.127837963013848483e-09
-9.132977743742382118e-09
-9.138120838939516710e-09
-9.143390265497423037e-09
-9.148664935754937021e-09
-9.154067307944163583e-09
-9.159476889505221394e-09
-9.165015590863177711e-09
-9.170563504815463058e-09
-9.176242004743538321e-09
-9.181931759173330105e-09
-9.187753615119460509e-09
-9.193588807320423437e-09
-9.199557667017095499e-09
-9.205541985755229640e-09
-9.211661589514289329e-09
-9.217798817350433245e-09
-9.224073000416206368e-09
-9.230367016087539726e-09
-9.236799711049691310e-09
-9.243254491911768922e-09
-9.249849731179443437e-09
-9.256469355710305894e-09
-9.263231274049091847e-09
-9.270019924416978065e-09
-9.276952761550329814e-09
-9.283914726246627672e-09
-9.291022829523364085e-09
-9.298162506062412133e-09
-9.305450333192121808e-09
-9.312772230879721570e-09
-9.320244352734365669e-09
-9.327753095528974564e-09
-9.331597905893108964e-09
-9.335385735489095026e-09
-9.339278475602158496e-09
-9.343114715239275664e-09
-9.347055992451864980e-09
-9.350941250808341530e-09
-9.354931680126088913e-09
-9.358866573577452532e-09
-9.362906777748734916e-09
-9.366891930473392382e-09
-9.370982540083209800e-09
-9.375018584162221507e-09
-9.379160237730825140e-09
-9.383247813247548930e-09
-9.387441157330850909e-09
-9.391580912471714176e-09
-9.395826601762946424e-09
-9.400019192919455682e-09
-9.404317890352130743e-09
-9.408563982224227841e-09
-9.412916359076380175e-09
-9.417216624777059144e-09
-9.421623360776821501e-09
-9.425978481938067223e-09
-9.430440265370557267e-09
-9.434850932250680435e-09
-9.439368460066243943e-09
-9.443835371658491529e-09
-9.448409349582310442e-09
-9.452933213724913803e-09
-9.457564356367989048e-09
-9.462145889855581851e-09
-9.466834920827109133e-09
-9.471474849523549823e-09
-9.476222501544729755e-09
-9.480921560497348436e-09
-9.485728575516621069e-09
-9.490487509071930488e-09
-9.495354638381640863e-09
-9.500174200302488346e-09
-9.505102204657075718e-09
-9.509983158241282379e-09
-9.514972807976898801e-09
-9.519915926177395944e-09
-9.524968001333086574e-09
-9.529974066879587344e-09
-9.535089357319931553e-09
-9.540159162842132870e-09
-9.545338468381496694e-09
-9.550472816533828015e-09
-9.555716947062148549e-09
-9.560916650650097241e-09
-9.566226426260271762e-09
-9.571492308368323120e-09
-9.576868559485158271e-09
-9.582201453606346899e-09
-9.587645021117206906e-09
-9.593045771284289359e-09
-9.598557506671324158e-09
-9.604026967589627458e-09
-9.609607733063699858e-09
-9.615146770245635953e-09
-9.620797438881944509e-09
-9.626406928783236992e-09
-9.632128384658618066e-09
-9.637809214816254393e-09
-9.643602353148237828e-09
-9.649355422320142077e-09
-9.655221149607750575e-09
-9.661047367914247871e-09
-9.666986602080581425e-09
-9.672886891147615992e-09
-9.678900561684244528e-09
-9.684875854788444010e-09
-9.690964902901566899e-09
-9.697016145117134743e-09
-9.703181523875646127e-09
-9.709309672223082043e-09
-9.715552346708460926e-09
-9.721758370305192130e-09
-9.728079317763314837e-09
-9.734364197976203341e-09
-9.740764407971045253e-09
-9.747129138570850609e-09
-9.753609613140128471e-09
-9.760055200457901154e-09
-9.766616954270695646e-09
-9.773144417356149056e-09
-9.779788477872487790e-09
-9.786398848654383609e-09
-9.793126256286875524e-09
-9.799820579735419122e-09
-9.806632388012872466e-09
-9.813411722304182877e-09
-9.820308998037337463e-09
-9.827174414719955534e-09
-9.834158238169292866e-09
-9.841110822332835111e-09
-9.848182287378473011e-09
-9.855223137824406359e-09
-9.862383352138162465e-09
-9.869513581552704858e-09
-9.876763666772352141e-09
-9.883984401901611487e-09
-9.891325493807277827e-09
-9.898637875634543274e-09
-9.906071124327389090e-09
-9.913476308252710283e-09
-9.921002878335804811e-09
-9.928502034357839278e-09
-9.936123105119371147e-09
-9.943717418019461763e-09
-9.951434183618245828e-09
-9.959124853146913649e-09
-9.966938522800208969e-09
-9.974726763865945625e-09
-9.982638562039662335e-09
-9.990525604900131174e-09
-9.998536771501449417e-09
-1.000652386195709540e-08
-1.001463565252948639e-08
-1.002272405211957293e-08
-1.003093773804031645e-08
-1.003912872424146861e-08
-1.004744559292161565e-08
-1.005574045934885484e-08
-1.006416181443575450e-08
-1.007256187104607418e-08
-1.008108903262842347e-08
-1.008959560592694247e-08
-1.009822991074245167e-08
-1.010684434399114823e-08
-1.011558714563680025e-08
-1.012431079906592284e-08
-1.013316346821089616e-08
-1.014199771923301136e-08
-1.015096164383428792e-08
-1.015990788726103979e-08
-1.016898447278174267e-08
-1.017804412104335009e-08
-1.018723479067380584e-08
-1.019640927404135901e-08
-1.020571546892297907e-08
-1.021500623573348229e-08
-1.022442941518546010e-08
-1.023383793206977461e-08
-1.024337957381865303e-08
-1.025290732593227545e-08
-1.026256892634437459e-08
-1.027221741760118491e-08
-1.028200049191798800e-08
-1.029177124522690431e-08
-1.030167732780340972e-08
-1.031157188530802243e-08
-1.032160252985412991e-08
-1.033162245317539985e-08
-1.034177923300028450e-08
-1.035192610348228836e-08
-1.036221061174190295e-08
-1.037248603070069221e-08
-1.038289988064836327e-08
-1.039330546962393996e-08
-1.040385029486415169e-08
-1.041438769587565363e-08
-1.042506515062102815e-08
-1.043573602642511366e-08
-1.044654778575661552e-08
-1.045735382010914207e-08
-1.046830158023957667e-08
-1.047924447816055339e-08
-1.049032995670139059e-08
-1.050141144474329583e-08
-1.051263638097486855e-08
-1.052385820749433073e-08
-1.053522436263943317e-08
-1.054658829807238416e-08
-1.055809745557329955e-08
-1.056960529271357403e-08
-1.058125925851265598e-08
-1.059291281279409646e-08
-1.060471341561783432e-08
-1.061651452539999267e-08
-1.062846361704667355e-08
-1.064041414390410586e-08
-1.065251359953513273e-08
-1.066461542855032714e-08
-1.067686714698519642e-08
-1.068912218704521824e-08
-1.070152809106020311e-08
-1.071393827515710537e-08
-1.072650031178772431e-08
-1.073906759732270202e-08
-1.075178773817000063e-08
-1.076451410726143121e-08
-1.077739434880212200e-08
-1.079028180859746697e-08
-1.080332417249799822e-08
-1.081637475548965053e-08
-1.082958128892420271e-08
-1.084279705326932106e-08
-1.085616982924185963e-08
-1.086955285908622132e-08
-1.088309397675657296e-08
-1.089664638256255757e-08
-1.091035796757660752e-08
-1.092408188645528842e-08
-1.093796609127934667e-08
-1.095186368732674826e-08
-1.096592269158616091e-08
-1.097999615622381709e-08
-1.099423216704578973e-08
-1.100848371936557733e-08
-1.102289897172636918e-08
-1.103733085883967910e-08
-1.105192761591617628e-08
-1.106654211330752822e-08
-1.108132266683324909e-08
-1.109612207871835653e-08
-1.111108874934395515e-08
-1.112607540903233324e-08
-1.114123054669069539e-08
-1.115640681695286457e-08
-1.117175280122880624e-08
-1.118712107466816126e-08
-1.120266031517282049e-08
-1.121822301460221593e-08
-1.123395795135222577e-08
-1.124971753017538738e-08
-1.126565063397686806e-08
-1.128160957657462820e-08
-1.129774334941207781e-08
-1.131390417153358391e-08
-1.133024114696374537e-08
-1.134660639612264636e-08
-1.136314913967339879e-08
-1.137972139554909384e-08
-1.139647250512344588e-08
-1.141325437996747001e-08
-1.143021648625266351e-08
-1.144721062530019667e-08
-1.146438639218202490e-08
-1.148159547406862724e-08
-1.149898759905089821e-08
-1.151641433623441519e-08
-1.153402555086363938e-08
-1.155167269005124536e-08
-1.156950576034644870e-08
-1.158737608292685376e-08
-1.160543380981444139e-08
-1.162353013229509764e-08
-1.164181535204871378e-08
-1.166014052649788221e-08
-1.167865611118306775e-08
-1.169721302567666446e-08
-1.171596188360010038e-08
-1.173475346267301465e-08
-1.175373853883625210e-08
-1.177276774393800707e-08
-1.179199202049534991e-08
-1.181126185044983631e-08
-1.183072834717030326e-08
-1.185024183863956969e-08
-1.186995361337276742e-08
-1.188971384132471985e-08
-1.190967399047081557e-08
-1.192968406865113709e-08
-1.194989572763519202e-08
-1.197015880904395274e-08
-1.199062515279540569e-08
-1.201114443016940001e-08
-1.203186867360800778e-08
-1.205264737991043377e-08
-1.207363277844066547e-08
-1.209467418736060627e-08
-1.211592403737741961e-08
-1.213723146384257796e-08
-1.215874910325261576e-08
-1.218032590395995533e-08
-1.220211471272340185e-08
-1.222396428669348232e-08
-1.224602768739314526e-08
-1.226815347655552136e-08
-1.229049493500081930e-08
-1.231290042481853237e-08
-1.233552345069314580e-08
-1.235821217083536889e-08
-1.238112031839742206e-08
-1.240409584346889427e-08
-1.242729271231181252e-08
-1.245055866264623091e-08
-1.247404789852596757e-08
-1.249760794104700112e-08
-1.252139323677657711e-08
-1.254525108592392192e-08
-1.256933618232819898e-08
-1.259349560103596248e-08
-1.261788428794748091e-08
-1.264234908864815916e-08
-1.266704520590779645e-08
-1.269181925151466519e-08
-1.271682668991797362e-08
-1.274191389471303200e-08
-1.276723659681401834e-08
-1.279264092713643968e-08
-1.281828288778527061e-08
-1.284400836237730128e-08
-1.286997362882868889e-08
-1.289602431865479516e-08
-1.292231699004171982e-08
-1.294869701735537095e-08
-1.297532124328399426e-08
-1.300203477968184092e-08
-1.302899475767513383e-08
-1.305604602085961671e-08
-1.308334599237147887e-08
-1.311073924135363938e-08
-1.313838348610734254e-08
-1.316612301464022308e-08
-1.319411584313565849e-08
-1.322220597129799116e-08
-1.325055171550708550e-08
-1.327899677958461335e-08
-1.330769978214276642e-08
-1.333650412331201562e-08
-1.336556872594795953e-08
-1.339473667878670565e-08
-1.342416721134442508e-08
-1.345370309390267359e-08
-1.348350386612187918e-08
-1.351341197420521197e-08
-1.354358727344945069e-08
-1.357387188288970303e-08
-1.360442598222503252e-08
-1.363509136420297352e-08
-1.366602854657203095e-08
-1.369707900242017880e-08
-1.372840360800962480e-08
-1.375984353115213162e-08
-1.379156003631207155e-08
-1.382339400966295083e-08
-1.385550714626048125e-08
-1.388774008656795159e-08
-1.392025499476590893e-08
-1.395289240505179024e-08
-1.398581470367992054e-08
-1.403448572556565575e-08
-1.413112227634538756e-08
-1.419781755630607234e-08
-1.429691803529846778e-08
-1.436617984466361764e-08
-1.446783393470483665e-08
-1.453975253274107623e-08
-1.459966332731887413e-08
-1.462855449713539423e-08
-1.468913885495523750e-08
-1.471873433881514649e-08
-1.478000677789220964e-08
-1.481031992891144406e-08
-1.487229566514859849e-08
-1.490334055593935503e-08
-1.496603553666688785e-08
-1.499782697673722360e-08
-1.506125787475658794e-08
-1.509381140750177588e-08
-1.515799559723541455e-08
-1.519132746271191594e-08
-1.525628296569389374e-08
-1.529041002532448346e-08
-1.535615541238928149e-08
-1.539109502586882874e-08
-1.545764926527682158e-08
-1.549341910695400625e-08
-1.556080134589162705e-08
-1.559741914660935796e-08
-1.566564841141923154e-08
-1.570313161026869687e-08
-1.577222640919187904e-08
-1.581059169809654390e-08
-1.588056950905909196e-08
-1.591983225198476354e-08
-1.599070887717999825e-08
-1.603088238533282247e-08
-1.610267115439302940e-08
-1.614376579935655303e-08
-1.621647660419928244e-08
-1.625849875304478407e-08
-1.633213690053912247e-08
-1.637508766111275301e-08
-1.644965253518094615e-08
-1.649352630672750446e-08
-1.656900984012483164e-08
-1.661379267494766800e-08
-1.669017764356645434e-08
-1.673584544038092144e-08
-1.681310361032351812e-08
-1.685962018011785185e-08
-1.693771036065996458e-08
-1.698502543182099731e-08
-1.706389151613280785e-08
-1.711193877740793556e-08
-1.719150788738884044e-08
-1.724020320449501470e-08
-1.732038409493663285e-08
-1.736962407762172733e-08
-1.745030599679287090e-08
-1.749996713409782643e-08
-1.758101937744096486e-08
-1.763095799894056100e-08
-1.771223042407585013e-08
-1.776228376770896824e-08
-1.784360856769576992e-08
-1.789359724898991266e-08
-1.797479225105187060e-08
-1.802452442639664843e-08
-1.810539820721989729e-08
-1.815467560072980021e-08
-1.823503459357275894e-08
-1.828366070928104209e-08
-1.836331829396214164e-08
-1.841110854712375661e-08
-1.848989664136839656e-08
-1.853669071007324816e-08
-1.861447228762657625e-08
-1.866014866706808271e-08
-1.873683406075467989e-08
-1.878132452383282089e-08
-1.885688664321267451e-08
-1.890019782108703480e-08
-1.897469105983930789e-08
-1.901691593259423691e-08
-1.909050154707156336e-08
-1.913185656448609506e-08
-1.920481082785971913e-08
-1.924564309170372535e-08
-1.931843287220882454e-08
-1.935928220032848546e-08
-1.943251737114289548e-08
-1.947415739522052735e-08
-1.954883984084703604e-08
-1.959233951405090847e-08
-1.966964939160526245e-08
-1.971664683762461163e-08
-1.979869249994602851e-08
-1.985127336698969801e-08
-1.994045059731964357e-08
-2.000243613514360982e-08
-2.010368224424382682e-08
-2.017958135578717801e-08
