3.162649722047368774e+11
2.819657935034568481e+11
2.521594622369785156e+11
2.234347133927159729e+11
1.861656979330693970e+11
1.609841966124815979e+11
1.436357268906735535e+11
1.356158147293961792e+11
1.253286179590321960e+11
1.225817541126567841e+11
1.165403249595797729e+11
1.142769268634901276e+11
1.079892579343813629e+11
1.083655291528258667e+11
1.038730913393413544e+11
1.044949413528422699e+11
9.990663405190576172e+10
1.006826027429083862e+11
9.596475299919818115e+10
9.698762674894531250e+10
9.306944090145027161e+10
9.514128940404821777e+10
9.122318849760519409e+10
9.336033631872244263e+10
8.933941058800009155e+10
9.146455005340762329e+10
8.743945752276605225e+10
8.956126987968635559e+10
8.564947765360424805e+10
8.764962815408912659e+10
8.432468419002015686e+10
8.671817404734761047e+10
8.344195491825231934e+10
8.579330758280043030e+10
8.257380912802134705e+10
8.485496289519282532e+10
8.167204015820503235e+10
8.391853347473750305e+10
8.076158281550604248e+10
8.296517717724862671e+10
7.984064080062907410e+10
8.201957605209535217e+10
7.892903192215399170e+10
8.108724803505880737e+10
7.802675853096517944e+10
8.016115493481791687e+10
7.713850904913685608e+10
7.922892358735362244e+10
7.624223194945214844e+10
7.828665221389659119e+10
7.534595212282435608e+10
7.756624054510974121e+10
7.489187593863427734e+10
7.708111079993809509e+10
7.443895986925799561e+10
7.659328078617364502e+10
7.398169547572514343e+10
7.609343565378482056e+10
7.351713161283862305e+10
7.558874808745979309e+10
7.305383004796415710e+10
7.508291975472885132e+10
7.258949838617492676e+10
7.457441482925283813e+10
7.212842287936294556e+10
7.406960649050318909e+10
7.167282289741424561e+10
7.356898214784826660e+10
7.122290481037699890e+10
7.307810615117575073e+10
7.078294489078317261e+10
7.258865580351597595e+10
7.034494862891871643e+10
7.209994038045652771e+10
6.990999918658981323e+10
7.161471345447125244e+10
6.947943892000868225e+10
7.112780136368865967e+10
6.904913428353317261e+10
7.064672011852763367e+10
6.862035164920076752e+10
7.016276587259481812e+10
6.819681219658058929e+10
6.968549098751742554e+10
6.777377045450173187e+10
6.932655018512205505e+10
6.756046909861138916e+10
6.908659125754135132e+10
6.734633378535702515e+10
6.884635085684370422e+10
6.713114293761631012e+10
6.860547057870045471e+10
6.691462900604567719e+10
6.836376992594590759e+10
6.669672789023217010e+10
6.812096410670825195e+10
6.647694870876884460e+10
6.787619306005182648e+10
6.625435465712016296e+10
6.762850041215840912e+10
6.602830880006659698e+10
6.737766652721487427e+10
6.579926331663517761e+10
6.712481328827651215e+10
6.556893930119149780e+10
6.687185412582762909e+10
6.533890339485062408e+10
6.661941357793215179e+10
6.510853924092890930e+10
6.636577773573657990e+10
6.487563847435099792e+10
6.610901682480236053e+10
6.463924157509717560e+10
6.584942077244751740e+10
6.440083143089945984e+10
6.558911248672021484e+10
6.416259318353729248e+10
6.532966334138491058e+10
6.392530141408901978e+10
6.507100913727788544e+10
6.368831028384437561e+10
6.481201882243144989e+10
6.345005943881600952e+10
6.455085246680600739e+10
6.320871445569662476e+10
6.428636267808035278e+10
6.296432594358500671e+10
6.402027298172863007e+10
6.271998535113497925e+10
6.375636137780939484e+10
6.247886508285560608e+10
6.349609983987726593e+10
6.224006630220393372e+10
6.323651303743984222e+10
6.199964460537342072e+10
6.297422354284189606e+10
6.175611521901979065e+10
6.271019358218495178e+10
6.151256171920738220e+10
6.244856804906293488e+10
6.127290873186091614e+10
6.219192188597775269e+10
6.103784116819282532e+10
6.193911670009460449e+10
6.080508412731354523e+10
6.168754427002273560e+10
6.057248139316982269e+10
6.149876915155601501e+10
6.045605439789673615e+10
6.137285636081126404e+10
6.033962264787120056e+10
6.124701551811928558e+10
6.022334711130812836e+10
6.112141699009250641e+10
6.010742483337458038e+10
6.099624633167692566e+10
5.999204704938156891e+10
6.087165835819194031e+10
5.987735032996131134e+10
6.074772947461015320e+10
5.976337378788183594e+10
6.062442623454064178e+10
5.965004346069355774e+10
6.050161106700977325e+10
5.953720049788734436e+10
6.037909305155302429e+10
5.942466895696748352e+10
6.025670590515206146e+10
5.931233292866962433e+10
6.013437411786933136e+10
5.920018101686272430e+10
6.001212907129309082e+10
5.908829034396217346e+10
5.989006257410214233e+10
5.897675536779968262e+10
5.976824072406823730e+10
5.886559910240471649e+10
5.964662529364202881e+10
5.875471701434555054e+10
5.952504912995172882e+10
5.864388983960797119e+10
5.940326658532990265e+10
5.853286790708600616e+10
5.928106236336183167e+10
5.842149253017230225e+10
5.915837016018524170e+10
5.830979688390878296e+10
5.903534111777513885e+10
5.819803107738329315e+10
5.891231863811624908e+10
5.808658613223417664e+10
5.878971714975144958e+10
5.797583958183721161e+10
5.866785164679883575e+10
5.786598908289648438e+10
5.854679597736047363e+10
5.775695328565974426e+10
5.842633908645288849e+10
5.764838899628235626e+10
5.830606073296694183e+10
5.753981567943746185e+10
5.818548894122434235e+10
5.743078683819326782e+10
5.806426500537086487e+10
5.732103073544259644e+10
5.794224510204443359e+10
5.721050430202809906e+10
5.781950283732237244e+10
5.709934785580993652e+10
5.769624383722339630e+10
5.698777286112123108e+10
5.757268136758480835e+10
5.687594221291261292e+10
5.744893558591812897e+10
5.676390070820938873e+10
5.732500167460651398e+10
5.665158252742287445e+10
5.720079197623509216e+10
5.653887909056111908e+10
5.707621712919036102e+10
5.642572005955850220e+10
5.695125452562107086e+10
5.631211936740364075e+10
5.682596632998789978e+10
5.619816358761776733e+10
5.670046142485813141e+10
5.608395355998065186e+10
5.657482594789473724e+10
5.596953350202656555e+10
5.644906106685098267e+10
5.585484548797177887e+10
5.632306020700801086e+10
5.573973197931237030e+10
5.619663629156149292e+10
5.562398401110663605e+10
5.606958456983255005e+10
5.550741119031813812e+10
5.594175160551136780e+10
5.538990284446890259e+10
5.581308271487432098e+10
5.527145876596153259e+10
5.568363440558692169e+10
5.515218457416585541e+10
5.555355451294257355e+10
5.503226026807335663e+10
5.542304241936312103e+10
5.491189603246710968e+10
5.529230342273158264e+10
5.479128808997622681e+10
5.516150809088223267e+10
5.467058318826337433e+10
5.503076304897980499e+10
5.454985636692785645e+10
5.493277251483665466e+10
5.448948932351698303e+10
5.486745488438510132e+10
5.442910954752955627e+10
5.480213978997360992e+10
5.436870633779845428e+10
5.473681397839574432e+10
5.430826656461837769e+10
5.467146233935680389e+10
5.424777594953146362e+10
5.460606926711804199e+10
5.418722046542731476e+10
5.454062008269541931e+10
5.412658772953235626e+10
5.447510237524320221e+10
5.406586823805638123e+10
5.440950710638980865e+10
5.400505628732244873e+10
5.434382932989495850e+10
5.394415044829428864e+10
5.427806841487507629e+10
5.388315351050836945e+10
5.421222772181491852e+10
5.382207188203907776e+10
5.414631375798551178e+10
5.376091451281410217e+10
5.408033491906534576e+10
5.369969148429225922e+10
5.401429999118737793e+10
5.363841246422821045e+10
5.394821662883180237e+10
5.357708524991522980e+10
5.388209003102601624e+10
5.351571461257250214e+10
5.381592201060462189e+10
5.345430161249350739e+10
5.374971059517863464e+10
5.339284348820704651e+10
5.368345022483192444e+10
5.333133414509033966e+10
5.361713253242277527e+10
5.326976519100272369e+10
5.355074761787548828e+10
5.320812739714460754e+10
5.348428566487238312e+10
5.314641240676938629e+10
5.341773870087428284e+10
5.308461447570694733e+10
5.335110227222317505e+10
5.302273200986129761e+10
5.328437679862653351e+10
5.296076866992581177e+10
5.321756839010791779e+10
5.289873384718811798e+10
5.315068895876651764e+10
5.283664237949972534e+10
5.308375553838141632e+10
5.277451347135124207e+10
5.301678883157737732e+10
5.271236889708721924e+10
5.294981112340021515e+10
5.265023068428687286e+10
5.288284381133184052e+10
5.258811857282569885e+10
5.281590488197976685e+10
5.252604760205545044e+10
5.274900669444197083e+10
5.246402617856440735e+10
5.268215439976387787e+10
5.240205491652778625e+10
5.261534523815167999e+10
5.234012643159823608e+10
5.254856882665222168e+10
5.227822612860652161e+10
5.248180840441423798e+10
5.221633387951738739e+10
5.241504286703958130e+10
5.215442636620214081e+10
5.234824931799141693e+10
5.209247978060462189e+10
5.228140580667850494e+10
5.203047254082073212e+10
5.221449391276255798e+10
5.196838769414942932e+10
5.214750086949391937e+10
5.190621472970385742e+10
5.208042098616356659e+10
5.184395060354388428e+10
5.201325622075708771e+10
5.178159987848869324e+10
5.194601585904138947e+10
5.171917398956727600e+10
5.187871536645426178e+10
5.165668975503344727e+10
5.181137458420097351e+10
5.159416735092417145e+10
5.174401552871871948e+10
5.153162804118847656e+10
5.167666011055587769e+10
5.146909199200724030e+10
5.160932810229431915e+10
5.140657648766422272e+10
5.154203564809119415e+10
5.134409480286582947e+10
5.147479452107249451e+10
5.128165587920339203e+10
5.140761221080918121e+10
5.121926481794623566e+10
5.134049278196858215e+10
5.115692406110682678e+10
5.127343831225148773e+10
5.109463501327611542e+10
5.120645061721844482e+10
5.103239977981955719e+10
5.113953291955880737e+10
5.097022267596460724e+10
5.107269112881711578e+10
5.090811119867025757e+10
5.100593446179620361e+10
5.084607624125635529e+10
5.093927524180007172e+10
5.078413145405419922e+10
5.087272784843245697e+10
5.072229179299643707e+10
5.080630692814092255e+10
5.066057143133679962e+10
5.074002509898397064e+10
5.059898131868284607e+10
5.067389047399511719e+10
5.053752674116230011e+10
5.060790437342192841e+10
5.047620525696747589e+10
5.054205959018818665e+10
5.041500534916313934e+10
5.047633951501370239e+10
5.035390605582951355e+10
5.041071832454873657e+10
5.029287771655828857e+10
5.034516230095243835e+10
5.023188383002701569e+10
5.027963220275245667e+10
5.017088386954677582e+10
5.021408646498237610e+10
5.010983677246805573e+10
5.014848489102735138e+10
5.004870472303594208e+10
5.008279242490115356e+10
4.998745679948381042e+10
5.001698257040010071e+10
4.992607206095044708e+10
4.995104005529806519e+10
4.986454170730657196e+10
4.988496242027129364e+10
4.980287004794918823e+10
4.981876033361264038e+10
4.974107415173227692e+10
4.975245657965265656e+10
4.967918220341754150e+10
4.968608382381333160e+10
4.961723074410372162e+10
4.961968140162563324e+10
4.955526110520155334e+10
4.955329149445753479e+10
4.949331544028261566e+10
4.948695512533677673e+10
4.943143280296806335e+10
4.942070842340148926e+10
4.936964570469408417e+10
4.935457956188678741e+10
4.930797751471700287e+10
4.928858667767666626e+10
4.924644094610110474e+10
4.922273694454245758e+10
4.918503772358934784e+10
4.915702681812713623e+10
4.912375937509996033e+10
4.909144332240195465e+10
4.906258895181550598e+10
4.902596612708329773e+10
4.900150338239200592e+10
4.896057008995223236e+10
4.894047611721397400e+10
4.889522791509138489e+10
4.887947972197750854e+10
4.882991260612648010e+10
4.881848813017557526e+10
4.876459946274522400e+10
4.875747834825868225e+10
4.869926746377046967e+10
4.869643150870170593e+10
4.863389998376634979e+10
4.863533326814920807e+10
4.856848488683530426e+10
4.857417363613803101e+10
4.850301411884194183e+10
4.851294638476631165e+10
4.843748297022268677e+10
4.845164822577565765e+10
4.837188920259828949e+10
4.839027794754138184e+10
4.830623222398454285e+10
4.832883568230719757e+10
4.824051246274162292e+10
4.826732242816824341e+10
4.817473103521415710e+10
4.820573988766712189e+10
4.810888973432232666e+10
4.814409061458724213e+10
4.804299129635260773e+10
4.808237839360453796e+10
4.797703984238079071e+10
4.802060872553050995e+10
4.791104135037329102e+10
4.795878926417804718e+10
4.784500400265164948e+10
4.789693005574451447e+10
4.777893827458453369e+10
4.783504346830091858e+10
4.771285668087511444e+10
4.777314376080506134e+10
4.764677316569932556e+10
4.771124631530221558e+10
4.758070219743482971e+10
4.764936662669113922e+10
4.751465769170136261e+10
4.758751919638835144e+10
4.744865192454172516e+10
4.752571649876614380e+10
4.738269460353922272e+10
4.746396817887332153e+10
4.731679223885484314e+10
4.740228060070769501e+10
4.725094790586196899e+10
4.734065680704278564e+10
4.718516142783344269e+10
4.727909688695223999e+10
4.711942994343508148e+10
4.721759868736322784e+10
4.705374876981581116e+10
4.715615875859115601e+10
4.698811243422261810e+10
4.709477339518038177e+10
4.692251572778182983e+10
4.703343962347365570e+10
4.685695463421583557e+10
4.697215599522856903e+10
4.679142700250258636e+10
4.691092307084975433e+10
4.672593286430028534e+10
4.684974351475651550e+10
4.666047434245633698e+10
4.678862177663282776e+10
4.659505515281327820e+10
4.672756339140444946e+10
4.652967976208665466e+10
4.666657399061620331e+10
4.646435232136815643e+10
4.660565816895104218e+10
4.639907553770063019e+10
4.654481838183612823e+10
4.633384966578005219e+10
4.648405405545146179e+10
4.626867179229154205e+10
4.642336106578399658e+10
4.620353554651786041e+10
4.636273169170636749e+10
4.613843130883973694e+10
4.630215507735819244e+10
4.607334691475899506e+10
4.624161816405120850e+10
4.600826877944651794e+10
4.618110698463482666e+10
4.594318330867736053e+10
4.612060816419091034e+10
4.587807842459542847e+10
4.606011044579462433e+10
4.581294502217821503e+10
4.599960605955515289e+10
4.574777818306102753e+10
4.593909177400975800e+10
4.568257800305139160e+10
4.587856950595512390e+10
4.561734993266721344e+10
4.581804641243446350e+10
4.555210458109181213e+10
4.575753444193355560e+10
4.548685698846302032e+10
4.569704937651822662e+10
4.542162542515095520e+10
4.563660944837212372e+10
4.535642982516886139e+10
4.557623365831289673e+10
4.529128999932937622e+10
4.551593995562124634e+10
4.522622379769190216e+10
4.545574345393218231e+10
4.516124539710762024e+10
4.539565485496927643e+10
4.509636387752161407e+10
4.533567923123268890e+10
4.503158222221508026e+10
4.527581528369830322e+10
4.496689683668572235e+10
4.521605514614483643e+10
4.490229763366767883e+10
4.515638475912009430e+10
4.483776868272283173e+10
4.509678478800965881e+10
4.477328937538874817e+10
4.503723201396562195e+10
4.470883601325437164e+10
4.497770108542806244e+10
4.464438368828076935e+10
4.491816648352582550e+10
4.457990829450215912e+10
4.485860452962823486e+10
4.451538849133071136e+10
4.479899525157289124e+10
4.445080743509437561e+10
4.473932393052101135e+10
4.438615411050382996e+10
4.467958217535610962e+10
4.432142412847202301e+10
4.461976841538722229e+10
4.425661990864039612e+10
4.455988776058563232e+10
4.419175022818627167e+10
4.449995124443647003e+10
4.412682918487467957e+10
4.443997452920708466e+10
4.406187468346843719e+10
4.437997620920278931e+10
4.399690660364808655e+10
4.431997588870996857e+10
4.393194484012715912e+10
4.425999223468540192e+10
4.386700741963248444e+10
4.420004120864809418e+10
4.380210889425878906e+10
4.414013466743174744e+10
4.373725918636799622e+10
4.408027948857530975e+10
4.367246301698690796e+10
4.402047732384189606e+10
4.360771998892792511e+10
4.396072501605354309e+10
4.354302532132794189e+10
4.390101563542668915e+10
4.347837115108669281e+10
4.384134001080592346e+10
4.341374823929069519e+10
4.378168856033320618e+10
4.334914785951156616e+10
4.372205317751832581e+10
4.328456361144122314e+10
4.366242891239266968e+10
4.321999290538690948e+10
4.360281520829345703e+10
4.315543790231385803e+10
4.354321651103193665e+10
4.309090576522401428e+10
4.348364215052111053e+10
4.302640816990994263e+10
4.342410549264140320e+10
4.296196012255412292e+10
4.336462245675843811e+10
4.289757822403961182e+10
4.330520957849047089e+10
4.283327859413332367e+10
4.324588185766062927e+10
4.276907471439219666e+10
4.318665066132033539e+10
4.270497546213382721e+10
4.312752194857894135e+10
4.264098358816145325e+10
4.306849504842023468e+10
4.257709484040009308e+10
4.300956215751583099e+10
4.251329785946579742e+10
4.295070863899811554e+10
4.244957487864352417e+10
4.289191410482699585e+10
4.238590316065982819e+10
4.283315416570855713e+10
4.232225700971570587e+10
4.277440264659016418e+10
4.225861012246510315e+10
4.271563400488235474e+10
4.219493799707936859e+10
4.265682566205137634e+10
4.213122011224523926e+10
4.259795997141000366e+10
4.206744161925959778e+10
4.253902559410293579e+10
4.200359435558879852e+10
4.248001813391083527e+10
4.193967707739923859e+10
4.242093997770364380e+10
4.187569490839279175e+10
4.236179938816963959e+10
4.181165809869062042e+10
4.230260898520234680e+10
4.174758026786285400e+10
4.224338382082553864e+10
4.168347636102339935e+10
4.218413929227018738e+10
4.161936057078844452e+10
4.212488914550921631e+10
4.155524446963631439e+10
4.206564379799443817e+10
4.149113555946392059e+10
4.200640915891236115e+10
4.142703638384834290e+10
4.194718605528350830e+10
4.136294427216721344e+10
4.188797029211902618e+10
4.129885170348809814e+10
4.182875329525465393e+10
4.123474720278425598e+10
4.176952321698514557e+10
4.117061662257884979e+10
4.171026633625185394e+10
4.110644462722383881e+10
4.165096856283143616e+10
4.104221618859739685e+10
4.159161686038808441e+10
4.097791792034103394e+10
4.153220043332201385e+10
4.091353911759405518e+10
4.147271156989333344e+10
4.084907242183018494e+10
4.141314608943073273e+10
4.078451408575320435e+10
4.135350339461495972e+10
4.071986386205901337e+10
4.129378617288238525e+10
4.065512457589807129e+10
4.123399981950662994e+10
4.059030146166641235e+10
4.117415166844602203e+10
4.052540135166664124e+10
4.111425011840919495e+10
4.046043180107864380e+10
4.105430373525084686e+10
4.039540022518629456e+10
4.099432040212610626e+10
4.033031311465512848e+10
4.093430657866858673e+10
4.026517538472881317e+10
4.087426672070786285e+10
4.019998990450907135e+10
4.081420290199056244e+10
4.013475724181615448e+10
4.075411466763700867e+10
4.006947564618884277e+10
4.069399913463796234e+10
4.000414127680467987e+10
4.063385133754403687e+10
3.993874866401119232e+10
4.057366479865889740e+10
3.987329137417932892e+10
4.051343228318513489e+10
3.980776282947340393e+10
4.045314668258589172e+10
3.974215721840563965e+10
4.039280195521910095e+10
3.967647042077079773e+10
4.033239404294362640e+10
3.961070086247731018e+10
4.027192167659964752e+10
3.954485021270112610e+10
4.021138698302326965e+10
3.947892383892519379e+10
4.015079581304255676e+10
3.941293094644913483e+10
4.009015772547311401e+10
3.934688434953274536e+10
4.002948558784754181e+10
3.928079985229082489e+10
3.996879479053361511e+10
3.921469525785794067e+10
3.990810211492340851e+10
3.914858907083125305e+10
3.984742434388139343e+10
3.908249900474839020e+10
3.978677674676729584e+10
3.901644044574420166e+10
3.972617160404660034e+10
3.895042504748434448e+10
3.966561695012462616e+10
3.888445963423638153e+10
3.960511570215678406e+10
3.881854556480154419e+10
3.954466530552029419e+10
3.875267866059459686e+10
3.948425796639602661e+10
3.868684973183615112e+10
3.942388146613934326e+10
3.862104565622243500e+10
3.936352047201769257e+10
3.855525088685514832e+10
3.930315818726540375e+10
3.848944920336246490e+10
3.924277813223751068e+10
3.842362548269256592e+10
3.918236582655783081e+10
3.835776726055975342e+10
3.912191015351593781e+10
3.829186588218732452e+10
3.906140423100955963e+10
3.822591709763101959e+10
3.900084568150447845e+10
3.815992103402525330e+10
3.894023627667121124e+10
3.809388156339414978e+10
3.887958101881460571e+10
3.802780516836393738e+10
3.881888679940377045e+10
3.796169947832969666e+10
3.875816083499653625e+10
3.789557169655120087e+10
3.869740911507051849e+10
3.782942715805970764e+10
3.863663509992698669e+10
3.776326824583910370e+10
3.857583887816674805e+10
3.769709384839329529e+10
3.851501693394045258e+10
3.763089946915155792e+10
3.845416258991066742e+10
3.756467800495046997e+10
3.839326709250173950e+10
3.749842110894411469e+10
3.833232120518581390e+10
3.743212095770388031e+10
3.827131708903999329e+10
3.736577216887513733e+10
3.821025019285432434e+10
3.729937357833421326e+10
3.814912085916685486e+10
3.723292959277536774e+10
3.808793538254724121e+10
3.716645088583460236e+10
3.802670632885134125e+10
3.709995429572309113e+10
3.796545202776168823e+10
3.703346189546702576e+10
3.790419526890292358e+10
3.696699932494607544e+10
3.784296134536812592e+10
3.690059357859933472e+10
3.778177568050954437e+10
3.683427051884281158e+10
3.772066133181609344e+10
3.676805242331500244e+10
3.765963668309088898e+10
3.670195587056132507e+10
3.759871361237335968e+10
3.663599022574846649e+10
3.753789636251869202e+10
3.657015691188756561e+10
3.747718125220906830e+10
3.650444955247927856e+10
3.741655725831893158e+10
3.643885496045695496e+10
3.735600738890241241e+10
3.637335483943969727e+10
3.729551066372120667e+10
3.630792797087606812e+10
3.723504444020285034e+10
3.624255259794487000e+10
3.717458677898138428e+10
3.617720869413595581e+10
3.711411854228231049e+10
3.611187982581735229e+10
3.705362496151118469e+10
3.604655438128087616e+10
3.699309649128457642e+10
3.598122603407186890e+10
3.693252887305573273e+10
3.591589342063583374e+10
3.687192244553950500e+10
3.585055912374069977e+10
3.681128084368778992e+10
3.578522814704964447e+10
3.675060930799140167e+10
3.571990612990431976e+10
3.668991287140666199e+10
3.565459757782926941e+10
3.662919469823786926e+10
3.558930437238833618e+10
3.656845481941883850e+10
3.552402477773199463e+10
3.650768944773413849e+10
3.545875308799245453e+10
3.644689097343039703e+10
3.539347996947081757e+10
3.638604864605482483e+10
3.532819345558472443e+10
3.632514985392149353e+10
3.526288046275061798e+10
3.626418183031143188e+10
3.519752862345113373e+10
3.620313355642658997e+10
3.513212818872071075e+10
3.614199760379752350e+10
3.506667374278407288e+10
3.608077166753199768e+10
3.500116549912908173e+10
3.601945958508711243e+10
3.493561000551113129e+10
3.595807170592514038e+10
3.487002016551071930e+10
3.589662456368309021e+10
3.480441457312664795e+10
3.583513989051053619e+10
3.473881624074139404e+10
3.577364309010683441e+10
3.467325086822802734e+10
3.571216134227837372e+10
3.460774484484372711e+10
3.565072154283869934e+10
3.454232319355815887e+10
3.558934828824028015e+10
3.447700766127842712e+10
3.552806209755898285e+10
3.441181513216046906e+10
3.546687803005252838e+10
3.434675649981377029e+10
3.540580480951052856e+10
3.428183608269587326e+10
3.534484451191674805e+10
3.421705161023416138e+10
3.528399281549486542e+10
3.415239475032976913e+10
3.522323975737914276e+10
3.408785209748646545e+10
3.516257089463862610e+10
3.402340650048482895e+10
3.510196873447087097e+10
3.395903858390987778e+10
3.504141428267366028e+10
3.389472831122240067e+10
3.498088856174193573e+10
3.383045644753761292e+10
3.492037396760682678e+10
3.376620580387273788e+10
3.485985536202572632e+10
3.370196217554445267e+10
3.479932082995821381e+10
3.363771491995304489e+10
3.473876206298930359e+10
3.357345714937988281e+10
3.467817435856594086e+10
3.350918554165137863e+10
3.461755625079657745e+10
3.344489979691403198e+10
3.455690881377946472e+10
3.338060179440292740e+10
3.449623470458917999e+10
3.331629452985095978e+10
3.443553703982981110e+10
3.325198094030633545e+10
3.437481822381520844e+10
3.318766274402745438e+10
3.431407886236548615e+10
3.312333943263578415e+10
3.425331689773754883e+10
3.305900754525162125e+10
3.419252708293369293e+10
3.299466032717811966e+10
3.413170087686381531e+10
3.293028783039241409e+10
3.407082678941187286e+10
3.286587745561722565e+10
3.400989114514907455e+10
3.280141487519272232e+10
3.394887917616168594e+10
3.273688522249623108e+10
3.388777630800997543e+10
3.267227439614412308e+10
3.382656947573706055e+10
3.260757031151547241e+10
3.376524830306664276e+10
3.254276394022035980e+10
3.370380599743867493e+10
3.247785000810503769e+10
3.364223985277398300e+10
3.241282726926111221e+10
3.358055130469933319e+10
3.234769833028911972e+10
3.351874554183646393e+10
3.228246905791052628e+10
3.345683073378460312e+10
3.221714765625282288e+10
3.339481698436210251e+10
3.215174354113632584e+10
3.333271515169261169e+10
3.208626616258848190e+10
3.327053569102630997e+10
3.202072393097561264e+10
3.320828767036342621e+10
3.195512338640591812e+10
3.314597808407029724e+10
3.188946871768846893e+10
3.308361154910269928e+10
3.182376169045345306e+10
3.302119041731267166e+10
3.175800198982550430e+10
3.295871528184474945e+10
3.169218792781843567e+10
3.289618580245637894e+10
3.162631741593988800e+10
3.283360173004970169e+10
3.156038906533469391e+10
3.277096398026633453e+10
3.149440325504090881e+10
3.270827559385355759e+10
3.142836300695526886e+10
3.264554243010484314e+10
3.136227452532075119e+10
3.258277346930286026e+10
3.129614729804171753e+10
3.251998064853305054e+10
3.122999371332354355e+10
3.245717821753488541e+10
3.116382821173020554e+10
3.239438166987538147e+10
3.109766606211485291e+10
3.233160637015405655e+10
3.103152190992791367e+10
3.226886604990800095e+10
3.096540828809186935e+10
3.220617137400949478e+10
3.089933429573665619e+10
3.214352877904633713e+10
3.083330463406561279e+10
3.208093975329399872e+10
3.076731914195752716e+10
3.201840066769822693e+10
3.070137290264683151e+10
3.195590318744572449e+10
3.063545690791721725e+10
3.189343520702612305e+10
3.056955918180051804e+10
3.183098217291646957e+10
3.050366619643182373e+10
3.176852860096979523e+10
3.043776437075484085e+10
3.170605957037577057e+10
3.037184143561860657e+10
3.164356198702410126e+10
3.030588747748285675e+10
3.158102545392136002e+10
3.023989553192472076e+10
3.151844265655751038e+10
3.017386167653600311e+10
3.145580925404155731e+10
3.010778465665214157e+10
3.139312334795294189e+10
3.004166515237278748e+10
3.133038466674094009e+10
2.997550484951893616e+10
3.126759364408229446e+10
2.990930550273212814e+10
3.120475057958344650e+10
2.984306817317301559e+10
3.114185504948584747e+10
2.977679278854587936e+10
3.107890568810409927e+10
2.971047811584563065e+10
3.101590039551899338e+10
2.964412216639318466e+10
3.095283695345573044e+10
2.957772297874647903e+10
3.088971395979393768e+10
2.951127965829118729e+10
3.082653193270093918e+10
2.944479350201158142e+10
3.076329439639352417e+10
2.937826901051767349e+10
3.070000874816064835e+10
2.931171459156438828e+10
3.063668672360244370e+10
2.924514279134648132e+10
3.057334432341878510e+10
2.917856994908409119e+10
3.051000113568571091e+10
2.911201524991652679e+10
3.044667907349348831e+10
2.904549924022504044e+10
3.038340063695695114e+10
2.897904195504766083e+10
3.032018688724926758e+10
2.891266087557315445e+10
3.025705537544849014e+10
2.884636897406368256e+10
3.019401829070283890e+10
2.878017310636211014e+10
3.013108107565102005e+10
2.871407297652045822e+10
3.006824170341527939e+10
2.864806082836328888e+10
3.000549072705940247e+10
2.858212192481164932e+10
2.994281211118859100e+10
2.851623577124471283e+10
2.988018475119750214e+10
2.845037793942826080e+10
2.981758449385635376e+10
2.838452226827754974e+10
2.975498640698720551e+10
2.831864316881688690e+10
2.969236701572650146e+10
2.825271775051809692e+10
2.962970623294708633e+10
2.818672751647079086e+10
2.956698876051941681e+10
2.812065944120227051e+10
2.950420481892512131e+10
2.805450633739070129e+10
2.944135016287195206e+10
2.798826652183333969e+10
2.937842544427476501e+10
2.792194289043144608e+10
2.931543507488648605e+10
2.785554159103596115e+10
2.925238580491374588e+10
2.778907052989136887e+10
2.918928526202405167e+10
2.772253795616564560e+10
2.912614068467205811e+10
2.765595134050472260e+10
2.906295803873560715e+10
2.758931670468168259e+10
2.899974163642286682e+10
2.752263848136577988e+10
2.893649429353940964e+10
2.745591989851455688e+10
2.887321797804265594e+10
2.738916380378490829e+10
2.880991483017887878e+10
2.732237378015545273e+10
2.874658838044445419e+10
2.725555536126293945e+10
2.868324476135528183e+10
2.718871713769556046e+10
2.861989370527748871e+10
2.712187155529867172e+10
2.855654914393167877e+10
2.705503524287297058e+10
2.849322927383845901e+10
2.698822876629879761e+10
2.842995602119615936e+10
2.692147578273126221e+10
2.836675392139971161e+10
2.685480165235762787e+10
2.830364851146607208e+10
2.678823164407602692e+10
2.824066440524507141e+10
2.672178893262268066e+10
2.817782326951238251e+10
2.665549261767347717e+10
2.811514193554360580e+10
2.658935599468460083e+10
2.805263086309008026e+10
2.652338527355337906e+10
2.799029312591142654e+10
2.645757888165822220e+10
2.792812401975376129e+10
2.639192741389920807e+10
2.786611131738334656e+10
2.632641421676118851e+10
2.780423612323486328e+10
2.626101652719460678e+10
2.774247422170772171e+10
2.619570703747628403e+10
2.768079777313748169e+10
2.613045572698018646e+10
2.761917719082474518e+10
2.606523179018733597e+10
2.755758302926396942e+10
2.600000549459254074e+10
2.749598772485163498e+10
2.593474981941703415e+10
2.743436705311804962e+10
2.586944175382686234e+10
2.737270119889424133e+10
2.580406316990558243e+10
2.731097537606376648e+10
2.573860122902486801e+10
2.724917997933740997e+10
2.567304832756492996e+10
2.718731029815066528e+10
2.560740163470722580e+10
2.712536586716391754e+10
2.554166231556707382e+10
2.706334956299136353e+10
2.547583456136978531e+10
2.700126657724513626e+10
2.540992456004747391e+10
2.693912339825113678e+10
2.534393953348114014e+10
2.687692691744054031e+10
2.527788694291731644e+10
2.681468374442945099e+10
2.521177392640331268e+10
2.675239977305762100e+10
2.514560698831434250e+10
2.669007999670090103e+10
2.507939191893872452e+10
2.662772853254358292e+10
2.501313388857302856e+10
2.656534878716561127e+10
2.494683764038574982e+10
2.650294368305623627e+10
2.488050770119438934e+10
2.644051586774281693e+10
2.481414853805448914e+10
2.637806784164845657e+10
2.474776460769886017e+10
2.631560196335094070e+10
2.468136027073002243e+10
2.625312031681390762e+10
2.461493956840754318e+10
2.619062445010413361e+10
2.454850588310267639e+10
2.612811501594489288e+10
2.448206152153353882e+10
2.606559135935506058e+10
2.441560727151546097e+10
2.600305110587908554e+10
2.434914198786752319e+10
2.594048980555000305e+10
2.428266226159847260e+10
2.587790068326019287e+10
2.421616221925646973e+10
2.581527453654034424e+10
2.414963348748709106e+10
2.575259980822454834e+10
2.408306534301068878e+10
2.568986284595359421e+10
2.401644505243302536e+10
2.562704834506467056e+10
2.394975839164865875e+10
2.556413995806449127e+10
2.388299032268384552e+10
2.550112104370117569e+10
2.381612579716445160e+10
2.543797552146837234e+10
2.374915064935377884e+10
2.537468879177301407e+10
2.368205253603453445e+10
2.531124867592770767e+10
2.361482187345881653e+10
2.524764632203992081e+10
2.354745271230794907e+10
2.518387701286463165e+10
2.347994348134376907e+10
2.511994080222242355e+10
2.341229752277712631e+10
2.505584290218219376e+10
2.334452334248828888e+10
2.499159374921720123e+10
2.327663451113179779e+10
2.492720869813236618e+10
2.320864918065283966e+10
2.486270732873020554e+10
2.314058922369546890e+10
2.479811239848026657e+10
2.307247905504248810e+10
2.473344852703870773e+10
2.300434424504417419e+10
2.466874074461164856e+10
2.293621007373995972e+10
2.460401306489225006e+10
2.286810019109661484e+10
2.453928724639659500e+10
2.280003553758518219e+10
2.447458188040877533e+10
2.273203364024551010e+10
2.440991189267154694e+10
2.266410833875533676e+10
2.434528847848083115e+10
2.259626992511637878e+10
2.428071941982326126e+10
2.252852561308008957e+10
2.421620967236860275e+10
2.246088020234669876e+10
2.415176207101560593e+10
2.239333677733293533e+10
2.408737799219971085e+10
2.232589728495858383e+10
2.402305783035261917e+10
2.225856286855474091e+10
2.395880119013187790e+10
2.219133388862902451e+10
2.389460675635393143e+10
2.212420962546661377e+10
2.383047186877206802e+10
2.205718772195072556e+10
2.376639188777260590e+10
2.199026347714867783e+10
2.370235948048082733e+10
2.192342913435905838e+10
2.363836397858188248e+10
2.185667331716271973e+10
2.357439095689242172e+10
2.178998075283791733e+10
2.351042215629829788e+10
2.172333238674290085e+10
2.344643582988285446e+10
2.165670593886398315e+10
2.338240753282390213e+10
2.159007689142034531e+10
2.331831131234301376e+10
2.152341983212977600e+10
2.325412119193937683e+10
2.145671001998770523e+10
2.318981279289307022e+10
2.138992499760755539e+10
2.312536490361304092e+10
2.132304605370511627e+10
2.306076080028234482e+10
2.125605934638977432e+10
2.299598914407054901e+10
2.118895653434929276e+10
2.293104433061685944e+10
2.112173482614587402e+10
2.286592624148117828e+10
2.105439644019725037e+10
2.280063943501738739e+10
2.098694755773353577e+10
2.273519190209288788e+10
2.091939693336035156e+10
2.266959358493815231e+10
2.085175438759291458e+10
2.260385490076271820e+10
2.078402943004884338e+10
2.253798551514420319e+10
2.071623024340295792e+10
2.247199356961680222e+10
2.064836319670038986e+10
2.240588548754903793e+10
2.058043296062957001e+10
2.233966637480641937e+10
2.051244318303917313e+10
2.227334091605531311e+10
2.044439757177122498e+10
2.220691456653289032e+10
2.037630114652011871e+10
2.214039477429538727e+10
2.030816138115610504e+10
2.207379195506804657e+10
2.023998897388049698e+10
2.200711998650873947e+10
2.017179805433432007e+10
2.194039608430931091e+10
2.010360575153003311e+10
2.187364005057739639e+10
2.003543118089153671e+10
2.180687301844293594e+10
1.996729403374764633e+10
2.174011592638866806e+10
1.989921304027413177e+10
2.167338801647609711e+10
1.983120460690866089e+10
2.160670564828236389e+10
1.976328189455279541e+10
2.154008165538254929e+10
1.969545451237115479e+10
2.147352535860780716e+10
1.962772887478757095e+10
2.140704321586880875e+10
1.956010913517361069e+10
2.134063996201633072e+10
1.949259849790068054e+10
2.127432000058054352e+10
1.942520064326021576e+10
2.120808876921791458e+10
1.935792098789274216e+10
2.114195381629861069e+10
1.929076754428203964e+10
2.107592538880960846e+10
1.922375122307597351e+10
2.101001642434812927e+10
1.915688552181570435e+10
2.094424194181295395e+10
1.909018564287827301e+10
2.087861791786963654e+10
1.902366716603593445e+10
2.081315980654433823e+10
1.895734445767938614e+10
2.074788090156122589e+10
1.889122902683495712e+10
2.068279075538906860e+10
1.882532803980270767e+10
2.061789385895837784e+10
1.875964318480678558e+10
2.055318875602411270e+10
1.869417003953705597e+10
2.048866771967489624e+10
1.862889804075619888e+10
2.042431705795235443e+10
1.856381108849315262e+10
2.036011804341580200e+10
1.849888874091728973e+10
2.029604838210561752e+10
1.843410787565262222e+10
2.023208405838009644e+10
1.836944461858386612e+10
2.016820132481488419e+10
1.830487628482189560e+10
2.010437856431482315e+10
1.824038305210133362e+10
2.004059774768697739e+10
1.817594910562408829e+10
1.997684525257345200e+10
1.811156305998685837e+10
1.991311189914418793e+10
1.804721757363378906e+10
1.984939218430407715e+10
1.798290820901926804e+10
1.978568283932447815e+10
1.791863173326636505e+10
1.972198096876003647e+10
1.785438417106292725e+10
1.965828212288571167e+10
1.779015898732316208e+10
1.959457868871384430e+10
1.772594577394252014e+10
1.953085894458953476e+10
1.766172973887835693e+10
1.946710701443763351e+10
1.759749215877785492e+10
1.940330379935723877e+10
1.753321178426240158e+10
1.933942878718418121e+10
1.746886701367530823e+10
1.927546247991877747e+10
1.740443851071400833e+10
1.921138906570288849e+10
1.733991186033452606e+10
1.914719891660858536e+10
1.727527984878134918e+10
1.908289052138198853e+10
1.721054401544927597e+10
1.901847155424385071e+10
1.714571524111659241e+10
1.895395891653116608e+10
1.708081328505260849e+10
1.888937774156555557e+10
1.701586533633617210e+10
1.882475949929468536e+10
1.695090377909229088e+10
1.876013945551700211e+10
1.688596347023666573e+10
1.869555381753642654e+10
1.682107888207317543e+10
1.863103692777116394e+10
1.675628146777914619e+10
1.856661884903328705e+10
1.669159756773611450e+10
1.850232362431053162e+10
1.662704709509242439e+10
1.843816839790102768e+10
1.656264312948084068e+10
1.837416346487285614e+10
1.649839242122987175e+10
1.831031318633086777e+10
1.643429668035368538e+10
1.824661758562997055e+10
1.637035441254480553e+10
1.818307434310953140e+10
1.630656298545212364e+10
1.811968084999537277e+10
1.624292057648328781e+10
1.805643597672647095e+10
1.617942767552304268e+10
1.799334126022233582e+10
1.611608789083264923e+10
1.793040131229638290e+10
1.605290792312347031e+10
1.786762338237258530e+10
1.598989671251530266e+10
1.780501615015678024e+10
1.592706390223444748e+10
1.774258795365402222e+10
1.586441787760863495e+10
1.768034475262874222e+10
1.580196370957462311e+10
1.761828817128012466e+10
1.573970134687401199e+10
1.755641394975677109e+10
1.567762435872559166e+10
1.749471106566466141e+10
1.561571943843565750e+10
1.743316167677904892e+10
1.555396675477440834e+10
1.737174190433720398e+10
1.549234110359894943e+10
1.731042334516516113e+10
1.543081368973410034e+10
1.724917509207466888e+10
1.536935427823494339e+10
1.718796597247463989e+10
1.530793340852309418e+10
1.712676669481024170e+10
1.524652437020252419e+10
1.706555162267749023e+10
1.518510469276782036e+10
1.700429997034847450e+10
1.512365699229100418e+10
1.694299631712065887e+10
1.506216913001415634e+10
1.688163045293677521e+10
1.500063375096985054e+10
1.682019667412660980e+10
1.493904736578776741e+10
1.675869272770802689e+10
1.487740919966045380e+10
1.669711864225121498e+10
1.481572004932985878e+10
1.663547567716323090e+10
1.475398136056682968e+10
1.657376557350773811e+10
1.469219467243817902e+10
1.651199020967339897e+10
1.463036148570347023e+10
1.645015167205077171e+10
1.456848352038298607e+10
1.638825266441809464e+10
1.450656325138876534e+10
1.632629711776437950e+10
1.444460456612044716e+10
1.626429083611125183e+10
1.438261338105828094e+10
1.620224202576140213e+10
1.432059808308036423e+10
1.614016159824250412e+10
1.425856971452974701e+10
1.607806319703916168e+10
1.419654188301578331e+10
1.601596295830426788e+10
1.413453043129386330e+10
1.595387906144037437e+10
1.407255293722409821e+10
1.589183114793820763e+10
1.401062812369990730e+10
1.582983968495620918e+10
1.394877524607115746e+10
1.576792532957548714e+10
1.388701349827153397e+10
1.570610832049578857e+10
1.382536144946154594e+10
1.564440789695489502e+10
1.376383650045418549e+10
1.558284172826814270e+10
1.370245433992107773e+10
1.552142533574642563e+10
1.364122838620066261e+10
1.546017150144697380e+10
1.358016921903660965e+10
1.539908968116625595e+10
1.351928403141239357e+10
1.533818546603249741e+10
1.345857615798164749e+10
1.527746016091320229e+10
1.339804475634394836e+10
1.521691056173951530e+10
1.333768472410180092e+10
1.515652901190281296e+10
1.327748692323064804e+10
1.509630379617376709e+10
1.321743875129670525e+10
1.503621988841433144e+10
1.315752504788837433e+10
1.497626001057962799e+10
1.309772926085237312e+10
1.491640589448920822e+10
1.303803473256021690e+10
1.485663957890958977e+10
1.297842591747793388e+10
1.479694453946790886e+10
1.291888932535014153e+10
1.473730645287873268e+10
1.285941401156603432e+10
1.467771344804612350e+10
1.279999151067385483e+10
1.461815579168137932e+10
1.274061522092615700e+10
1.455862507904507446e+10
1.268127937509552956e+10
1.449911312428463364e+10
1.262197784518614578e+10
1.443961083766460037e+10
1.256270309479874039e+10
1.438010741043102455e+10
1.250344558957230186e+10
1.432059008599548721e+10
1.244419389587120247e+10
1.426104468079309464e+10
1.238493555295353699e+10
1.420145685145773315e+10
1.232565862473213196e+10
1.414181392421002960e+10
1.226635366583845901e+10
1.408210695137700272e+10
1.220701571584306908e+10
1.402233257768309212e+10
1.214764589751482582e+10
1.396249430883832741e+10
1.208825225281056213e+10
1.390260287829808235e+10
1.202884959334315872e+10
1.384267558307226753e+10
1.196945833864468956e+10
1.378273466645375824e+10
1.191010252055487633e+10
1.372280501691478539e+10
1.185080729844041252e+10
1.366291158459068680e+10
1.179159642029934883e+10
1.360307696082282257e+10
1.173249006040395164e+10
1.354331951462987137e+10
1.167350336891466904e+10
1.348365234765145111e+10
1.161464590765793419e+10
1.342408314899374962e+10
1.155592195787969208e+10
1.336461484582614899e+10
1.149733151341594696e+10
1.330524679592586136e+10
1.143887165359644890e+10
1.324597618563644028e+10
1.138053794743656731e+10
1.318679929503624344e+10
1.132232557887084579e+10
1.312771236654426956e+10
1.126422998796154022e+10
1.306871194177318573e+10
1.120624696669816780e+10
1.300979468093962097e+10
1.114837229419418526e+10
1.295095681293303108e+10
1.109060110965443230e+10
1.289219345063011932e+10
1.103292727618812180e+10
1.283349802587660789e+10
1.097534297307482719e+10
1.277486204918818283e+10
1.091783867484642410e+10
1.271627529566450691e+10
1.086040355528958321e+10
1.265772639000792503e+10
1.080302622690429688e+10
1.259920364598714828e+10
1.074569562754933357e+10
1.254069594275918198e+10
1.068840182462261772e+10
1.248219341374916077e+10
1.063113653595127487e+10
1.242368778611989594e+10
1.057389325801019859e+10
1.236517232252161026e+10
1.051666701936614037e+10
1.230664144774226570e+10
1.045945390145754051e+10
1.224809025022706795e+10
1.040225055029455566e+10
1.218951409684586906e+10
1.034505391326958275e+10
1.213090857027313995e+10
1.028786136788062859e+10
1.207226983699243546e+10
1.023067128098912621e+10
1.201359540847833443e+10
1.017348388553699493e+10
1.195488511209690475e+10
1.011630223294046402e+10
1.189614198752824402e+10
1.005913291518494034e+10
1.183737280291584969e+10
1.000198627438170624e+10
1.177858795346355820e+10
9.944875926732059479e+09
1.171980064791399574e+10
9.887817594216354370e+09
1.166102546671530342e+10
9.830827414951440811e+09
1.160227653984298325e+10
9.773920041999097824e+09
1.154356569576775551e+10
9.717106901157783508e+09
1.148490094670038986e+10
9.660394943884201050e+09
1.142628559536931801e+10
9.603786111935825348e+09
1.136771809791370201e+10
9.547277559273281097e+09
1.130919263803720093e+10
9.490862501409301758e+09
1.125070020820595551e+10
9.434531429637044907e+09
1.119222989596354294e+10
9.378273370724975586e+09
1.113377006016056824e+10
9.322076902553098679e+09
1.107530915140542603e+10
9.265930739047185898e+09
1.101683605879253387e+10
9.209823840361663818e+09
1.095834001159941673e+10
9.153745144161842346e+09
1.089981018790305519e+10
9.097683112071905136e+09
1.084123524903297424e+10
9.041625317315763474e+09
1.078260301484752464e+10
8.985558261481105804e+09
1.072390042698342323e+10
8.929467517156806946e+09
1.066511384090732574e+10
8.873338180637458801e+09
1.060622957816974258e+10
8.817155521173179626e+09
1.054723459193666458e+10
8.760905659918464661e+09
1.048811707427790833e+10
8.704576116826959610e+09
1.042886686727227592e+10
8.648156121919614792e+09
1.036947561721005058e+10
8.591636676198949814e+09
1.030993670367463875e+10
8.535010435137557983e+09
1.025024505042185593e+10
8.478271543476279259e+09
1.019039695668377113e+10
8.421415554799059868e+09
1.013039006506308937e+10
8.364439521699745178e+09
1.007022351382331085e+10
8.307342259498313904e+09
1.000989823173904419e+10
8.250124698348054886e+09
9.949417255423974991e+09
8.192790177734667778e+09
9.888785911690780640e+09
8.135344527582159996e+09
9.828011726883955002e+09
8.077795827871946335e+09
9.767103997531665802e+09
8.020153830140663147e+09
9.706073059450168610e+09
7.962429129750079155e+09
9.644929391383310318e+09
7.904632261644238472e+09
9.583682750173513412e+09
7.846772924833078384e+09
9.522341535034330368e+09
7.788859509107190132e+09
9.460912516361032486e+09
7.730899010029270172e+09
9.399400958484167099e+09
7.672897302602868080e+09
9.337811049786834717e+09
7.614859637627340317e+09
9.276146465398031235e+09
7.556791162363704681e+09
9.214410856023771286e+09
7.498697269081535339e+09
9.152608091510778427e+09
7.440583640389279366e+09
9.090742177547502518e+09
7.382455967134111404e+09
9.028816878631952286e+09
7.324319427770148277e+09
8.966835182321054459e+09
7.266178100451057434e+09
8.904798795728422165e+09
7.208034504253368378e+09
8.842707857623220444e+09
7.149889426464772224e+09
8.780560981628976822e+09
7.091742102457004547e+09
8.718355640712625504e+09
7.033590703196488380e+09
8.656088794819316864e+09
6.975432988978162766e+09
8.593757586803995132e+09
6.917266936907203674e+09
8.531359910427664757e+09
6.859091159104133606e+09
8.468894693503772736e+09
6.800904993920717239e+09
8.406361825150880814e+09
6.742708251317207336e+09
8.343761760038182259e+09
6.684500693774554253e+09
8.281094921367300034e+09
6.626281404440858841e+09
8.218361071334942818e+09
6.568048214525916100e+09
8.155558811094499588e+09
6.509797329495660782e+09
8.092685318159021378e+09
6.451523223147345543e+09
8.029736349419155121e+09
6.393218786638721466e+09
7.966706461272639275e+09
6.334875654433957100e+09
7.903589350254424095e+09
6.276484601152774811e+09
7.840378211225879669e+09
6.218035917561927795e+09
7.777066042305544853e+09
6.159519719203609467e+09
7.713645878441376686e+09
6.100926194850368500e+09
7.650110983947296143e+09
6.042245839491782188e+09
7.586455056664918900e+09
5.983469721215672493e+09
7.522672482857685089e+09
5.924589801259354591e+09
7.458758638764109612e+09
5.865599275476401329e+09
7.394710181874946594e+09
5.806492857517248154e+09
7.330525238039322853e+09
5.747266903561067581e+09
7.266203390025074959e+09
5.687919299900780678e+09
7.201745415746860504e+09
5.628449095858327866e+09
7.137152798959110260e+09
5.568855946294823647e+09
7.072427116362176895e+09
5.509139500980783463e+09
7.007569462241367340e+09
5.449298913596463203e+09
6.942580080972591400e+09
5.389332624357823372e+09
6.877458331213671684e+09
5.329238499398552895e+09
6.812203015523514748e+09
5.269014308270587921e+09
6.746813003888723373e+09
5.208658421250139236e+09
6.681287993794374466e+09
5.148170543578910828e+09
6.615629211439272881e+09
5.087552295432119370e+09
6.549839880339408875e+09
5.026807495859292984e+09
6.483925356059685707e+09
4.965942097839920044e+09
6.417892923073174477e+09
4.904963818611105919e+09
6.351751338185041428e+09
4.843881581868988991e+09
6.285510255819801331e+09
4.782704914138019562e+09
6.219179670113887787e+09
4.721443412563836098e+09
6.152769463033276558e+09
4.660106340537639618e+09
6.086289079001177788e+09
4.598702338358360291e+09
6.019747284522748947e+09
4.537239187656160355e+09
5.953151941549499512e+09
4.475723560012739182e+09
5.886509737386771202e+09
4.414160714679748535e+09
5.819825865186056137e+09
4.352554172417366982e+09
5.753103715423768997e+09
4.290905455437407017e+09
5.686344691311637878e+09
4.229214019009338856e+09
5.619548275026863098e+09
4.167477489550767899e+09
5.552712435772717476e+09
4.105692264581822872e+09
5.485834391705574036e+09
4.043854437078546524e+09
5.418911638255059242e+09
3.981960908377925873e+09
5.351943066067189217e+09
3.920010480854068756e+09
5.284929941318653107e+09
3.858004697941495419e+09
5.217876526641286850e+09
3.795948233892547607e+09
5.150790182933523178e+09
3.733848721033110142e+09
5.083680895408046722e+09
3.671854742013895035e+09
5.015802540051842690e+09
3.610545803290992260e+09
4.947771566780407906e+09
3.549229649793390274e+09
4.879746522229058266e+09
3.487915122021336079e+09
4.811735668707303047e+09
3.426608160969837666e+09
4.743743882960059166e+09
3.365311148898941994e+09
4.675772284580629349e+09
3.304022857066005230e+09
4.607818504081485748e+09
3.242739038563113213e+09
4.539877578860841751e+09
3.181453604729152679e+09
4.471943366101399422e+09
3.120160227046196461e+09
4.404010269749456406e+09
3.058854121543457508e+09
4.336075003451302528e+09
2.997533710185863972e+09
4.268138065066951275e+09
2.936201827632481575e+09
4.200204596518071651e+09
2.874866167842062473e+09
4.132284359979529381e+09
2.813538755287791252e+09
4.064390685187843323e+09
2.752234380930411339e+09
3.996538425699562550e+09
2.690968147079172134e+09
3.928741177945699215e+09
2.629752481969707489e+09
3.861008221682795525e+09
2.568594163880013943e+09
3.793341780219759941e+09
2.507491982515636444e+09
3.725735224578636169e+09
2.446435621663019180e+09
3.658172729283295155e+09
2.385406159091573715e+09
3.590630634051379204e+09
2.324378271737806320e+09
3.523080418485898495e+09
2.263323866669168472e+09
3.455492830320348740e+09
2.202216515322727680e+09
3.387842410443261623e+09
2.141035837178329945e+09
3.320111509465651035e+09
2.079770925787304401e+09
3.252292939222168922e+09
2.018422061083972216e+09
3.184390649976192474e+09
1.957000283601598978e+09
3.116418222454473019e+09
1.895524849274390221e+09
3.048395426441898823e+09
1.834019039174969196e+09
2.980343519895468235e+09
1.772505162855356216e+09
2.912280247537714005e+09
1.710999783115123749e+09
2.844215579890179634e+09
1.649510160067920446e+09
2.776149092971507549e+09
1.588032668625745058e+09
2.708069555094740868e+09
1.526553537934036255e+09
2.639956831348373890e+09
1.465051779644577026e+09
2.571785734119046211e+09
1.403503714541345358e+09
2.503531039130310059e+09
1.341888167961591244e+09
2.435172634668329239e+09
1.280191253140881062e+09
2.366699728929883003e+09
1.218409730219745398e+09
2.298113217668568134e+09
1.156552206337079763e+09
2.229425679365869045e+09
1.094637876855819225e+09
2.160658948066717625e+09
1.032693014579911828e+09
2.091839718991831779e+09
9.707458903524686098e+08
2.022994064748772144e+09
9.088211536783434153e+08
1.954141988012260914e+09
8.469348373558745384e+08
1.885293149760267019e+09
7.850910378246839046e+08
1.816444678297394991e+09
7.232809780365400314e+08
1.747581525872383595e+09
6.614846507798982859e+08
1.678679288506273508e+09
5.996746779291634560e+08
1.609708863713705778e+09
5.378215336251616478e+08
1.540641916527668953e+09
4.758989832083539963e+08
1.471455955191845655e+09
4.138885589418725967e+08
1.402137928396051884e+09
3.517821391868185997e+08
1.332685622268274546e+09
2.895821621669228673e+08
1.263106669300795555e+09
2.272995753081717491e+08
1.193415551362847090e+09
1.649501551436152756e+08
1.123629443387720346e+09
1.025501984731518179e+08
1.053763988683895469e+09
4.011269394561968744e+07
9.838300637438317537e+08
-2.235508754843465984e+07
9.138322945581076145e+08
-8.485204518306209147e+07
8.437696097954483032e+08
-1.473817256680118442e+08
7.736375853838188648e+08
-2.099493139700699449e+08
7.034318869297400713e+08
-2.725579874662783742e+08
6.331518620702388287e+08
-3.352056155778661966e+08
5.628033313059464693e+08
-3.978826644277453423e+08
4.923998634428927898e+08
-4.605718312875919342e+08
4.219622294932425618e+08
-5.232494809834297299e+08
3.515161956584299803e+08
-5.858885059683929682e+08
2.810892211588242650e+08
-6.484618968996798992e+08
2.107068711993709505e+08
-7.109461697087311745e+08
1.403897859185230136e+08
-7.733238738467617035e+08
7.015186594795937836e+07
-8.355846737538518906e+08
0.000000000000000000e+00
