4.483083499999857158e+05
4.483083499999858905e+05
4.483083499999855412e+05
4.483083499999857158e+05
4.483083499999855994e+05
4.483083499999856576e+05
4.483083499999854248e+05
4.483083499999851920e+05
4.483083499999853666e+05
4.483083499999849009e+05
4.483083499999849009e+05
4.483083499999846099e+05
4.483083499999844935e+05
4.483083499999842606e+05
4.483083499999839114e+05
4.483083499999835622e+05
4.483083499999835622e+05
4.483083499999829801e+05
4.483083499999831547e+05
4.483083499999826890e+05
4.483083499999829219e+05
4.483083499999823980e+05
4.483083499999824562e+05
4.483083499999822234e+05
4.483083499999820488e+05
4.483083499999818741e+05
4.483083499999816995e+05
4.483083499999815249e+05
4.483083499999812921e+05
4.483083499999812339e+05
4.483083499999810010e+05
4.483083499999807100e+05
4.483083499999805354e+05
4.483083499999803607e+05
4.483083499999803607e+05
4.483083499999803607e+05
4.483083499999801279e+05
4.483083499999801861e+05
4.483083499999800697e+05
4.483083499999798951e+05
4.483083499999803607e+05
4.483083499999797787e+05
4.483083499999801279e+05
4.483083499999795458e+05
4.483083499999798951e+05
4.483083499999798951e+05
4.483083499999798369e+05
4.483083499999795458e+05
4.483083499999797205e+05
4.483083499999791966e+05
4.483083499999799533e+05
4.483083499999790220e+05
4.483083499999796622e+05
4.483083499999790220e+05
4.483083499999797787e+05
4.483083499999790220e+05
4.483083499999796622e+05
4.483083499999789638e+05
4.483083499999790220e+05
4.483083499999791384e+05
4.483083499999789055e+05
4.483083499999788473e+05
4.483083499999791384e+05
4.483083499999786145e+05
4.483083499999788473e+05
4.483083499999783817e+05
4.483083499999786145e+05
4.483083499999784399e+05
4.483083499999786145e+05
4.483083499999784981e+05
4.483083499999784399e+05
4.483083499999783817e+05
4.483083499999780906e+05
4.483083499999780906e+05
4.483083499999783235e+05
4.483083499999781488e+05
4.483083499999779742e+05
4.483083499999777996e+05
4.483083499999781488e+05
4.483083499999776250e+05
4.483083499999777414e+05
4.483083499999777414e+05
4.483083499999777414e+05
4.483083499999778578e+05
4.483083499999774504e+05
4.483083499999779742e+05
4.483083499999781488e+05
4.483083499999778578e+05
4.483083499999775668e+05
4.483083499999775668e+05
4.483083499999772757e+05
4.483083499999779160e+05
4.483083499999775668e+05
4.483083499999773921e+05
4.483083499999773921e+05
4.483083499999774504e+05
4.483083499999771011e+05
4.483083499999771593e+05
4.483083499999775668e+05
4.483083499999771011e+05
4.483083499999773339e+05
4.483083499999771011e+05
4.483083499999775668e+05
4.483083499999771011e+05
4.483083499999773339e+05
4.483083499999770429e+05
4.483083499999773339e+05
4.483083499999770429e+05
4.483083499999766354e+05
4.483083499999772757e+05
4.483083499999771593e+05
4.483083499999768101e+05
4.483083499999768683e+05
4.483083499999768101e+05
4.483083499999771593e+05
4.483083499999766354e+05
4.483083499999768101e+05
4.483083499999765772e+05
4.483083499999767519e+05
4.483083499999763444e+05
4.483083499999768101e+05
4.483083499999765772e+05
4.483083499999769265e+05
4.483083499999766354e+05
4.483083499999764026e+05
4.483083499999765190e+05
4.483083499999765190e+05
4.483083499999762280e+05
4.483083499999763444e+05
4.483083499999762280e+05
4.483083499999763444e+05
4.483083499999765772e+05
4.483083499999762280e+05
4.483083499999757623e+05
4.483083499999760534e+05
4.483083499999765772e+05
4.483083499999763444e+05
4.483083499999757623e+05
4.483083499999760534e+05
4.483083499999755877e+05
4.483083499999760534e+05
4.483083499999761116e+05
4.483083499999758787e+05
4.483083499999757041e+05
4.483083499999763444e+05
4.483083499999755877e+05
4.483083499999757623e+05
4.483083499999757623e+05
4.483083499999754713e+05
4.483083499999754713e+05
4.483083499999757623e+05
4.483083499999757623e+05
4.483083499999757041e+05
4.483083499999747146e+05
4.483083499999758787e+05
4.483083499999750638e+05
4.483083499999758205e+05
4.483083499999752967e+05
4.483083499999750056e+05
4.483083499999754713e+05
4.483083499999752967e+05
4.483083499999752385e+05
4.483083499999752967e+05
4.483083499999751803e+05
4.483083499999749474e+05
4.483083499999749474e+05
4.483083499999752385e+05
4.483083499999750638e+05
4.483083499999747146e+05
4.483083499999747146e+05
4.483083499999750056e+05
4.483083499999750056e+05
4.483083499999747728e+05
4.483083499999748310e+05
4.483083499999745400e+05
4.483083499999749474e+05
4.483083499999744818e+05
4.483083499999747146e+05
4.483083499999747146e+05
4.483083499999744236e+05
4.483083499999747146e+05
4.483083499999745400e+05
4.483083499999741907e+05
4.483083499999741907e+05
4.483083499999744818e+05
4.483083499999744818e+05
4.483083499999741325e+05
4.483083499999745400e+05
4.483083499999741907e+05
4.483083499999742489e+05
4.483083499999741325e+05
4.483083499999741325e+05
4.483083499999740743e+05
4.483083499999736669e+05
4.483083499999744818e+05
4.483083499999740161e+05
4.483083499999737251e+05
4.483083499999741325e+05
4.483083499999740161e+05
4.483083499999735504e+05
4.483083499999738415e+05
4.483083499999740743e+05
4.483083499999736086e+05
4.483083499999737251e+05
4.483083499999741907e+05
4.483083499999739579e+05
4.483083499999734340e+05
4.483083499999736669e+05
4.483083499999737833e+05
4.483083499999741907e+05
4.483083499999736669e+05
4.483083499999734922e+05
4.483083499999734340e+05
4.483083499999737251e+05
4.483083499999737251e+05
4.483083499999733758e+05
4.483083499999737833e+05
4.483083499999732594e+05
4.483083499999733758e+05
4.483083499999741325e+05
4.483083499999729102e+05
4.483083499999737833e+05
4.483083499999733758e+05
4.483083499999734922e+05
4.483083499999734922e+05
4.483083499999732012e+05
4.483083499999734922e+05
4.483083499999734922e+05
4.483083499999732012e+05
4.483083499999733758e+05
4.483083499999732594e+05
4.483083499999733758e+05
4.483083499999729684e+05
4.483083499999734340e+05
4.483083499999730848e+05
4.483083499999731430e+05
4.483083499999730848e+05
4.483083499999734340e+05
4.483083499999730848e+05
4.483083499999726773e+05
4.483083499999736669e+05
4.483083499999732012e+05
4.483083499999729102e+05
4.483083499999729684e+05
4.483083499999729102e+05
4.483083499999726773e+05
4.483083499999727355e+05
4.483083499999729684e+05
4.483083499999730848e+05
4.483083499999729102e+05
4.483083499999726773e+05
4.483083499999729102e+05
4.483083499999734922e+05
4.483083499999723863e+05
4.483083499999729102e+05
4.483083499999726773e+05
4.483083499999729102e+05
4.483083499999726773e+05
4.483083499999728519e+05
4.483083499999725609e+05
4.483083499999724445e+05
4.483083499999729102e+05
4.483083499999720952e+05
4.483083499999731430e+05
4.483083499999720370e+05
4.483083499999729684e+05
4.483083499999725609e+05
4.483083499999721535e+05
4.483083499999720952e+05
4.483083499999724445e+05
4.483083499999723281e+05
4.483083499999723863e+05
4.483083499999721535e+05
4.483083499999726773e+05
4.483083499999724445e+05
4.483083499999721535e+05
4.483083499999725609e+05
4.483083499999719206e+05
4.483083499999721535e+05
4.483083499999724445e+05
4.483083499999718624e+05
4.483083499999721535e+05
4.483083499999723863e+05
4.483083499999719206e+05
4.483083499999720370e+05
4.483083499999720370e+05
4.483083499999720370e+05
4.483083499999719206e+05
4.483083499999722117e+05
4.483083499999721535e+05
4.483083499999715714e+05
4.483083499999722117e+05
4.483083499999713968e+05
4.483083499999718624e+05
4.483083499999719206e+05
4.483083499999720370e+05
4.483083499999720370e+05
4.483083499999718624e+05
4.483083499999715714e+05
4.483083499999715714e+05
4.483083499999718624e+05
4.483083499999718624e+05
4.483083499999715714e+05
4.483083499999716296e+05
4.483083499999711057e+05
4.483083499999713385e+05
4.483083499999716296e+05
4.483083499999720370e+05
4.483083499999712803e+05
4.483083499999715714e+05
4.483083499999711639e+05
4.483083499999716878e+05
4.483083499999712803e+05
4.483083499999712803e+05
4.483083499999715714e+05
4.483083499999709893e+05
4.483083499999720370e+05
4.483083499999703490e+05
4.483083499999712803e+05
4.483083499999712803e+05
4.483083499999711639e+05
4.483083499999713968e+05
4.483083499999712803e+05
4.483083499999706401e+05
4.483083499999708147e+05
4.483083499999715132e+05
4.483083499999708729e+05
4.483083499999708729e+05
4.483083499999707565e+05
4.483083499999713968e+05
4.483083499999709893e+05
4.483083499999709893e+05
4.483083499999705818e+05
4.483083499999707565e+05
4.483083499999706401e+05
4.483083499999709893e+05
4.483083499999708147e+05
4.483083499999709893e+05
4.483083499999706401e+05
4.483083499999706401e+05
4.483083499999708729e+05
4.483083499999700580e+05
4.483083499999704654e+05
4.483083499999702326e+05
4.483083499999705236e+05
4.483083499999707565e+05
4.483083499999699998e+05
4.483083499999710475e+05
4.483083499999699416e+05
4.483083499999704654e+05
4.483083499999702908e+05
4.483083499999703490e+05
4.483083499999707565e+05
4.483083499999698251e+05
4.483083499999697087e+05
4.483083499999699416e+05
4.483083499999702326e+05
4.483083499999701162e+05
4.483083499999700580e+05
4.483083499999699998e+05
4.483083499999702326e+05
4.483083499999699998e+05
4.483083499999699998e+05
4.483083499999702326e+05
4.483083499999694759e+05
4.483083499999694177e+05
4.483083499999703490e+05
4.483083499999689520e+05
4.483083499999702326e+05
4.483083499999695923e+05
4.483083499999695923e+05
4.483083499999700580e+05
4.483083499999695923e+05
4.483083499999690102e+05
4.483083499999693013e+05
4.483083499999699998e+05
4.483083499999691849e+05
4.483083499999698251e+05
4.483083499999694759e+05
4.483083499999690684e+05
4.483083499999694759e+05
4.483083499999688938e+05
4.483083499999693013e+05
4.483083499999690684e+05
4.483083499999688938e+05
4.483083499999695923e+05
4.483083499999690102e+05
4.483083499999695341e+05
4.483083499999691849e+05
4.483083499999684282e+05
4.483083499999688938e+05
4.483083499999691849e+05
4.483083499999686610e+05
4.483083499999692431e+05
4.483083499999687192e+05
4.483083499999683700e+05
4.483083499999691849e+05
4.483083499999687192e+05
4.483083499999690102e+05
4.483083499999684282e+05
4.483083499999681371e+05
4.483083499999687774e+05
4.483083499999686610e+05
4.483083499999681371e+05
4.483083499999685446e+05
4.483083499999684282e+05
4.483083499999686610e+05
4.483083499999683700e+05
4.483083499999685446e+05
4.483083499999681953e+05
4.483083499999683700e+05
4.483083499999680207e+05
4.483083499999681371e+05
4.483083499999680207e+05
4.483083499999681371e+05
4.483083499999676715e+05
4.483083499999679625e+05
4.483083499999678461e+05
4.483083499999681371e+05
4.483083499999682535e+05
4.483083499999677297e+05
4.483083499999679625e+05
4.483083499999676715e+05
4.483083499999676715e+05
4.483083499999679625e+05
4.483083499999671476e+05
4.483083499999674386e+05
4.483083499999674968e+05
4.483083499999678461e+05
4.483083499999676715e+05
4.483083499999676715e+05
4.483083499999672058e+05
4.483083499999673804e+05
4.483083499999672058e+05
4.483083499999670894e+05
4.483083499999673222e+05
4.483083499999677297e+05
4.483083499999668566e+05
4.483083499999672058e+05
4.483083499999672058e+05
4.483083499999667984e+05
4.483083499999674968e+05
4.483083499999667984e+05
4.483083499999673804e+05
4.483083499999667984e+05
4.483083499999673804e+05
4.483083499999667984e+05
4.483083499999667984e+05
4.483083499999670894e+05
4.483083499999667984e+05
4.483083499999670894e+05
4.483083499999671476e+05
4.483083499999665655e+05
4.483083499999663909e+05
4.483083499999669730e+05
4.483083499999664491e+05
4.483083499999666819e+05
4.483083499999663327e+05
4.483083499999669730e+05
4.483083499999668566e+05
4.483083499999664491e+05
4.483083499999669730e+05
4.483083499999658670e+05
4.483083499999669730e+05
4.483083499999659252e+05
4.483083499999666237e+05
4.483083499999662745e+05
4.483083499999669148e+05
4.483083499999666819e+05
4.483083499999659252e+05
4.483083499999669148e+05
4.483083499999662745e+05
4.483083499999661581e+05
4.483083499999662745e+05
4.483083499999665655e+05
4.483083499999663909e+05
4.483083499999664491e+05
4.483083499999660999e+05
4.483083499999663327e+05
4.483083499999670894e+05
4.483083499999660999e+05
4.483083499999663327e+05
4.483083499999662745e+05
4.483083499999665655e+05
4.483083499999663909e+05
4.483083499999663909e+05
4.483083499999669730e+05
4.483083499999659252e+05
4.483083499999666819e+05
4.483083499999663327e+05
4.483083499999664491e+05
4.483083499999673222e+05
4.483083499999661581e+05
4.483083499999666237e+05
4.483083499999669148e+05
4.483083499999664491e+05
4.483083499999666237e+05
4.483083499999670894e+05
4.483083499999670894e+05
4.483083499999666237e+05
4.483083499999671476e+05
4.483083499999672058e+05
4.483083499999670894e+05
4.483083499999669148e+05
4.483083499999673804e+05
4.483083499999676715e+05
4.483083499999672058e+05
4.483083499999674386e+05
4.483083499999669148e+05
4.483083499999676715e+05
4.483083499999674968e+05
4.483083499999681953e+05
4.483083499999684282e+05
4.483083499999676715e+05
4.483083499999682535e+05
4.483083499999682535e+05
4.483083499999682535e+05
4.483083499999684864e+05
4.483083499999685446e+05
4.483083499999687774e+05
4.483083499999685446e+05
4.483083499999695923e+05
4.483083499999693013e+05
4.483083499999690102e+05
4.483083499999699416e+05
4.483083499999700580e+05
4.483083499999690102e+05
4.483083499999702908e+05
4.483083499999706401e+05
4.483083499999706401e+05
4.483083499999707565e+05
4.483083499999711057e+05
4.483083499999711057e+05
4.483083499999715714e+05
4.483083499999715714e+05
4.483083499999720370e+05
4.483083499999722117e+05
4.483083499999725609e+05
4.483083499999725609e+05
4.483083499999731430e+05
4.483083499999736669e+05
4.483083499999736669e+05
4.483083499999736669e+05
4.483083499999742489e+05
4.483083499999743071e+05
4.483083499999746564e+05
4.483083499999747728e+05
4.483083499999751803e+05
4.483083499999750638e+05
4.483083499999754131e+05
4.483083499999753549e+05
4.483083499999764026e+05
4.483083499999757041e+05
4.483083499999762280e+05
4.483083499999761698e+05
4.483083499999759952e+05
4.483083499999769265e+05
4.483083499999762862e+05
4.483083499999769265e+05
4.483083499999771593e+05
4.483083499999769265e+05
4.483083499999772757e+05
4.483083499999773921e+05
4.483083499999776250e+05
4.483083499999775668e+05
4.483083499999779160e+05
4.483083499999787309e+05
4.483083499999781488e+05
4.483083499999786145e+05
4.483083499999793712e+05
4.483083499999783817e+05
4.483083499999791384e+05
4.483083499999794876e+05
4.483083499999794294e+05
4.483083499999800697e+05
4.483083499999790220e+05
4.483083499999802443e+05
4.483083499999802443e+05
4.483083499999799533e+05
4.483083499999805354e+05
4.483083499999805354e+05
4.483083499999811174e+05
4.483083499999807100e+05
4.483083499999818741e+05
4.483083499999812339e+05
4.483083499999811174e+05
4.483083499999815249e+05
4.483083499999818159e+05
4.483083499999814667e+05
4.483083499999821070e+05
4.483083499999826308e+05
4.483083499999817577e+05
4.483083499999821652e+05
4.483083499999828055e+05
4.483083499999828055e+05
4.483083499999828637e+05
4.483083499999825726e+05
4.483083499999825144e+05
4.483083499999830965e+05
4.483083499999832129e+05
4.483083499999830383e+05
4.483083499999836204e+05
4.483083499999836204e+05
4.483083499999830965e+05
4.483083499999836786e+05
4.483083499999835622e+05
4.483083499999834457e+05
4.483083499999839114e+05
4.483083499999837368e+05
4.483083499999834457e+05
4.483083499999836786e+05
4.483083499999835622e+05
4.483083499999844353e+05
4.483083499999846099e+05
4.483083499999844353e+05
4.483083499999839696e+05
4.483083499999832129e+05
4.483083499999842606e+05
4.483083499999838532e+05
4.483083499999839696e+05
4.483083499999836786e+05
4.483083499999842606e+05
4.483083499999832129e+05
4.483083499999835622e+05
4.483083499999839114e+05
4.483083499999836204e+05
4.483083499999834457e+05
4.483083499999830965e+05
4.483083499999832129e+05
4.483083499999828055e+05
4.483083499999821652e+05
4.483083499999828055e+05
4.483083499999828055e+05
4.483083499999821652e+05
4.483083499999828055e+05
4.483083499999821652e+05
4.483083499999828055e+05
4.483083499999823980e+05
4.483083499999825144e+05
4.483083499999821652e+05
4.483083499999812339e+05
