6.250000000000000000e-01
6.250000000000000000e-01
6.250000000000000000e-01
6.250000000000000000e-01
6.250000000000000000e-01
6.250000000000000000e-01
6.250000000000000000e-01
6.250000000000000000e-01
6.250000000000000000e-01
6.250000000000000000e-01
6.250000000000000000e-01
6.250000000000000000e-01
6.250000000000000000e-01
6.250000000000000000e-01
6.250000000000000000e-01
6.250000000000000000e-01
6.250000000000000000e-01
6.250000000000000000e-01
6.250000000000000000e-01
6.250000000000000000e-01
6.250000000000000000e-01
6.250000000000000000e-01
6.250000000000000000e-01
6.250000000000000000e-01
6.250000000000000000e-01
6.250000000000000000e-01
6.250000000000000000e-01
6.250000000000000000e-01
6.250000000000000000e-01
6.250000000000000000e-01
6.250000000000000000e-01
6.250000000000000000e-01
6.250000000000000000e-01
6.250000000000000000e-01
6.250000000000000000e-01
6.250000000000000000e-01
6.250000000000000000e-01
6.250000000000000000e-01
6.250000000000000000e-01
6.250000000000000000e-01
6.250000000000000000e-01
6.250000000000000000e-01
6.250000000000000000e-01
6.250000000000000000e-01
6.250000000000000000e-01
6.250000000000000000e-01
6.250000000000000000e-01
6.250000000000000000e-01
6.250000000000000000e-01
6.250000000000000000e-01
6.250000000000000000e-01
6.250000000000000000e-01
6.250000000000000000e-01
6.250000000000000000e-01
6.250000000000000000e-01
6.250000000000000000e-01
6.250000000000000000e-01
6.250000000000000000e-01
6.250000000000000000e-01
6.250000000000000000e-01
6.250000000000000000e-01
6.250000000000000000e-01
6.250000000000000000e-01
6.250000000000000000e-01
6.250000000000000000e-01
6.250000000000000000e-01
6.250000000000000000e-01
6.250000000000000000e-01
6.250000000000000000e-01
6.250000000000000000e-01
6.250000000000000000e-01
6.250000000000000000e-01
6.250000000000000000e-01
3.125000000000000000e-01
3.125000000000000000e-01
3.125000000000000000e-01
3.125000000000000000e-01
3.125000000000000000e-01
3.125000000000000000e-01
3.125000000000000000e-01
3.125000000000000000e-01
3.125000000000000000e-01
3.125000000000000000e-01
3.125000000000000000e-01
3.125000000000000000e-01
3.125000000000000000e-01
3.125000000000000000e-01
3.125000000000000000e-01
3.125000000000000000e-01
