9.169998113666148356e+02
9.169992435053029567e+02
9.169965564515314327e+02
9.169849108577736843e+02
9.169339175453724238e+02
9.167114317985766547e+02
9.163223622479216601e+02
9.160365996219144336e+02
9.156096776427714303e+02
9.153174976994888539e+02
9.150007681226531986e+02
9.145901024512055528e+02
9.141275823569212662e+02
9.138313510037065726e+02
9.135562617246750960e+02
9.132076064177010721e+02
9.128721028888412548e+02
9.124602712628029622e+02
9.120527781888262098e+02
9.115649010050590277e+02
9.113281328707848843e+02
9.110525023763767649e+02
9.107916220207941933e+02
9.104916873420575030e+02
9.102044634108618766e+02
9.098778696530507659e+02
9.095618819303192595e+02
9.092060468950545555e+02
9.088586277207909916e+02
9.084707441692721659e+02
9.082857984904246678e+02
9.080774169627592300e+02
9.078833216267805710e+02
9.076659281497207985e+02
9.074622754414880319e+02
9.072354422063547190e+02
9.070217988099177546e+02
9.067850838570764154e+02
9.065609979563856768e+02
9.063139294227444225e+02
9.060789377018678579e+02
9.058210209724733204e+02
9.055746300887994948e+02
9.053053611433176684e+02
9.050470466962925684e+02
9.047658930693430648e+02
9.044951213938780938e+02
9.042015154640768060e+02
9.039177236329554717e+02
9.036110854409133708e+02
9.033136759598792196e+02
9.031495985428642825e+02
9.030012849257354901e+02
9.028337537171894382e+02
9.026817681100009167e+02
9.025107008899616403e+02
9.023549628220799832e+02
9.021802761155536245e+02
9.020207026810448951e+02
9.018423104422573715e+02
9.016788176991169621e+02
9.014966319633656440e+02
9.013291339971816569e+02
9.011430652485826158e+02
9.009714731597767923e+02
9.007814299232098847e+02
9.006056529099856789e+02
9.004115419662575732e+02
9.002314874158976181e+02
9.000332134084368363e+02
8.998487858404391773e+02
8.996462514984200425e+02
8.994573533980138791e+02
8.992504589552103198e+02
8.990569911934194351e+02
8.988456345040945052e+02
8.986474953235180010e+02
8.984315717834972475e+02
8.982286574779307102e+02
8.980080599288448866e+02
8.978002643539568908e+02
8.975748832390087273e+02
8.973620977144906874e+02
8.971318214402236890e+02
8.969139347967761751e+02
8.967925998826807472e+02
8.966860404865904002e+02
8.965634653300112404e+02
8.964555614888702166e+02
8.963317312417035509e+02
8.962224684800905834e+02
8.960973681913892506e+02
8.959867318766987410e+02
8.958603464577259956e+02
8.957483217607245933e+02
8.956206359277044839e+02
8.955072077959806620e+02
8.953782060527707927e+02
8.952633592378194862e+02
8.951330259034032224e+02
8.950167450066137462e+02
8.948850642373391793e+02
8.947673337291768121e+02
8.946342895130795796e+02
8.945150937228917201e+02
8.943806698565632587e+02
8.942599929461944157e+02
8.941241730066849414e+02
8.940019989439791743e+02
8.938647662762068649e+02
8.937410788345647461e+02
8.936024165759080233e+02
8.934771993699301902e+02
8.933370904969999629e+02
8.932103270136698256e+02
8.930687543508502131e+02
8.929404279182421078e+02
8.927973740804849285e+02
8.926674677998647667e+02
8.925229151493905420e+02
8.923914118902750943e+02
8.922453425754671343e+02
8.921122250267981144e+02
8.919646210219452769e+02
8.918298716886683906e+02
8.916807147637235857e+02
8.915443159221402993e+02
8.913935876277747639e+02
8.912555213364493056e+02
8.911032030436662126e+02
8.909634511707525917e+02
8.908095240809313964e+02
8.906680682865383005e+02
8.905125134116125309e+02
8.903693351358233485e+02
8.902121332955319986e+02
8.900672137537455910e+02
8.899083455486793355e+02
8.897616656975581009e+02
8.896011114745721216e+02
8.894526520193846864e+02
8.892903919050683044e+02
8.891401333614918485e+02
8.889761472949858216e+02
8.888240699924632509e+02
8.886583376817010276e+02
8.885044217194779321e+02
8.884175129115541267e+02
8.883432432060056954e+02
8.882559084549847057e+02
8.881811533352715742e+02
8.880933899324872982e+02
8.880181469562198799e+02
8.879299521779095130e+02
8.878542188890892248e+02
8.877655899951840865e+02
8.876893639226951791e+02
8.876002981560111493e+02
8.875235768128042082e+02
8.874340713991400662e+02
8.873568522823276226e+02
8.872669044314314988e+02
8.871891850230075534e+02
8.870987919299501527e+02
8.870205696976062200e+02
8.869297285439262168e+02
8.868510009414090973e+02
8.867597088956489415e+02
8.866804733624736627e+02
8.865887275799791496e+02
8.865089815404644469e+02
8.864167791626024382e+02
8.863365200245762026e+02
8.862438581778517346e+02
8.861630833315565496e+02
8.860699591271177269e+02
8.859886659447754482e+02
8.858950764786638956e+02
8.858132623149001574e+02
8.857192046690528286e+02
8.856368668618925994e+02
8.855423381053968797e+02
8.854594739771373497e+02
8.853644711669808203e+02
8.852810780243158888e+02
8.851855982051276897e+02
8.851016733381280801e+02
8.850057135408411568e+02
8.849212542210569836e+02
8.848248114609378945e+02
8.847398149391891593e+02
8.846428862139888452e+02
8.845573497186757095e+02
8.844599320076331423e+02
8.843738527441972792e+02
8.842759430083841607e+02
8.841893181602139293e+02
8.840909133443766450e+02
8.840037400751340328e+02
8.839048371106379136e+02
8.838171125673484312e+02
8.837177083754239675e+02
8.836294296913741846e+02
8.835295211854972877e+02
8.834406854817589192e+02
8.833402695681479599e+02
8.832508739529638433e+02
8.831499475286791494e+02
8.830599890946195956e+02
8.829585490436967348e+02
8.828680248634444752e+02
8.827660680522104713e+02
8.826749751743724346e+02
8.825724984474775283e+02
8.824808338939350278e+02
8.823778340723918063e+02
8.822855948379810798e+02
8.821820687195670416e+02
8.820892517742233849e+02
8.819851961359892130e+02
8.818917984284861404e+02
8.817872100302923855e+02
8.816932284924663463e+02
8.815881040803950555e+02
8.814935356307244092e+02
8.813878719394353993e+02
8.812927134852435529e+02
8.811865072387495275e+02
8.810907556766351263e+02
8.809840035873527313e+02
8.808876558019120466e+02
8.807803545681604191e+02
8.806834074292530659e+02
8.805755537316458685e+02
8.804780040907537568e+02
8.803695945881752323e+02
8.802714392747490137e+02
8.801624706008851717e+02
8.800637064197018162e+02
8.799541751811970016e+02
8.798547989116779036e+02
8.797447016886324036e+02
8.796447100864994582e+02
8.795340434352458487e+02
8.794334332361149791e+02
8.793221936934409086e+02
8.792209616170599702e+02
8.791091457043281707e+02
8.790072884579037691e+02
8.788948926835398652e+02
8.787924069628495545e+02
8.786794278222644152e+02
8.785763103100611033e+02
8.785169967840384970e+02
8.784678040546141347e+02
8.784083558868564978e+02
8.783589914847507316e+02
8.782994081805068163e+02
8.782498717373737236e+02
8.781901528005325872e+02
8.781404439463660765e+02
8.780805888793660188e+02
8.780307072424262742e+02
8.779707155462245964e+02
8.779206607530028350e+02
8.778605319270684504e+02
8.778103036023019285e+02
8.777500371446520830e+02
8.776996349113794622e+02
8.776392303186486288e+02
8.775886537982886466e+02
8.775281105658456227e+02
8.774773593782977059e+02
8.774166770003572537e+02
8.773657507641264601e+02
8.773049287338786826e+02
8.772538270661823390e+02
8.771928648759017051e+02
8.771415873927753637e+02
8.770804845339226858e+02
8.770290308502900416e+02
8.769677868135688641e+02
8.769161565432734733e+02
8.768547708186691807e+02
8.768029635744821917e+02
8.767414356512440463e+02
8.766894510448252049e+02
8.766277804114299670e+02
8.765756180532524695e+02
8.765138041973267491e+02
8.764614636965804948e+02
8.763995061048053685e+02
8.763469870692847508e+02
8.762848852272945805e+02
8.762321872632809345e+02
8.761699406555552514e+02
8.761170633677082833e+02
8.760546714774905013e+02
8.760016144687579072e+02
8.759390767779937050e+02
8.758858396495431862e+02
8.758231556388381023e+02
8.757697379900309897e+02
8.757069071386539463e+02
8.756533085670431547e+02
8.755903303529572668e+02
8.755365504543226507e+02
8.754734243542470722e+02
8.754194627226559078e+02
8.753561882121443887e+02
8.753020444400143560e+02
8.752386209935506258e+02
8.751842946717481482e+02
8.751207217628309536e+02
8.750662124807355440e+02
8.750024895819614130e+02
8.749477969275316127e+02
8.748839235106549950e+02
8.748290470704616837e+02
8.747650226064247363e+02
8.747099619656668210e+02
8.746457859245994086e+02
8.745905406670798357e+02
8.745262125182644013e+02
8.744707822263437720e+02
8.744063014381542871e+02
8.743506856926704813e+02
8.742860517324879766e+02
8.742302501126664538e+02
8.741654624467786334e+02
8.741094745301418243e+02
8.740445326236398387e+02
8.739883579858994835e+02
8.739232613025911860e+02
8.738668995175866030e+02
8.738016475199144679e+02
8.737450981595532085e+02
8.736796903085488566e+02
8.736229529427884017e+02
8.735573886980619136e+02
8.735004628949259313e+02
8.734347417146764201e+02
8.733776270403085391e+02
8.733117483813794024e+02
8.732544444001201782e+02
8.731884077180764052e+02
8.731309139925700720e+02
8.730647187417893065e+02
8.730070348330989418e+02
8.729406804668684572e+02
8.728828059345975134e+02
8.728162919052082316e+02
8.727582263076069466e+02
8.726915520664337009e+02
8.726332949604819760e+02
8.725664599580245522e+02
8.725080108994856118e+02
8.724410145853842096e+02
8.723823731288147201e+02
8.723152149518272154e+02
8.722563806505607999e+02
8.721890600584935100e+02
8.721300324645735600e+02
8.720625489041984792e+02
8.720033275682918656e+02
8.719356804852199048e+02
8.718762649565142056e+02
8.718084537950702497e+02
8.717488436211472163e+02
8.716808678242358610e+02
8.716210625509688725e+02
8.715529215599641475e+02
8.714929207314263522e+02
8.714246139860779294e+02
8.713644171444788071e+02
8.712959440828641391e+02
8.712355507685224438e+02
8.711669108270289144e+02
8.711063205783931380e+02
8.710375131917523959e+02
8.709767255454466977e+02
8.709077501467958200e+02
8.708467646377087021e+02
8.707776206586879653e+02
8.707164368200712943e+02
8.706471236909360414e+02
8.705857410545171433e+02
8.705162582042429449e+02
8.704546763003326078e+02
8.703850231567198534e+02
8.703232415142986156e+02
8.702534175040403852e+02
8.701914356508016226e+02
8.701214401995267735e+02
8.700592576618917064e+02
8.699890901941666925e+02
8.699267064972598291e+02
8.698563664365393606e+02
8.697937811041100531e+02
8.697232678726659287e+02
8.696604804269991291e+02
8.695897934458100735e+02
8.695268034076050299e+02
8.694559420962542617e+02
8.693927489845032142e+02
8.693217127610673742e+02
8.692583160929423229e+02
8.691871043739022298e+02
8.691235036646779690e+02
8.690521158648514302e+02
8.689883106278557534e+02
8.689167461603824449e+02
8.688527359069834120e+02
8.687809941833431822e+02
8.687167784229865219e+02
8.686448588530508914e+02
8.685804370933277596e+02
8.685083390854584877e+02
8.684437108321965297e+02
8.683714337933339493e+02
8.683065985507059850e+02
8.682341418864878051e+02
8.681690991571180120e+02
8.680964622719690169e+02
8.680312115570043261e+02
8.679583938542147052e+02
8.678929346533943772e+02
8.678199355351525810e+02
8.677542673468253724e+02
8.676810862142165206e+02
8.676152085353191978e+02
8.675418447882937016e+02
8.674757571143017003e+02
8.674022101515978420e+02
8.673359119764495517e+02
8.672621811955016256e+02
8.671956720114951622e+02
8.671217568083313836e+02
8.670550361060221576e+02
8.669809358751675745e+02
8.669140031432791602e+02
8.668397172776631123e+02
8.667725720030250613e+02
8.666980998939312713e+02
8.666307415614306819e+02
8.665560825984686062e+02
8.664885106910426202e+02
8.664136642621490410e+02
8.663458782608008732e+02
8.662708437522791201e+02
8.662028431361300136e+02
8.661276199327033964e+02
8.660594041790477604e+02
8.659839916639353987e+02
8.659155602483084522e+02
8.658399578032846193e+02
8.657713101995209399e+02
8.656955172049789553e+02
8.656266528852472675e+02
8.655506687202322382e+02
8.654815871550567863e+02
8.654054111972884584e+02
8.653361118555312714e+02
8.652597434813853852e+02
8.651902258302158089e+02
8.651136644146922663e+02
8.650439279195278459e+02
8.649671728361948908e+02
8.648972169606175839e+02
8.648202675815692828e+02
8.647500917872638411e+02
8.646729474830545996e+02
8.646025512297308069e+02
8.645252113693403544e+02
8.644545941146931227e+02
8.643770580655146887e+02
8.643062192651924533e+02
8.642284863930374286e+02
8.641574255006422618e+02
8.640794951697788520e+02
8.640082116368924972e+02
8.639300832101008609e+02
8.638585764863388476e+02
8.637802493249897680e+02
8.637085188580404065e+02
8.636299923221732797e+02
8.635580375578663279e+02
8.634793110062564665e+02
8.634071313885999643e+02
8.633282041788232846e+02
8.632557991500377739e+02
8.631766706384913732e+02
8.631040396390063734e+02
8.630247091809150106e+02
8.629518516493319567e+02
8.628723185987159923e+02
8.627992339717665118e+02
8.627194976813890435e+02
8.626461853938532158e+02
8.625662452151449315e+02
8.624927046997642037e+02
8.624125599827452788e+02
8.623387906701454995e+02
8.622584407633479486e+02
8.621844420819656989e+02
8.621038863323661872e+02
8.620296577083950069e+02
8.619488954613769920e+02
8.618744363187549880e+02
8.617934669180934861e+02
8.617187766785021950e+02
8.616375994663769688e+02
8.615626775492895604e+02
8.614812918663267283e+02
8.614061376890659858e+02
8.613245428743839511e+02
8.612491558522004880e+02
8.611673512434696249e+02
8.610917307896172588e+02
8.610097157231123219e+02
8.609338612489182196e+02
8.608516350595534732e+02
8.607755459744732889e+02
8.606931079958170585e+02
8.606167837074532372e+02
8.605341332717088108e+02
8.604575731858159315e+02
8.603747096237760843e+02
8.602979131442324388e+02
8.602148357852049685e+02
8.601378023139590141e+02
8.600545104856847729e+02
8.599772394227027235e+02
8.598937324512659188e+02
8.598162231944639871e+02
8.597325004041957754e+02
8.596547523494016332e+02
8.595708130628099752e+02
8.594928256037243273e+02
8.594086691414520374e+02
8.593304416696461203e+02
8.592460673504455144e+02
8.591675992553902006e+02
8.590830063961387850e+02
8.590042970652498298e+02
8.589194849809834977e+02
8.588405337996980506e+02
8.587555018036689489e+02
8.586763081555263852e+02
8.585910555592619176e+02
8.585116188259847831e+02
8.584261449393526391e+02
8.583464645009246397e+02
8.582607686321748588e+02
8.581808438668819008e+02
8.580949253226706332e+02
8.580147556071294730e+02
8.579286136925210258e+02
8.578481984016658544e+02
8.577618324200900588e+02
8.576811709271365771e+02
8.575945801803361519e+02
8.575136718567138132e+02
8.574268556446701268e+02
8.573456998599483541e+02
8.572586574808002524e+02
8.571772536025997624e+02
8.570899843525572805e+02
8.570083317464798256e+02
8.569208349197609778e+02
8.568389329493192008e+02
8.567512078381098490e+02
8.566690558646932914e+02
8.565811017591247492e+02
8.564986991419900733e+02
8.564105153301524069e+02
8.563278614264326052e+02
8.562394471944061252e+02
8.561565413591481501e+02
8.560678959910535468e+02
8.559847375772660598e+02
8.558958603553259081e+02
8.558124487140266865e+02
8.557233389186235399e+02
8.556396733988774486e+02
8.555503303086006781e+02
8.554664102575608240e+02
8.553768331492293555e+02
8.552926579121310624e+02
8.552028460608031537e+02
8.551184149809540713e+02
8.550283676599029832e+02
8.549436800786406820e+02
8.548533965593097719e+02
8.547684518159481968e+02
8.546779313678955532e+02
8.545927287996596533e+02
8.545019706904977284e+02
8.544165096324632032e+02
8.543255131278043564e+02
8.542397929128487704e+02
8.541485572762628635e+02
8.540625772350254010e+02
8.539711017280087617e+02
8.538848611888909090e+02
8.537931450708800867e+02
8.537066433600598430e+02
8.536146858884508219e+02
8.535279223299281739e+02
8.534357227601225304e+02
8.533486966757770915e+02
8.532562542612375864e+02
8.531689649709034029e+02
8.530762789632238992e+02
8.529887257847527735e+02
8.528957954337104184e+02
8.528079776830320498e+02
8.527148022366235409e+02
8.526267192277875893e+02
8.525332979322469100e+02
8.524449489774383437e+02
8.523512810772309649e+02
8.522626654867547131e+02
8.521687502245370069e+02
8.520798673067818072e+02
8.519857039233470459e+02
8.518965529847292828e+02
8.518021407189381762e+02
8.517127210638419683e+02
8.516180591525459249e+02
8.515283700832517297e+02
8.514334577612174826e+02
8.513434985778483224e+02
8.512483350777104079e+02
8.511581050781913973e+02
8.510626896304103184e+02
8.509721881104509293e+02
8.508765199433105408e+02
8.507857461964117647e+02
8.506898245360348483e+02
8.505987778535179586e+02
8.505026019239048765e+02
8.504112815949554260e+02
8.503148506180372124e+02
8.502232559297634680e+02
8.501265691254583317e+02
8.500346993629341341e+02
8.499377559491996408e+02
8.498456103955138587e+02
8.497484095883881992e+02
8.496559875246582578e+02
8.495585285382758229e+02
8.494658292436431566e+02
8.493681112902331733e+02
8.492751340418371910e+02
8.491771563316794982e+02
8.490839004045978982e+02
8.489856621459880444e+02
8.488921268131566649e+02
8.487936272123246226e+02
8.486998117444583158e+02
8.486010500054964041e+02
8.485069536709928570e+02
8.484079289957848005e+02
8.483135510606487060e+02
8.482142626488115411e+02
8.481196023765795644e+02
8.480200494254228261e+02
8.479251060771216544e+02
8.478252877816263435e+02
8.477300606157529046e+02
8.476299761685788781e+02
8.475344644410972705e+02
8.474341130326091616e+02
8.473383159969779399e+02
8.472376968152840391e+02
8.471416137224925933e+02
8.470407259535016919e+02
8.469443560521102654e+02
8.468431988795797452e+02
8.467465414157613850e+02
8.466451140213529243e+02
8.465481682389308844e+02
8.464464698022352422e+02
8.463492349427131103e+02
8.462472646412826407e+02
8.461497399438444518e+02
8.460474969531852594e+02
8.459496816547004983e+02
8.458471651482750531e+02
8.457490584832758032e+02
8.456462676324773611e+02
8.455478688331498915e+02
8.454448028072829402e+02
8.453461111034448550e+02
8.452427690696921445e+02
8.451437836887853337e+02
8.450401648122007146e+02
8.449408849792783940e+02
8.448369884227689681e+02
8.447374133605080715e+02
8.446332382848397629e+02
8.445333672135581082e+02
8.444289127773648715e+02
8.443287449150509474e+02
8.442240102748465915e+02
8.441235448371924122e+02
8.440185291473940197e+02
8.439177653478242291e+02
8.438124677607617059e+02
8.437114048104692756e+02
8.436058244763930816e+02
8.435044615843482916e+02
8.433985976514221647e+02
8.432969340243843135e+02
8.431907856386662843e+02
8.430888204811650439e+02
8.429823867865726470e+02
8.428801193008868040e+02
8.427733994391458054e+02
8.426708288252634702e+02
8.425638219358609149e+02
8.424609473914372302e+02
8.423536526115498191e+02
8.422504733318613717e+02
8.421428897963102145e+02
8.420394049742091056e+02
8.419315318154000352e+02
8.418277406412867094e+02
8.417195769891789041e+02
8.416154786509706582e+02
8.415070236330601574e+02
8.414026173161801125e+02
8.412938700574784434e+02
8.411891549448608885e+02
8.410801145679012052e+02
8.409750898399987591e+02
8.408657554648528958e+02
8.407604202996546974e+02
8.406507910439470379e+02
8.405451446169785186e+02
8.404352195959069149e+02
8.403292610802508307e+02
8.402190394065918326e+02
8.401127679728873545e+02
8.400022487570029170e+02
8.398956635734268730e+02
8.397848459232616278e+02
8.396779461555132684e+02
8.395668291765784943e+02
8.394596139878525491e+02
8.393481967832083228e+02
8.392406653341456604e+02
8.391289470043728898e+02
8.390210984530401674e+02
8.389090780962219469e+02
8.388009115980630668e+02
8.386885883097727401e+02
8.385801030175848609e+02
8.384674758908801095e+02
8.383586709548047793e+02
8.382457390802420605e+02
8.381366136477596456e+02
8.380233761134095403e+02
8.379139293293567334e+02
8.378003852208455555e+02
8.376906162274318604e+02
8.375767646279866767e+02
8.374666725648304464e+02
8.373525125553295538e+02
8.372420965594938025e+02
8.371276272185052676e+02
8.370168864245313216e+02
8.369021068283618661e+02
8.367910403682832339e+02
8.366759495909986981e+02
8.365645565943550537e+02
8.364491537078000647e+02
8.363374333016311084e+02
8.362217173754166879e+02
8.361096686842407735e+02
8.359936387857220552e+02
8.358812609314973088e+02
8.357649161257403421e+02
8.356522082278185053e+02
8.355355475775440937e+02
8.354225087526236848e+02
8.353055313181562269e+02
8.351921606802175120e+02
8.350748655194307730e+02
8.349611621796975669e+02
8.348435483479677259e+02
8.347295114148539596e+02
8.346115779650208424e+02
8.344972065441166933e+02
8.343789525264497797e+02
8.342642457204912034e+02
8.341456701826776907e+02
8.340306270915557434e+02
8.339117290786967942e+02
8.337963487994636580e+02
8.336771273540700804e+02
8.335614089809546385e+02
8.334418631429630295e+02
8.333258057673916710e+02
8.332059345741706693e+02
8.330895372847908220e+02
8.329693397711479292e+02
8.328526016538372687e+02
8.327320768520230558e+02
8.326149969899064445e+02
8.324941439296097769e+02
8.323767214030563082e+02
8.322555391113935457e+02
8.321377729980127924e+02
8.320162604995082347e+02
8.318981498741393352e+02
8.317763061906989606e+02
8.316578501253936793e+02
8.315356742762887734e+02
8.314168718402956983e+02
8.312943628421353424e+02
8.311752131018819227e+02
8.310523699685892325e+02
8.309328719876717741e+02
8.308096937304860603e+02
8.306898465696642688e+02
8.305663321971203459e+02
8.304461349143181224e+02
8.303222834322639301e+02
8.302017350825692574e+02
8.300775454941682483e+02
8.299566451298532002e+02
8.298321164356066220e+02
8.297108631061333881e+02
8.295859943039072277e+02
8.294643870559491461e+02
8.293391771409775401e+02
8.292172150184308066e+02
8.290916629833549223e+02
8.289693450273450708e+02
8.288434498622194724e+02
8.287207751111108109e+02
8.285945358034155106e+02
8.284715032927997527e+02
8.283449188274548760e+02
8.282215275901443192e+02
8.280945969494969177e+02
8.279708460154997738e+02
8.278435681793142749e+02
8.277194565758152294e+02
8.275918305212704809e+02
8.274673572725969279e+02
8.273393819742590267e+02
8.272145461018419610e+02
8.270862205316485642e+02
8.269610210539898389e+02
8.268323441812183319e+02
8.267067801138531422e+02
8.265777509050968774e+02
8.264518212605541976e+02
8.263224386797004399e+02
8.261961424674589125e+02
8.260664054756603036e+02
8.259397417021245928e+02
8.258096492577797108e+02
8.256826169262409394e+02
8.255521679849715611e+02
8.254247660955796846e+02
8.252939596102141877e+02
8.251661871599640108e+02
8.250350220805180470e+02
8.249068780632202333e+02
8.247753533368892249e+02
8.246468367431713204e+02
8.245149513143184095e+02
8.243860611316091536e+02
8.242538139417699767e+02
8.241245491543045318e+02
8.239919391421815362e+02
8.238622987310077406e+02
8.237293248324759816e+02
8.235993077754646947e+02
8.234659689235733140e+02
8.233355741954344467e+02
8.232018693204187230e+02
8.230710958927143110e+02
8.229370239219981613e+02
8.228058707631597599e+02
8.226714306213592636e+02
8.225398966967063643e+02
8.224050873056303317e+02
8.222731715773801398e+02
8.221379918560248825e+02
8.220056932833027759e+02
8.218701421478410793e+02
8.217374596866811771e+02
8.216015360504479759e+02
8.214684686537999596e+02
8.213321714272715326e+02
8.211987180449910966e+02
8.210620461357609656e+02
8.209282057146061788e+02
8.207911580273693062e+02
8.206569295109976565e+02
8.205195049475157703e+02
8.203848872764758653e+02
8.202470847355592696e+02
8.201120768472970894e+02
8.199738952247830639e+02
8.198384960536316157e+02
8.196999342423781627e+02
8.195641427195655524e+02
8.194251996094342303e+02
8.192890146630899153e+02
8.191496891409387899e+02
8.190131096961029016e+02
8.188734006457812029e+02
8.187364256244112539e+02
8.185963319267530096e+02
8.184589602477261678e+02
8.183184807805415630e+02
8.181807113596564704e+02
8.180398449977199107e+02
8.179016767476846326e+02
8.177604223627216697e+02
8.176218541931434629e+02
8.174802106537988493e+02
8.173412414711596057e+02
8.171992076429737608e+02
8.170598363506030637e+02
8.169174110959802420e+02
8.167776365940219421e+02
8.166348187721944214e+02
8.164946399575694613e+02
8.163514284245599129e+02
8.162108441909322210e+02
8.160672377995319948e+02
8.159262470372774487e+02
8.157822446370178113e+02
8.156408462331966120e+02
8.154964466703352173e+02
8.153546395086779057e+02
8.152098416261935654e+02
8.150676245870866978e+02
8.149224272246830196e+02
8.147797991851714414e+02
8.146342011792835365e+02
8.144911610130760664e+02
8.143451611968972657e+02
8.142017077743771551e+02
8.140553049778701507e+02
8.139114371661041787e+02
8.137646302160301275e+02
8.136203468787780366e+02
8.134731345987107716e+02
8.133284345964362956e+02
8.131808158067731256e+02
8.130356979966397830e+02
8.128876715146158176e+02
8.127421347504795222e+02
8.125936993901615324e+02
8.124477425225644538e+02
8.122988970948430278e+02
8.121525189709922188e+02
8.120032622835686880e+02
8.118564617473131193e+02
8.117067926046862567e+02
8.115595684964978318e+02
8.114094856999442982e+02
8.112618368568927281e+02
8.111113392044480861e+02
8.109632644601887250e+02
8.108123507466353885e+02
8.106638489313913851e+02
8.105125179482507747e+02
8.103635878888087518e+02
8.102118384243339051e+02
8.100624789440444147e+02
8.099103097832222602e+02
8.097605197019965999e+02
8.096079296265437506e+02
8.094577077608635136e+02
8.093046955492292227e+02
8.091540407121507315e+02
8.090006051395126860e+02
8.088495161406677880e+02
8.086956559789281300e+02
8.085441316245174903e+02
8.083898456422841718e+02
8.082378847350761362e+02
8.080831716976440475e+02
8.079307730369503133e+02
8.077756317062737708e+02
8.076227940879318794e+02
8.074672232225883590e+02
8.073139454389342973e+02
8.071579437940814614e+02
8.070042246339174881e+02
8.068477909612602161e+02
8.066936292098238255e+02
8.065367622575754467e+02
8.063821566965126522e+02
8.062248552093534499e+02
8.060698046166997983e+02
8.059120673357570013e+02
8.057565704859169955e+02
8.055983961487370379e+02
8.054424518124801580e+02
8.052838391530258377e+02
8.051274460974880185e+02
8.049683938461292882e+02
8.048115508348176945e+02
8.046520577183382557e+02
8.044947635111457203e+02
8.043348282527529136e+02
8.041770816059731715e+02
8.040167029253112787e+02
8.038585025916501081e+02
8.036976792048136531e+02
8.035390239334055877e+02
8.033777545529477493e+02
8.032186430893701754e+02
8.030569264243057432e+02
8.028973575105762848e+02
8.027351922663912092e+02
8.025751646409640898e+02
8.024125495196069551e+02
8.022520619173658361e+02
8.020889956172395614e+02
8.019280467694836716e+02
8.017645279854294813e+02
8.016031166198548590e+02
8.014391440431467117e+02
8.012772688838225577e+02
8.011128412021421354e+02
8.009505009694918272e+02
8.007856168669183035e+02
8.006228102776914284e+02
8.004574684346924869e+02
8.002941942019513135e+02
8.001283932953629119e+02
7.999646501284648821e+02
7.997983888314892056e+02
7.996341754360710183e+02
7.994674524182671576e+02
7.993027674962285118e+02
7.991355814235137132e+02
7.989704236730086677e+02
7.988027732076502616e+02
7.986371413230754115e+02
7.984690251236888798e+02
7.983029177956698277e+02
7.981343345172086856e+02
7.979677504325893551e+02
7.977986987263363972e+02
7.976316365681580010e+02
7.974621150817185935e+02
7.972945735291984874e+02
7.971245809064818104e+02
7.969565586350020112e+02
7.967860935161967291e+02
7.966175891972726504e+02
7.964466502188344066e+02
7.962776625200884837e+02
7.961062483147082958e+02
7.959367758998513409e+02
7.957648850964344547e+02
7.955949266252418965e+02
7.954225578488885731e+02
7.952521119771768099e+02
7.950792638491607249e+02
7.949083292287756422e+02
7.947350003665234226e+02
7.945635756453219756e+02
7.943897646624014897e+02
7.942178484842467014e+02
7.940435539903573954e+02
7.938711449951226768e+02
7.936963655960825008e+02
7.935234624196426694e+02
7.933481967173944440e+02
7.931747979916369786e+02
7.929990445842371400e+02
7.928251489370683203e+02
7.926489064186954465e+02
7.924745124740468327e+02
7.922977794349977785e+02
7.921228858128304182e+02
7.919456608395214516e+02
7.917702661558430464e+02
7.915925478308017773e+02
7.914166506976602022e+02
7.912384375995238770e+02
7.910620366250074085e+02
7.908833273285100631e+02
7.907064211167466965e+02
7.905272141927076746e+02
7.903498013438539829e+02
7.901700953591591770e+02
7.899921744693915571e+02
7.898119679869747642e+02
7.896335376484694279e+02
7.894528292272892713e+02
7.892738880282100808e+02
7.890926762232331839e+02
7.889132227477089145e+02
7.887315061098848901e+02
7.885515389379902444e+02
7.883693160142319130e+02
7.881888337219763798e+02
7.880061030551420345e+02
7.878251042144491976e+02
7.876418643433335092e+02
7.874603475220262681e+02
7.872765969813403899e+02
7.870945607431291364e+02
7.869102980635019549e+02
7.867277409679658149e+02
7.865429646759266689e+02
7.863598852785077042e+02
7.861745938964847937e+02
7.859909907484700398e+02
7.858051827947767833e+02
7.856210544432810821e+02
7.854347284321088409e+02
7.852500734200531269e+02
7.850632278614571078e+02
7.848780447275486267e+02
7.846906781274326477e+02
7.845049654061353976e+02
7.843170762662355173e+02
7.841308324877442146e+02
7.839424193056098602e+02
7.837556429958202671e+02
7.835667042648012739e+02
7.833793939452732502e+02
7.831899281544967835e+02
7.830020823424471246e+02
7.828120879768098348e+02
7.826237051850758917e+02
7.824331807252418685e+02
7.822442594622783645e+02
7.820532033846716331e+02
7.818637421545375901e+02
7.816721529313554129e+02
7.814821502337148331e+02
7.812900263329330528e+02
7.810994806630610583e+02
7.809068205484539931e+02
7.807157303972460340e+02
7.805225325283992106e+02
7.803308963823772046e+02
7.801371592147103229e+02
7.799449755560327731e+02
7.797506975407991376e+02
7.795579648472694316e+02
7.793631444315698218e+02
7.791698611766294107e+02
7.789744968034056001e+02
7.787806614561228571e+02
7.785847515641447671e+02
7.783903625891979345e+02
7.781939056130410108e+02
7.779989614706945531e+02
7.778019558407114573e+02
7.776064549867843425e+02
7.774088991290667536e+02
7.772128400149006211e+02
7.770147323512449020e+02
7.768181134236720027e+02
7.766194523715461173e+02
7.764222720728581635e+02
7.762230560453632506e+02
7.760253128132894744e+02
7.758255402191356325e+02
7.756272324868308488e+02
7.754269017303182636e+02
7.752280279263500233e+02
7.750271374073595325e+02
7.748276959557077816e+02
7.746262440696899603e+02
7.744262333897612507e+02
7.742242185277364115e+02
7.740236370343637873e+02
7.738210575829226627e+02
7.736199036863710035e+02
7.734167580276720173e+02
7.732150301336467919e+02
7.730113166454030988e+02
7.728090131550430897e+02
7.726047302105089329e+02
7.724018495203750945e+02
7.721969954883254559e+02
7.719935359903817016e+02
7.717881092350755807e+02
7.715840693166589972e+02
7.713780681978092844e+02
7.711734462415990947e+02
7.709668691143276646e+02
7.707616634983157837e+02
7.705545087131235960e+02
7.703487178105734756e+02
7.701409837133018073e+02
7.699346058927287686e+02
7.697262908245409108e+02
7.695193244496925900e+02
7.693104267470573632e+02
7.691028701768993869e+02
7.688933881715897769e+02
7.686852397603163354e+02
7.684751717794196111e+02
7.682664298764647128e+02
7.680557742423957279e+02
7.678464371924411580e+02
7.676351922229680440e+02
7.674252583659670108e+02
7.672134223742359609e+02
7.670028900454229870e+02
7.667904613399723530e+02
7.665793288698816923e+02
7.663663057546548316e+02
7.661545714691113744e+02
7.659409522434626751e+02
7.657286144635722849e+02
7.655143974222482939e+02
7.653014544643701811e+02
7.650866378974919826e+02
7.648730880732075548e+02
7.646576702662358684e+02
7.644435118822927961e+02
7.642274911159920521e+02
7.640127224742609542e+02
7.637960970246519992e+02
7.635807164220781260e+02
7.633634845603994563e+02
7.631474902889500527e+02
7.629296502816217753e+02
7.627130406282547028e+02
7.624945907368523876e+02
7.622773639834808819e+02
7.620583024647177126e+02
7.618404568881951491e+02
7.616207819939121464e+02
7.614023158660232866e+02
7.611820258431888533e+02
7.609629374306473437e+02
7.607420305213628353e+02
7.605223180858087062e+02
7.603007925273102501e+02
7.600804543253257179e+02
7.598583083499893291e+02
7.596373426330872007e+02
7.594145744684248029e+02
7.591929794830446099e+02
7.589695873516874371e+02
7.587473613391867957e+02
7.585233434588700447e+02
7.583004846554966889e+02
7.580758392390243898e+02
7.578523458758961624e+02
7.576270711311132118e+02
7.574029414341875963e+02
7.571770355639378067e+02
7.569522677539758888e+02
7.567257289560723166e+02
7.565003212486210487e+02
7.562731477158127973e+02
7.560470983211831708e+02
7.558192882411316305e+02
7.555925953643931052e+02
7.553641469196553544e+02
7.551368087606405197e+02
7.549077201286742138e+02
7.546797348819867466e+02
7.544500042351514821e+02
7.542213700901900211e+02
7.539909955957582497e+02
7.537617107367333347e+02
7.535306905569032097e+02
7.533007531628699098e+02
7.530690854547759727e+02
7.528384936996413899e+02
7.526061766153609369e+02
7.523749286679008037e+02
7.521419603544489974e+02
7.519100543783060857e+02
7.516764329776177647e+02
7.514438671312898350e+02
7.512095907801934800e+02
7.509763632170095207e+02
7.507414300471994011e+02
7.505075389152889329e+02
7.502719470532670130e+02
7.500373904955221178e+02
7.498011380625700895e+02
7.495659142166019819e+02
7.493289993287284005e+02
7.490931063268345724e+02
7.488555270947407507e+02
7.486189630638710923e+02
7.483807175929140385e+02
7.481434806546479876e+02
7.479045670448223291e+02
7.476666553153439736e+02
7.474270716612696788e+02
7.471884832513728725e+02
7.469482276422863833e+02
7.467089606573581477e+02
7.464680311771155630e+02
7.462280837171432495e+02
7.459864784442230530e+02
7.457458486037871808e+02
7.455035656112820561e+02
7.452622514795541520e+02
7.450192888351679130e+02
7.447772884958982331e+02
7.445336442619410491e+02
7.442909557934353870e+02
7.440466280267896764e+02
7.438032495018835561e+02
7.435582362539889800e+02
7.433141657400128679e+02
7.430684650568240386e+02
7.428237006155653717e+02
7.425773105375232035e+02
7.423318502251863720e+02
7.420847687871855669e+02
7.418386106543603091e+02
7.415908358857128633e+02
7.413439779773458440e+02
7.410955079017675189e+02
7.408479482571419794e+02
7.405987808927379774e+02
7.403505175454658911e+02
7.401006509047274449e+02
7.398516818827537236e+02
7.396011139725649173e+02
7.393514372981712768e+02
7.391001661198174588e+02
7.388497798096362885e+02
7.385978033588213520e+02
7.383467054238521996e+02
7.380940216907060858e+02
7.378422101363241836e+02
7.375888171054085660e+02
7.373362899313769958e+02
7.370821855816830066e+02
7.368289407821399664e+02
7.365741230870775098e+02
7.363201586505321075e+02
7.360646255779003013e+02
7.358099394872039056e+02
7.355536889991707312e+02
7.352982792314870721e+02
7.350413092845358278e+02
7.347851738113113242e+02
7.345274823562009487e+02
7.342706191431196885e+02
7.340122041248446294e+02
7.337546111317968780e+02
7.334954704895401392e+02
7.332371456705926676e+02
7.329772773376902251e+02
7.327182186410550457e+02
7.324576205449698136e+02
7.321978259129894013e+02
7.319364959752848563e+02
7.316759633444247584e+02
7.314138994807519794e+02
7.311526267815892197e+02
7.308898269016800668e+02
7.306278120589055334e+02
7.303642740665623023e+02
7.301015149989777910e+02
7.298372367920695751e+02
7.295737314125883586e+02
7.293087108830397938e+02
7.290444570986697954e+02
7.287786921324443483e+02
7.285136878442885973e+02
7.282471763213764007e+02
7.279814194246006309e+02
7.277141592189884705e+02
7.274476476028013394e+02
7.271796365824457098e+02
7.269123681300725366e+02
7.266436041568750852e+02
7.263755767455166961e+02
7.261060576752910265e+02
7.258372691761002216e+02
7.255669928585435855e+02
7.252974411365958076e+02
7.250264054152711424e+02
7.247560883295443546e+02
7.244842910418607289e+02
7.242132064452086979e+02
7.239406454224185836e+02
7.236687911615661051e+02
7.233954642287637853e+02
7.231228381442971340e+02
7.228487431204151790e+02
7.225753430467789258e+02
7.223004777446003573e+02
7.220263015100937309e+02
7.217506637362550919e+02
7.214757091630314108e+02
7.211992967180260621e+02
7.209235616220803422e+02
7.206463723002589177e+02
7.203698544914153672e+02
7.200918860809840680e+02
7.198145833628773289e+02
7.195358336458781423e+02
7.192577438159312351e+02
7.189782105682263591e+02
7.186993314176212380e+02
7.184190124088713674e+02
7.181393417225090161e+02
7.178582347161468533e+02
7.175777702726152256e+02
7.172958730258210380e+02
7.170146125973627704e+02
7.167319228610328992e+02
7.164498642135071123e+02
7.161663797322320306e+02
7.158835206250910232e+02
7.155992391371322583e+02
7.153155773233910395e+02
7.150304965606684391e+02
7.147460297868885846e+02
7.144601474749570116e+02
7.141748734812300654e+02
7.138881873392730313e+02
7.136021038592043624e+02
7.133146116000225447e+02
7.130277163607212287e+02
7.127394156907178058e+02
7.124517064127818458e+02
7.121625950319551066e+02
7.118740694294585865e+02
7.115841450313739642e+02
7.112948008118522694e+02
7.110040610836331325e+02
7.107138959480636231e+02
7.104223385703629674e+02
7.101313502131438327e+02
7.098389728601212028e+02
7.095471589690514520e+02
7.092539593083498630e+02
7.089613175646070431e+02
7.086672932573161461e+02
7.083738213354331492e+02
7.080789700360696770e+02
7.077846656039182562e+02
7.074889849604003302e+02
7.071938456791697263e+02
7.068973333327952560e+02
7.066013568569819654e+02
7.063040104424030687e+02
7.060071944197906078e+02
7.057090115650070175e+02
7.054113536366634207e+02
7.051123319629922435e+02
7.048138297632594913e+02
7.045139668853336161e+02
7.042146180418110362e+02
7.039139115675575340e+02
7.036137137011027107e+02
7.033121612317265772e+02
7.030111119564348883e+02
7.027087110864018769e+02
7.024068080095913729e+02
7.021035563266108284e+02
7.018007970488081355e+02
7.014966921338066186e+02
7.011930742487210182e+02
7.008881136758179764e+02
7.005836347703220781e+02
7.002778161068024474e+02
6.999724737609016074e+02
6.996657945671980769e+02
6.993595863540077744e+02
6.990520441836649752e+02
6.987449676693861420e+02
6.984365600690427982e+02
6.981286128129320332e+02
6.978193373222942455e+02
6.975105168766422139e+02
6.972003710284667477e+02
6.968906749385791954e+02
6.965796562586492655e+02
6.962690820628209849e+02
6.959571880699347730e+02
6.956457332994343687e+02
6.953329615053861517e+02
6.950206236844306886e+02
6.947069715939967409e+02
6.943937482397363965e+02
6.940792133506591881e+02
6.937651019731541737e+02
6.934496817761266811e+02
6.931346798783274608e+02
6.928183718569750909e+02
6.925024769347028268e+02
6.921852785655652269e+02
6.918684881074863142e+02
6.915503968600032749e+02
6.912327083476072858e+02
6.909137216840916835e+02
6.905951325916691985e+02
6.902752479672958543e+02
6.899557557619158388e+02
6.896349706246973028e+02
6.893145727661894853e+02
6.889928845569542091e+02
6.886715784978832744e+02
6.883489846502687897e+02
6.880267678359163028e+02
6.877032657763459156e+02
6.873801356446999762e+02
6.870557227923646906e+02
6.867316767740986734e+02
6.864063505409408208e+02
6.860813860593990512e+02
6.857551438500973973e+02
6.854292583212787804e+02
6.851020975332266971e+02
6.847752883657659595e+02
6.844472063890523259e+02
6.841194709842055772e+02
6.837904652015937472e+02
6.834618009532143788e+02
6.831318687401117131e+02
6.828022730346297067e+02
6.824714117590665410e+02
6.821408819754681190e+02
6.818090889980661586e+02
6.814776225078627476e+02
6.811448951818039177e+02
6.808124893490145269e+02
6.804788250200082302e+02
6.801454772011271643e+02
6.798108732073851570e+02
6.794765807513635991e+02
6.791410344235636103e+02
6.788057946717834739e+02
6.784693033330495382e+02
6.781331136193014117e+02
6.777956745851712412e+02
6.774585322356368806e+02
6.771201428140431062e+02
6.767820451472775858e+02
6.764427026385271802e+02
6.761036469654402481e+02
6.757633486621947441e+02
6.754233322860403632e+02
6.750820754732955038e+02
6.747410956896504786e+02
6.743988776447238251e+02
6.740569317414807529e+02
6.737137497339909942e+02
6.733708349913379152e+02
6.730266862831877006e+02
6.726827999735867252e+02
6.723376818189477717e+02
6.719928212071208691e+02
6.716467308524100872e+02
6.713008931953124829e+02
6.709538278791767425e+02
6.706070104259760001e+02
6.702589673792664371e+02
6.699111673713180153e+02
6.695621438170775264e+02
6.692133584878965848e+02
6.688633516413298139e+02
6.685135782165668843e+02
6.681625852850258980e+02
6.678118209824391442e+02
6.674598391654017178e+02
6.671080811948339715e+02
6.667551076838880135e+02
6.664023532472376701e+02
6.660483852260616686e+02
6.656946315172606319e+02
6.653396661616103529e+02
6.649849103665965231e+02
6.646289448442842058e+02
6.642731841409754452e+02
6.639162156118607072e+02
6.635594471701311932e+02
6.632014727860996572e+02
6.628436937677531660e+02
6.624847106726932680e+02
6.621259182314297504e+02
6.617659235612159137e+02
6.614061148426031878e+02
6.610451057250719487e+02
6.606842778665103424e+02
6.603222514214335206e+02
6.599604015521216525e+02
6.595973548911799753e+02
6.592344801320770102e+02
6.588704103588315775e+02
6.585065078226231208e+02
6.581414120324782289e+02
6.577764788235390370e+02
6.574103541037231935e+02
6.570443873180805667e+02
6.566772307476104515e+02
6.563102274729151304e+02
6.559420361225731995e+02
6.555739934380688965e+02
6.552047643703763242e+02
6.548356793468768728e+02
6.544654096160750214e+02
6.540952793159416387e+02
6.537239659679697752e+02
6.533527874450938953e+02
6.529804275175744124e+02
6.526081978173630205e+02
6.522347883395876806e+02
6.518615044989451235e+02
6.514870424918553908e+02
6.511127015391753048e+02
6.507371840153524545e+02
6.503617829704992346e+02
6.499852069341360448e+02
6.496087428084347266e+02
6.492311052553267245e+02
6.488535750515430891e+02
6.484748729690600157e+02
6.480962736813828542e+02
6.477165040484433121e+02
6.473368326624625979e+02
6.469559924495094947e+02
6.465752459421970570e+02
6.461933321111677060e+02
6.458115074508521047e+02
6.454285169551435501e+02
6.450456111014914313e+02
6.446615408859381660e+02
6.442775507899206104e+02
6.438923977907612652e+02
6.435073203946426474e+02
6.431210815394945257e+02
6.427349137768079572e+02
6.423475859846366802e+02
6.419603247801630914e+02
6.415719049612592926e+02
6.411835472310086743e+02
6.407940322869600323e+02
6.404045749381523365e+02
6.400139617618209513e+02
6.396234016928619894e+02
6.392316871683556201e+02
6.388400212688153488e+02
6.384472022714620607e+02
6.380544274220475245e+02
6.376605008183587415e+02
6.372666138908895164e+02
6.368715765385319401e+02
6.364765743959052315e+02
6.360804231436599139e+02
6.356843026398169059e+02
6.352870343275476444e+02
6.348897923074364371e+02
6.344914037660457780e+02
6.340930370655896695e+02
6.336935251169855974e+02
6.332940305630390867e+02
6.328933920201004639e+02
6.324927664304245809e+02
6.320909980969638582e+02
6.316892382801892154e+02
6.312863369509306040e+02
6.308834397065338635e+02
6.304794021670830944e+02
6.300753642853649126e+02
6.296701873121902509e+02
6.292650055742554969e+02
6.288586859346746678e+02
6.284523571124173031e+02
6.280448915645754369e+02
6.276374124206628267e+02
6.272287977135271149e+02
6.268201650013851349e+02
6.264103978747210704e+02
6.260006083385208058e+02
6.255896855228841105e+02
6.251787358975238931e+02
6.247666541142370988e+02
6.243545411253189741e+02
6.239412970864465251e+02
6.235280174502584032e+02
6.231136078585791438e+02
6.226991582820593294e+02
6.222835798310374003e+02
6.218679570117507183e+02
6.214512063855019051e+02
6.210344070116070725e+02
6.206164808848652683e+02
6.201985016350829483e+02
6.197793966731665023e+02
6.193602342167496317e+02
6.189399470755286075e+02
6.185195980722393188e+02
6.180981253981004784e+02
6.176765864981770164e+02
6.172539249279984688e+02
6.168311927721424581e+02
6.164073389332652368e+02
6.159834101526156473e+02
6.155583606628194957e+02
6.151332318789297915e+02
6.147069833464040585e+02
6.142806511712286692e+02
6.138532001945457068e+02
6.134256612304151304e+02
6.129970043985024404e+02
6.125682552381008463e+02
6.121383891302048141e+02
6.117084263565378706e+02
6.112773475421890907e+02
6.108461677285541782e+02
6.104138727675236851e+02
6.099814724774784054e+02
6.095479579197356088e+02
6.091143337070528787e+02
6.086795960927209990e+02
6.082447445013524430e+02
6.078087803606601938e+02
6.073726979246979454e+02
6.069355037779395161e+02
6.064981870215804065e+02
6.060597593790687370e+02
6.056212048165757551e+02
6.051815401786129769e+02
6.047417443142863931e+02
6.043008391711282457e+02
6.038597984992842385e+02
6.034176493311144895e+02
6.029753603360589977e+02
6.025319636129740957e+02
6.020884227689921318e+02
6.016437749509756259e+02
6.011989787223127450e+02
6.007530762592300562e+02
6.003070211000768950e+02
5.998598604316550791e+02
5.994125427861308708e+02
5.989641203419456588e+02
5.985155366440825446e+02
5.980658488435412892e+02
5.976159955172602167e+02
5.971650387695787003e+02
5.967139122286629345e+02
5.962616829328425183e+02
5.958092795809035351e+02
5.953557741257086491e+02
5.949020903561530531e+02
5.944473051200699274e+02
5.939923373160637539e+02
5.935362686672749533e+02
5.930800132017011492e+02
5.926226574980524902e+02
5.921651107334755579e+02
5.917064643224433667e+02
5.912476226110651396e+02
5.907876818297311274e+02
5.903275415133581419e+02
5.898663026883801876e+02
5.894048600983869619e+02
5.889423195459742146e+02
5.884795710032731222e+02
5.880157250291612172e+02
5.875516668441678121e+02
5.870865117435959064e+02
5.866211402161995920e+02
5.861546722738883091e+02
5.856879836934128889e+02
5.852201991835351009e+02
5.847521898287112663e+02
5.842830850148668560e+02
5.838137511537918272e+02
5.833433222889747185e+02
5.828726601790682480e+02
5.824009035056336643e+02
5.819289093936000654e+02
5.814558211432237158e+02
5.809824912650076385e+02
5.805080676586519530e+02
5.800333982393910901e+02
5.795576354872613365e+02
5.790816227412442458e+02
5.786045170427534003e+02
5.781271571733751671e+02
5.776487047171059430e+02
5.771699939168346418e+02
5.766901908804998129e+02
5.762101253308379682e+02
5.757289678812586544e+02
5.752475437527136819e+02
5.747650280457866074e+02
5.742822414978404595e+02
5.737983636785133967e+02
5.733142108596050548e+02
5.728289670618568152e+02
5.723434441093540954e+02
5.718568304561662217e+02
5.713699334963481533e+02
5.708819460996879798e+02
5.703936712477195670e+02
5.699043062085147540e+02
5.694146495684283309e+02
5.689239029765406030e+02
5.684328606412103682e+02
5.679407285754090253e+02
5.674482966265227333e+02
5.669547751544511129e+02
5.664609496624801750e+02
5.659660348406225694e+02
5.654708118647905621e+02
5.649744997384334511e+02
5.644778753266850799e+02
5.639801619298825699e+02
5.634821321188403545e+02
5.629830134743746157e+02
5.624835742893089900e+02
5.619830464086537631e+02
5.614821938634490834e+02
5.609802527467292066e+02
5.604779828438464619e+02
5.599746244797987629e+02
5.594709332102430608e+02
5.589661535761827054e+02
5.584610369194656414e+02
5.579548319812494128e+02
5.574482859053533730e+02
5.569406516173414730e+02
5.564326720786940541e+02
5.559236043837140642e+02
5.554141873271382792e+02
5.549036821564462798e+02
5.543928235151347508e+02
5.538808767883793962e+02
5.533685724838461510e+02
5.528551801090237632e+02
5.523414260510694476e+02
5.518265839244846802e+02
5.513113760111543797e+02
5.507950800173789503e+02
5.502784141349194442e+02
5.495871594734801420e+02
5.483742753781724559e+02
5.475028747485742997e+02
5.462853527480306184e+02
5.454067593793239439e+02
5.441845611928857807e+02
5.432987457883045863e+02
5.420718329647388600e+02
5.411787660037779233e+02
5.399470999199783137e+02
5.390467516571492297e+02
5.378102935168332124e+02
5.369026339804124746e+02
5.356613448128068740e+02
5.347463438035705394e+02
5.335001844620854854e+02
5.325778115520314486e+02
5.313267427129280804e+02
5.303969672439773149e+02
5.291409494050241165e+02
5.282037404877147537e+02
5.269427339668325203e+02
5.259980604789921017e+02
5.247320254128851502e+02
5.237798559982898041e+02
5.225087523410657013e+02
5.215490554080708989e+02
5.202728429298468882e+02
5.193055866500188813e+02
5.180242249355194417e+02
5.170493772422331631e+02
5.157628256893642629e+02
5.147803542763875839e+02
5.134885720948070684e+02
5.124984444148742568e+02
5.112013906245536532e+02
5.102035738879035307e+02
5.089012073176508011e+02
5.078956684905558632e+02
5.065879477765515730e+02
5.055746535798216996e+02
5.042615371641192610e+02
5.032404540715872940e+02
5.019219002006116739e+02
5.008929944375930745e+02
4.995689611606082963e+02
4.985321987023467045e+02
4.972026438699189157e+02
4.961579904399850420e+02
4.948228717024235834e+02
4.937702927711279131e+02
4.924295675769034801e+02
4.913690283596516792e+02
4.900226539538027737e+02
4.889541194094423417e+02
4.876020528319576215e+02
4.865254876610935639e+02
4.851676857452858940e+02
4.840830543885775228e+02
4.827194737594271032e+02
4.816267403958627824e+02
4.802573374683513521e+02
4.791564660134872042e+02
4.777811969909137133e+02
4.766721510950962966e+02
4.752909719673635891e+02
4.741737150139177857e+02
4.727865815558051850e+02
4.716610766592028767e+02
4.702679444286146691e+02
4.691341544326016333e+02
4.677349787687992375e+02
4.665928662444985662e+02
4.651876022662943342e+02
4.640371295102816589e+02
4.626257321142210799e+02
4.614668611465494905e+02
4.600492850050553102e+02
4.588819775672621404e+02
4.574581771267548902e+02
4.562823946798188217e+02
4.548523241588082442e+02
4.536680278810698042e+02
4.522316412682100690e+02
4.510387920532542125e+02
4.495960431053786124e+02
4.483946015598787085e+02
4.469454437999950187e+02
4.457353702415128964e+02
4.442797569567687788e+02
4.430610114115135616e+02
4.415988956511290553e+02
4.403714378516585271e+02
4.389027724248240929e+02
4.376665618077195745e+02
4.361912992814478685e+02
4.349462949849202573e+02
4.334643876818676063e+02
4.322105485433174294e+02
4.307219485395535798e+02
4.294592330930642561e+02
4.279638922158040941e+02
4.266922586895969971e+02
4.251901285148786087e+02
4.239095348286813874e+02
4.224005666790006330e+02
4.211109704413621557e+02
4.195951153832420459e+02
4.182964738887666840e+02
4.167736827302771303e+02
4.154659529567981053e+02
4.139361762450198512e+02
4.126193148506928310e+02
4.110825028691214698e+02
4.097564661894377309e+02
4.082125689553271286e+02
4.068773130000597007e+02
4.053262802616974341e+02
4.039817607117542480e+02
4.024235419456894647e+02
4.010697141498892506e+02
3.995042585580740138e+02
3.981410775298190856e+02
3.965683340366799143e+02
3.951957544505496571e+02
3.936156716999909122e+02
3.922336478882244819e+02
3.906461742405519431e+02
3.892546601894320020e+02
3.876597437181784471e+02
3.862586930642846141e+02
3.846562815529408681e+02
3.832456475793032951e+02
3.816356885179682763e+02
3.802154241500834360e+02
3.785978647319932406e+02
3.771679225337020398e+02
3.755427096516390861e+02
3.741030418208487731e+02
3.724701220634280503e+02
3.710206804276865569e+02
3.693800000755247197e+02
3.679207360874400479e+02
3.662722411091947947e+02
3.648031058416967198e+02
3.631467418899600261e+02
3.616676860313439761e+02
3.600033984383404118e+02
