-3.185621728702499443e-09
-3.185621720609866842e-09
-3.185621760452384652e-09
-3.185622409872346375e-09
-3.185626590716541275e-09
-3.185644978032951711e-09
-3.185706801438641173e-09
-3.185873140873408231e-09
-3.186239925863940444e-09
-3.186913838559037573e-09
-3.187964030765408608e-09
-3.189389566013224194e-09
-3.191145359522549383e-09
-3.193205827870980839e-09
-3.195593588636671304e-09
-3.198355754022614883e-09
-3.201546114487647363e-09
-3.205231722470432300e-09
-3.207357407177355986e-09
-3.209496956143709869e-09
-3.211938666528615424e-09
-3.214424334650959278e-09
-3.217231659055072725e-09
-3.220116797279006389e-09
-3.223346979380432859e-09
-3.226693057177634660e-09
-3.230412220733624602e-09
-3.234290100722557192e-09
-3.238574828550665958e-09
-3.243066406864583038e-09
-3.248005392562662793e-09
-3.253205277840207270e-09
-3.258900897140074590e-09
-3.261883123266518198e-09
-3.264970233311470487e-09
-3.266573704456574271e-09
-3.268173514891411389e-09
-3.269835062801761515e-09
-3.271494503332729329e-09
-3.273216272106895737e-09
-3.274937523193821666e-09
-3.276721737623313364e-09
-3.278507058009567511e-09
-3.280356026415394130e-09
-3.282207756149731844e-09
-3.284123873261605520e-09
-3.286044436887702222e-09
-3.288030186772760306e-09
-3.290022096689025991e-09
-3.292080055737994005e-09
-3.294145915729701455e-09
-3.296278755709966691e-09
-3.298421264654741450e-09
-3.300631755841294037e-09
-3.302853711587796562e-09
-3.305144725984154554e-09
-3.307449029402511117e-09
-3.309823544064557187e-09
-3.312213203265689896e-09
-3.314674303741775713e-09
-3.317152438461463064e-09
-3.319703322362261077e-09
-3.322273168504606555e-09
-3.324917149216168256e-09
-3.327582063550292975e-09
-3.330322574103680041e-09
-3.333086039107142751e-09
-3.335926636218009059e-09
-3.338792265060687206e-09
-3.341736633352372939e-09
-3.344708175015450038e-09
-3.347760131439518419e-09
-3.350841475965705278e-09
-3.354004974434345496e-09
-3.357200158307383157e-09
-3.360479294552625387e-09
-3.363792506199461431e-09
-3.365498281823550886e-09
-3.367179063704906704e-09
-3.368915415189894955e-09
-3.370627283740971731e-09
-3.372394765984761211e-09
-3.374138289302567760e-09
-3.375937466867386708e-09
-3.377713223832010332e-09
-3.379544671130331155e-09
-3.381353251590803060e-09
-3.383217553075952866e-09
-3.385059558037868441e-09
-3.386957308399900445e-09
-3.388833350214561142e-09
-3.390765154581659912e-09
-3.392675857136673857e-09
-3.394642331282230052e-09
-3.396588330193586690e-09
-3.398590100749024429e-09
-3.400572043554736679e-09
-3.402609748228110495e-09
-3.404628294583505476e-09
-3.406702582383918962e-09
-3.408758404258706328e-09
-3.410869935726526845e-09
-3.412963717603748958e-09
-3.415113165046655616e-09
-3.417245604123657280e-09
-3.419433651858493657e-09
-3.421605458250048724e-09
-3.423832802850446004e-09
-3.426044699794201743e-09
-3.428312050343980944e-09
-3.430564774408340934e-09
-3.432872852760627649e-09
-3.435167154055280829e-09
-3.437516695097305595e-09
-3.439853337486540009e-09
-3.442245089410092036e-09
-3.444624850729071550e-09
-3.447059575306544196e-09
-3.449483247580738830e-09
-3.451961720446726696e-09
-3.454430110114693458e-09
-3.456953121053082378e-09
-3.459467049192783948e-09
-3.462035402429298714e-09
-3.464595704988168014e-09
-3.467210219488313736e-09
-3.469817747517277387e-09
-3.472479257289645114e-09
-3.475134877181318367e-09
-3.477844231586216516e-09
-3.480548825317503743e-09
-3.483306889380861144e-09
-3.486061354760179861e-09
-3.488869009492709676e-09
-3.491674260412092854e-09
-3.494532403133689242e-09
-3.497389369825997535e-09
-3.500298914495352644e-09
-3.503208543796821519e-09
-3.506170421346266960e-09
-3.509133676964688157e-09
-3.512148835640232413e-09
-3.515166698428990202e-09
-3.518236104135601596e-09
-3.521309572373809483e-09
-3.524434209025948441e-09
-3.527564298704980397e-09
-3.530745168582404568e-09
-3.533932913699045359e-09
-3.537171037807927721e-09
-3.540417490664412404e-09
-3.543713909103823636e-09
-3.547020140615015220e-09
-3.550375912948812108e-09
-3.553743012956757659e-09
-3.557159218590931314e-09
-3.560588296187047151e-09
-3.564066034752603819e-09
-3.567558218607709822e-09
-3.571098610349123587e-09
-3.574655049051561548e-09
-3.578259235220896527e-09
-3.581881097622935189e-09
-3.585550240879665764e-09
-3.589238716452379920e-09
-3.592974001269018190e-09
-3.596730300465855650e-09
-3.600532933539410919e-09
-3.604358288168585504e-09
-3.608229498837945144e-09
-3.612125162443837666e-09
-3.616066203113135111e-09
-3.620033451366820239e-09
-3.624045597934832712e-09
-3.628085729033866521e-09
-3.632170281329531831e-09
-3.636284616407129516e-09
-3.640442898631211288e-09
-3.644632782174867142e-09
-3.648866143347880978e-09
-3.653132943627566295e-09
-3.657442758043967275e-09
-3.661787867549963250e-09
-3.666175535238723408e-09
-3.670600371129157697e-09
-3.675067318320778131e-09
-3.679573322878926275e-09
-3.684121002478982748e-09
-3.688709643580381201e-09
-3.693339535649565583e-09
-3.698012307238531025e-09
-3.702725919477313375e-09
-3.707484342044281344e-09
-3.709883095935892254e-09
-3.712284862655593526e-09
-3.714705022066467602e-09
-3.717128886668512074e-09
-3.719570649242692170e-09
-3.722016808300433346e-09
-3.724480373544786706e-09
-3.726949025344871385e-09
-3.729434594645313546e-09
-3.731925939204041799e-09
-3.734433715841613676e-09
-3.736947954921660717e-09
-3.739478144088578387e-09
-3.742015481216007608e-09
-3.744568290031701343e-09
-3.747128930513244533e-09
-3.749704568040463181e-09
-3.752288718981012913e-09
-3.754887396241977076e-09
-3.757495266562309052e-09
-3.760117196554960227e-09
-3.762748997009645047e-09
-3.765394394723998984e-09
-3.768050337919513265e-09
-3.770719420354098529e-09
-3.773399720767127105e-09
-3.776092706945555984e-09
-3.778797580941485179e-09
-3.781514691929118891e-09
-3.784244357780725844e-09
-3.786985816701473751e-09
-3.789740494607784473e-09
-3.792506526661029020e-09
-3.795286438766383257e-09
-3.798077271244027340e-09
-3.800882641657322929e-09
-3.803698503960962991e-09
-3.806529558775095429e-09
-3.809370682433346757e-09
-3.812227649744826623e-09
-3.815094268430765278e-09
-3.817977378359543262e-09
-3.820869727908309312e-09
-3.823779212617776623e-09
-3.826697531044308067e-09
-3.829633624761497832e-09
-3.832578152278418378e-09
-3.835541091314398129e-09
-3.838512070350062971e-09
-3.841502093120514898e-09
-3.844499768337196279e-09
-3.847517115383208414e-09
-3.850541733695454900e-09
-3.853586647704480219e-09
-3.856638458297630657e-09
-3.859711184124676967e-09
-3.862790438473532428e-09
-3.865891223162526789e-09
-3.868998175050206157e-09
-3.872127267855552031e-09
-3.875262173392514672e-09
-3.878419825800874903e-09
-3.881582943444105464e-09
-3.884769409196360612e-09
-3.887960999768750691e-09
-3.891176534882170779e-09
-3.894396861592064377e-09
-3.897641724382684959e-09
-3.900891052843628242e-09
-3.904165503948815885e-09
-3.907444102199474041e-09
-3.910748404600709364e-09
-3.914056543124991077e-09
-3.917390962170853616e-09
-3.920728913918215046e-09
-3.924093717347569956e-09
-3.927461757753532950e-09
-3.930857215718923672e-09
-3.934255622725779268e-09
-3.937682007817037744e-09
-3.941111061894756473e-09
-3.944568649162802789e-09
-3.948028633330150937e-09
-3.951517700311029536e-09
-3.955008900156900482e-09
-3.958529726895997529e-09
-3.962052430600941599e-09
-3.965605299677433134e-09
-3.969159798035416588e-09
-3.972744994586920161e-09
-3.976331581027288492e-09
-3.979949392774726560e-09
-3.983568363384399407e-09
-3.987219080657076964e-09
-3.990870734202948985e-09
-3.994554649963860332e-09
-3.998239287915444451e-09
-4.001956697786764415e-09
-4.005674624339054265e-09
-4.009425826627876754e-09
-4.013177348724436597e-09
-4.016962644448705885e-09
-4.020748071805002066e-09
-4.024567764719681478e-09
-4.028387409846642187e-09
-4.032241806470087927e-09
-4.036095984697902838e-09
-4.039985394338461152e-09
-4.043874423840620117e-09
-4.047799158623460207e-09
-4.051723360441032664e-09
-4.055683735335175642e-09
-4.059643433401350581e-09
-4.063639766246932513e-09
-4.067635287411783436e-09
-4.071667898947559097e-09
-4.075699573003074505e-09
-4.079768786894120488e-09
-4.083836946599484172e-09
-4.087943089465144356e-09
-4.092048070572267984e-09
-4.096191472014327304e-09
-4.100333613293642739e-09
-4.104514605924720990e-09
-4.108694249191234822e-09
-4.112913168663422825e-09
-4.117130658803027335e-09
-4.121387843836748920e-09
-4.125643528832805185e-09
-4.129939321245909964e-09
-4.134233552206098134e-09
-4.138568296943199939e-09
-4.142901428126634223e-09
-4.147275473288672891e-09
-4.151647862133296949e-09
-4.156061559007356525e-09
-4.160473566157602732e-09
-4.164927269246951363e-09
-4.169379258581696208e-09
-4.173873325636083286e-09
-4.178365664296864984e-09
-4.182900456343050727e-09
-4.187433514762581305e-09
-4.192009396135130211e-09
-4.196583548066085531e-09
-4.201200886438385651e-09
-4.205816508982494872e-09
-4.210475675398040126e-09
-4.215133149035455575e-09
-4.219834517939383668e-09
-4.224534226558347675e-09
-4.229278175829227819e-09
-4.234020506756037337e-09
-4.238807417737909438e-09
-4.243592761767184230e-09
-4.248423019301868567e-09
-4.253251770727108918e-09
-4.258125763186771410e-09
-4.262998319831230985e-09
-4.267916439151207376e-09
-4.272833202399080415e-09
-4.277795844110976730e-09
-4.282757218938868130e-09
-4.287764782203933284e-09
-4.292771177212667830e-09
-4.297824064855420167e-09
-4.302875892302166922e-09
-4.307974510844307794e-09
-4.313072186674999785e-09
-4.318216946369609203e-09
-4.323360890251710526e-09
-4.328552205117712463e-09
-4.333742840473293105e-09
-4.338981128330203700e-09
-4.344218882369354321e-09
-4.349504564872321251e-09
-4.354789868626882306e-09
-4.360123371302012014e-09
-4.365456659659656070e-09
-4.370838411939626375e-09
-4.376220123678254767e-09
-4.381650558938223598e-09
-4.387081136760721248e-09
-4.392560692354544747e-09
-4.398040582923855104e-09
-4.403569700220591111e-09
-4.409099354195159184e-09
-4.414678478615875942e-09
-4.420258350685429656e-09
-4.425887931740321408e-09
-4.431518480661993748e-09
-4.437198971987825547e-09
-4.442880660622639846e-09
-4.448612520020476921e-09
-4.454345815370195272e-09
-4.460129504843463256e-09
-4.465914878087779035e-09
-4.471750863880640188e-09
-4.477588790414743634e-09
-4.483477543050807237e-09
-4.489368502523318300e-09
-4.495310496844657943e-09
-4.501254973195923919e-09
-4.507250688402437229e-09
-4.513249169903191874e-09
-4.519299089592303538e-09
-4.525352068882727363e-09
-4.531456681089397363e-09
-4.537564655218527830e-09
-4.543724452455642681e-09
-4.549887922921183918e-09
-4.556103402220250642e-09
-4.562322875008769464e-09
-4.568594537960983452e-09
-4.574870523588470159e-09
-4.581198876386131278e-09
-4.587531889938985628e-09
-4.593917443417253473e-09
-4.600308004593628824e-09
-4.606751274272665084e-09
-4.613199907424233569e-09
-4.619701413551680240e-09
-4.626208647725793337e-09
-4.632768915319629769e-09
-4.639335284301885841e-09
-4.645954843193643140e-09
-4.652580885550853679e-09
-4.659260270429228632e-09
-4.665946529552796436e-09
-4.672686280007622774e-09
-4.679433304157332891e-09
-4.686233964723941334e-09
-4.693042307072189580e-09
-4.699904427276145072e-09
-4.706774645952548710e-09
-4.713698780354792976e-09
-4.720631438491268747e-09
-4.727618146733640867e-09
-4.734613812509866844e-09
-4.741663659361041555e-09
-4.748722906050387166e-09
-4.755836461452187052e-09
-4.762959867468056704e-09
-4.770137706582196172e-09
-4.777325855524821207e-09
-4.784568558780040891e-09
-4.791822039483699185e-09
-4.799130192623338761e-09
-4.806449599204035901e-09
-4.813823793333999805e-09
-4.821209725237583701e-09
-4.828650556874741124e-09
-4.836103618925488119e-09
-4.843611690046503957e-09
-4.851132492496136721e-09
-4.858708410586729358e-09
-4.866297569163914549e-09
-4.873941947268542937e-09
-4.881600083228842157e-09
-4.889313540000851164e-09
-4.897041280177139272e-09
-4.904824439929337635e-09
-4.912622416782691725e-09
-4.920475909538367592e-09
-4.928344761209447316e-09
-4.936269222753861063e-09
-4.944209593114745561e-09
-4.952205665047072602e-09
-4.960218203753602833e-09
-4.968286533539364460e-09
-4.976371896083987638e-09
-4.984513137107969901e-09
-4.992671984873155512e-09
-5.000886796492935251e-09
-5.009119796805276795e-09
-5.017408844405544244e-09
-5.025716670590922263e-09
-5.034080625639258665e-09
-5.042463957080122167e-09
-5.050903497185981063e-09
-5.059363019383731834e-09
-5.067878828365635905e-09
-5.076415233016515710e-09
-5.085008000991585017e-09
-5.093621986099708176e-09
-5.102292409635151673e-09
-5.110984679728985674e-09
-5.119733462166490008e-09
-5.128504728804082537e-09
-5.137332581066493473e-09
-5.146183564145315390e-09
-5.155091206885562054e-09
-5.164022638188127759e-09
-5.173010807661774024e-09
-5.182023440593242231e-09
-5.191092904825303307e-09
-5.200187541239048534e-09
-5.209339144548078496e-09
-5.218516708556812105e-09
-5.227751493902719282e-09
-5.237013234387321724e-09
-5.246332778445510075e-09
-5.255680822578050369e-09
-5.265088149562003205e-09
-5.274527008528514038e-09
-5.284029068224492585e-09
-5.293060035778896603e-09
-5.304331223241836709e-09
-5.327930983064279461e-09
-5.343269230963020604e-09
-5.367225145041574994e-09
-5.382914589079236671e-09
-5.407238229128521599e-09
-5.423280992647185972e-09
-5.447982724169973141e-09
-5.464382163596176202e-09
-5.489471520878433360e-09
-5.506231914842785091e-09
-5.531717869796666003e-09
-5.548844197157424984e-09
-5.574735352678071152e-09
-5.592233133873418716e-09
-5.618537863405188561e-09
-5.636413047013920298e-09
-5.663139595707869636e-09
-5.681398477354383266e-09
-5.708555035745264805e-09
-5.727204200197665899e-09
-5.754798958181091396e-09
-5.773845238119402979e-09
-5.801886424780257204e-09
-5.821336871575482931e-09
-5.849832784836504599e-09
-5.869694648005775963e-09
-5.898653676939910205e-09
-5.918934389886025952e-09
-5.948365031734329524e-09
-5.969072202050800173e-09
-5.998983075414928319e-09
-6.020124478518774906e-09
-6.050524333787449056e-09
-6.072107908986377871e-09
-6.103005636761229336e-09
-6.125039485109089259e-09
-6.156444123184031219e-09
-6.178936506655874767e-09
-6.210857245951534216e-09
-6.233816587596703033e-09
-6.266262777340529345e-09
-6.289697662162168047e-09
-6.322678814522350059e-09
-6.346597990892904997e-09
-6.365697609067254549e-09
-6.375436271435350051e-09
-6.394680737317345404e-09
-6.404536365326141735e-09
-6.423926972577875820e-09
-6.433900649749351539e-09
-6.453438703137084126e-09
-6.463531523447327378e-09
-6.483218338986113475e-09
-6.493431406919847258e-09
-6.513268312013079169e-09
-6.523602742624623712e-09
-6.543591076199265968e-09
-6.554047995179198741e-09
-6.574189107817496761e-09
-6.584769651564328500e-09
-6.605064905632589032e-09
-6.615770221328880072e-09
-6.636220991103920636e-09
-6.647052236796358611e-09
-6.667659908590032101e-09
-6.678618253273075620e-09
-6.699384225555299355e-09
-6.710470849257998881e-09
-6.731396532778650420e-09
-6.742612626654369242e-09
-6.763699444564297946e-09
-6.775046210983067720e-09
-6.796295598954549622e-09
-6.807774251597809849e-09
-6.829187657944602162e-09
-6.840799421902192906e-09
-6.862378307699412353e-09
-6.874124419568623326e-09
-6.895870258772602948e-09
-6.907751966759120983e-09
-6.929666246327431571e-09
-6.941684810348088028e-09
-6.963769030359785366e-09
-6.975925722147029048e-09
-6.998181395923291588e-09
-7.010477499131252321e-09
-7.032906153356454781e-09
-7.045342963668570361e-09
-7.067946138511922292e-09
-7.080524963750021278e-09
-7.103304212987827662e-09
-7.116026373222635741e-09
-7.138983264361231752e-09
-7.151850092024239645e-09
-7.174986206423658282e-09
-7.187999046420332990e-09
-7.211315979418739514e-09
-7.224476189243018526e-09
-7.247975550281972073e-09
-7.261284500131952017e-09
-7.284967912882512590e-09
-7.298426985777353842e-09
-7.322296088267023105e-09
-7.335906680164991771e-09
-7.359963124905514934e-09
-7.373726644823055498e-09
-7.397972098939080161e-09
-7.411889969070864211e-09
-7.436326114429391649e-09
-7.450399770269209494e-09
-7.475028303609812740e-09
-7.489259194072129253e-09
-7.514081827137785770e-09
-7.528471414679753669e-09
-7.553489874348219833e-09
-7.568039635091780635e-09
-7.593255663507216019e-09
-7.607967087360894116e-09
-7.633382442065456830e-09
-7.648257032845184103e-09
-7.673873486910153808e-09
-7.688912762458269488e-09
-7.714732104614023942e-09
-7.729937596915253602e-09
-7.755961631679269895e-09
-7.771334886972004402e-09
-7.797565434773584559e-09
-7.813108013654146193e-09
-7.839546910954235937e-09
-7.855260388470966878e-09
-7.881909487874581059e-09
-7.897795453607335438e-09
-7.924656623965460067e-09
-7.940716682084485995e-09
-7.967791808580794895e-09
-7.984027577876736305e-09
-8.011318562093042604e-09
-8.027731675966677245e-09
-8.055240435918581551e-09
-8.071832542314873189e-09
