0.000000000000000000e+00
1.000000850824791598e+02
2.000004649553270042e+02
3.000021173052826953e+02
4.000093331050161396e+02
5.000408370754086036e+02
5.500778366513338824e+02
5.751041393057522555e+02
6.001421147773174880e+02
6.126650981192484551e+02
6.251924176141118323e+02
6.377253616466000494e+02
6.502646480797532149e+02
6.565363235152562993e+02
6.628098878267604732e+02
6.690858473046346262e+02
6.753641135384439167e+02
6.816452135365195772e+02
6.879291199560364021e+02
6.942163897828006611e+02
6.973608414136210740e+02
7.005062444610844068e+02
7.036525484189394319e+02
7.067998889701457301e+02
7.099482226066594421e+02
7.130976864863420133e+02
7.162482444128589805e+02
7.194000355485836735e+02
7.225530313688244632e+02
7.257073736134547062e+02
7.272848657992749395e+02
7.288627200869972285e+02
7.304409116138015179e+02
7.320194812405363791e+02
7.335984050403186529e+02
7.351777237256110311e+02
7.367574143145244534e+02
7.383375174011458739e+02
7.399180109588334062e+02
7.414989354942200634e+02
7.430802699474158999e+02
7.446620547695041523e+02
7.462442698801672805e+02
7.478269557078945127e+02
7.494100931661475897e+02
7.509937226949070919e+02
7.525778262170773587e+02
7.541624442194307676e+02
7.557475596515133702e+02
7.573332130834901363e+02
7.589193885103699131e+02
7.597126203495142818e+02
7.605059824358384049e+02
7.612994917828674488e+02
7.620931346971773337e+02
7.628869280857846888e+02
7.636808584397793993e+02
7.644749425622447916e+02
7.652691671282401558e+02
7.660635488395046195e+02
7.668580745545648369e+02
7.676527608764208708e+02
7.684475948466082400e+02
7.692425929720091062e+02
7.700377424767538059e+02
7.708330597742457257e+02
7.716285322708409922e+02
7.724241762891221015e+02
7.732199794173479859e+02
7.740159578899585995e+02
7.748120994768395349e+02
7.756084203269878117e+02
7.764049083916873997e+02
7.772015797372147290e+02
7.779984224960729762e+02
7.787954526545646559e+02
7.795926585262824347e+02
7.803900560203271652e+02
7.811876336313027878e+02
7.819854071939073492e+02
7.827833653837300290e+02
7.835815239638939147e+02
7.843798717910004825e+02
7.851784245594558342e+02
7.859771713069555972e+02
7.863765987241150697e+02
7.867760736013331098e+02
7.871756031015966073e+02
7.875751806859162798e+02
7.879748134804744950e+02
7.883744949904236137e+02
7.887742323054595772e+02
7.891740189746589067e+02
7.895738620515485309e+02
7.899737551289135808e+02
7.903737052244285906e+02
7.907737059743743657e+02
7.911737643608886401e+02
7.915738740635373460e+02
7.919740420292364433e+02
7.923742619806287166e+02
7.927745408297225822e+02
7.931748723420314491e+02
7.935752633949699657e+02
7.939757077967185523e+02
7.943762123904108421e+02
7.947767710266930408e+02
7.951773905147298365e+02
7.955780647474343823e+02
7.959788005003141507e+02
7.963795917083524500e+02
7.967804451137103570e+02
7.971813546932472718e+02
7.975823271560883541e+02
7.979833565207771926e+02
7.983844494637128264e+02
7.987856000449335170e+02
7.991868149084212973e+02
7.995880881555223141e+02
7.999894263981102540e+02
8.003908237786544078e+02
8.007922868772285483e+02
8.011938098772426429e+02
8.015953993272784146e+02
8.019970494515066548e+02
8.023987667673243322e+02
8.028005455394859382e+02
8.032023922545105279e+02
8.036043012175609874e+02
8.040062788845852992e+02
8.044083196009822814e+02
8.048104297924350021e+02
8.052126038444080223e+02
8.056148481526255409e+02
8.060171571424500598e+02
8.064195371799529539e+02
8.068219827302292515e+02
8.072245001300025251e+02
8.076270838839379849e+02
8.080297402997168774e+02
8.084324639214139552e+02
8.088352610279731607e+02
8.092381262027211051e+02
8.096410656961694485e+02
8.100440741307413646e+02
8.104471577288207982e+02
8.108503111517750312e+02
8.110519075838097933e+02
8.112535208693315099e+02
8.114551539792165613e+02
8.116568040589708062e+02
8.118584740676226374e+02
8.120601611632022241e+02
8.122618682929469287e+02
8.124635926273590485e+02
8.126653371019422138e+02
8.128670988996187816e+02
8.130688809442153797e+02
8.132706804310226971e+02
8.134725002722470890e+02
8.136743376754963037e+02
8.138761955414126987e+02
8.140780710898699226e+02
8.142799672100023827e+02
8.144818811338988098e+02
8.146838157392417088e+02
8.148857682702841885e+02
8.150877415933126713e+02
8.152897329646940534e+02
8.154917452393742678e+02
8.156937756857840895e+02
8.158958271475842139e+02
8.160978969052191587e+02
8.162999877911196336e+02
8.165020970976943318e+02
8.167042276461990014e+02
8.169063767409570573e+02
8.171085471921037424e+02
8.173107363158281942e+02
8.175129469111997196e+02
8.177151763062242935e+02
8.179174272889597432e+02
8.181196971991801092e+02
8.183219888139856266e+02
8.185242994848700846e+02
8.187266319780303547e+02
8.189289836566315444e+02
8.191313572760208217e+02
8.193337502109869774e+02
8.195361652060807955e+02
8.197385996476670016e+02
8.199410562695535418e+02
8.201435324696334419e+02
8.203460309710250158e+02
8.205485491831026366e+02
8.207510898183476229e+02
8.209536502975686290e+02
8.211562333226630699e+02
8.213588363258271556e+02
8.215614619984266938e+02
8.217641077839991794e+02
8.219667763634312223e+02
8.221694651915552186e+02
8.223721769388308758e+02
8.225749090713394480e+02
8.227776642491655821e+02
8.229804399495938014e+02
8.231832388223856469e+02
8.233860583559833231e+02
8.235889011898767649e+02
8.237917648236203831e+02
8.239946518864842346e+02
8.241975598890901438e+02
8.244004914505392208e+02
8.246034440924756836e+02
8.248064204238830825e+02
8.250094179773835776e+02
8.252124393518937495e+02
8.254154820909693626e+02
8.256185487835109598e+02
8.258216369839639128e+02
8.260247492712629764e+02
8.262278832106991331e+02
8.264310413712921672e+02
8.266342213291349026e+02
8.268374256433820619e+02
8.270406519008851092e+02
8.272439026509837277e+02
8.274471754912447068e+02
8.276504729612427127e+02
8.278537926692168867e+02
8.280571371450264451e+02
8.282605040075402485e+02
8.284638957769515173e+02
8.286673100827164262e+02
8.288707494354115397e+02
8.290742114750379415e+02
8.292776987026047664e+02
8.294812087686160567e+02
8.296847441645622894e+02
8.298883025514088558e+02
8.300918864111765743e+02
8.302954934152502346e+02
8.304991260362298817e+02
8.307027819558784358e+02
8.309064636374234851e+02
8.311101687729649257e+02
8.313138998164063196e+02
8.315176544701437251e+02
8.317214351788047679e+02
8.319252396550410822e+02
8.321290703342523329e+02
8.323329249393050304e+02
8.324348591224919574e+02
8.325367990149852631e+02
8.326387458054632589e+02
8.327406983265888130e+02
8.328426577630940528e+02
8.329446229516451012e+02
8.330465950730419991e+02
8.331485729679403676e+02
8.332505578132219171e+02
8.333525484535184660e+02
8.334545460618069228e+02
8.335565494866818881e+02
8.336585598972293383e+02
8.337605761459928999e+02
8.338625993981814872e+02
8.339646285102744514e+02
8.340666646436169458e+02
8.341687066586107449e+02
8.342707557127511109e+02
8.343728106703489402e+02
8.344748726850629055e+02
8.345769406250996099e+02
8.346790156402948924e+02
8.347810966027378754e+02
8.348831846584548657e+02
8.349852786834044309e+02
8.350873798198167606e+02
8.351894869475066798e+02
8.352916012049214487e+02
8.353937214757191896e+02
8.354958488945778754e+02
8.355979823489855107e+02
8.357001229698639690e+02
8.358022696485184042e+02
8.359044235121277779e+02
8.360065834558014330e+02
8.361087506029886072e+02
8.362109238525898718e+02
8.363131043243378144e+02
8.364152909209113886e+02
8.365174847583397195e+02
8.366196847430674097e+02
8.367218919874330822e+02
8.368241054016342559e+02
8.369263260943318983e+02
8.370285529794637114e+02
8.371307871620263086e+02
8.372330275596846150e+02
8.373352752737836227e+02
8.374375292257032015e+02
8.375397905131496827e+02
8.376420580612051481e+02
8.377443329639500007e+02
8.378466141501558013e+02
8.379489027102900991e+02
8.380511975768015418e+02
8.381534998365573301e+02
8.382558084256709208e+02
8.383581244274216715e+02
8.384604467815754560e+02
8.385627765678366359e+02
8.386651127296109962e+02
8.387674563430406351e+02
8.388698063551588575e+02
8.389721638385578899e+02
8.390745277438865060e+02
8.391768991401996800e+02
8.392792769817492626e+02
8.393816623340652541e+02
8.394840541549906447e+02
8.395864535065430800e+02
8.396888593501440710e+02
8.397912727443115273e+02
8.398936926540337709e+02
8.399961201343409130e+02
8.400985541537759218e+02
8.402009957638936157e+02
8.403034439367795585e+02
8.404058997205256674e+02
8.405083620907480508e+02
8.406108320920878896e+02
8.407133087036800134e+02
8.408157929667270309e+02
8.409182838638705562e+02
8.410207824328867900e+02
8.411232876599121937e+02
8.412258005793088387e+02
8.413283201806962097e+02
8.414308474950341861e+02
8.415333815154137937e+02
8.416359232694045431e+02
8.417384717535570644e+02
8.418410279920627772e+02
8.419435909849203199e+02
8.420461617529547311e+02
8.421487392996010612e+02
8.422513246423301325e+02
8.423539167880015839e+02
8.424565167507438446e+02
8.425591235408297734e+02
8.426617381690570028e+02
8.427643596491001290e+02
8.428669889884379245e+02
8.429696252041352409e+02
8.430722693003638142e+02
8.431749202975672688e+02
8.432775791966219003e+02
8.433802450213385100e+02
8.434829187693098902e+02
8.435855994677028775e+02
8.436882881108381298e+02
8.437909837292272641e+02
8.438936873139303998e+02
8.439963978987925657e+02
8.440991164716249386e+02
8.442018420695948180e+02
8.443045756772760342e+02
8.444073163351467883e+02
8.445100650245550469e+02
8.446128207892788851e+02
8.447155846074516603e+02
8.448183555261402944e+02
8.449211345202750181e+02
8.450239206402004584e+02
8.451267148576552017e+02
8.452295162262505528e+02
8.453323257145445950e+02
8.454351423794042830e+02
8.455379671862185660e+02
8.456407991950991345e+02
8.457436393682771723e+02
8.458464867690980782e+02
8.459493423566464116e+02
8.460522051974905935e+02
8.461550762475795864e+02
8.462579545766938054e+02
8.463608411376579852e+02
8.464637350034538485e+02
8.465666371237929297e+02
8.466695465748473453e+02
8.467724643032265703e+02
8.468753893882825423e+02
8.469783227735334776e+02
8.470812635415005616e+02
8.471842126326217794e+02
8.472871691325767642e+02
8.473901339787344114e+02
8.474931062599222287e+02
8.475960869104507083e+02
8.476990750222847737e+02
8.478020715266874276e+02
8.479050755187504365e+02
8.480080879267002274e+02
8.481111078487448367e+02
8.482141362100850301e+02
8.483171721120345410e+02
8.484202164767792738e+02
8.485232684087283133e+02
8.486263288270632756e+02
8.487293968392783654e+02
8.488324733615615969e+02
8.489355575044819489e+02
8.490386501812445204e+02
8.491417505054827188e+02
8.492448593874293010e+02
8.493479759437717576e+02
8.494511010817813030e+02
8.495542339211892795e+02
8.496573753663158186e+02
8.497605245399259957e+02
8.498636823433993186e+02
8.499668479025244778e+02
8.500700221157507031e+02
8.501732041118802954e+02
8.502763947864427792e+02
8.503795932712438344e+02
8.504828004589037391e+02
8.505860154842214342e+02
8.506892392369184108e+02
8.507924708547768660e+02
8.508957112246298493e+02
8.509989594872328098e+02
8.511022165265407011e+02
8.512054814862722196e+02
8.513087552475144548e+02
8.514120369569398008e+02
8.515153274927774874e+02
8.516186260046433745e+02
8.517219333679194051e+02
8.518252487351553555e+02
8.519285729788957724e+02
8.520319052546144576e+02
8.521352464320287936e+02
8.522385956695267168e+02
8.523419538340086774e+02
8.524453200867671967e+02
8.525486952918957968e+02
8.526520786135816934e+02
8.527554709131214850e+02
8.528588713575876454e+02
8.529622808054898542e+02
8.530656984267761800e+02
8.531691250771793875e+02
8.532725599295133634e+02
8.533760038367440757e+02
8.534794559745417928e+02
8.535829171931153496e+02
8.536863866709819604e+02
8.537898652556033312e+02
8.538933521283340724e+02
8.539968481338984247e+02
8.541003524564790723e+02
8.542038659380727950e+02
8.543073877656806872e+02
8.544109187785819586e+02
8.545144581665869055e+02
8.546180067662666033e+02
8.547215637702311142e+02
8.548251300123533838e+02
8.549287046880340313e+02
8.550322886284574224e+02
8.551358810318052974e+02
8.552394827265832191e+02
8.553430929137449539e+02
8.554467124191265839e+02
8.555503404464448067e+02
8.556539778188760010e+02
8.557576237428903596e+02
8.558612790390142209e+02
8.559649429164621779e+02
8.560686161931199649e+02
8.561722980809375940e+02
8.562759893951696313e+02
8.563796893504924128e+02
8.564833987595388862e+02
8.565871168397023894e+02
8.566908444010038011e+02
8.567945806635448207e+02
8.568983264347433533e+02
8.570020809374003647e+02
8.571058449763403360e+02
8.572096177770545182e+02
8.573134001417832906e+02
8.574171912986993220e+02
8.575209920474682121e+02
8.576248016189351802e+02
8.577286208102002547e+02
8.578324488547722240e+02
8.579362865471949817e+02
8.580401331236321312e+02
8.581439893760805262e+02
8.582478545433499448e+02
8.583517294148992960e+02
8.584556132321755513e+02
8.585595067821091106e+02
8.586634093087756128e+02
8.587673215965857025e+02
8.588712428922349318e+02
8.589751739776237400e+02
8.590791141020587247e+02
8.591830640449389875e+02
8.592870230581737587e+02
8.593909919186697834e+02
8.594949698809303982e+02
8.595989577193789728e+02
8.597029546911043099e+02
8.598069615680553852e+02
8.599109776098980547e+02
8.600150035861158813e+02
8.601190387589432476e+02
8.602230838954071714e+02
8.603271382603019219e+02
8.604312026182071804e+02
8.605352762364686896e+02
8.606393598772273208e+02
8.607434528103719913e+02
8.608475557956138573e+02
8.609516681053764842e+02
8.610557904969499532e+02
8.611599222452844060e+02
8.612640641052574892e+02
8.613682153543376216e+02
8.614723767449988827e+02
8.615765475572194418e+02
8.616807285410786790e+02
8.617849189790563287e+02
8.618891196188457116e+02
8.619933297454198282e+02
8.620975501040946938e+02
8.622017799823285031e+02
8.623060201230683788e+02
8.624102698162495244e+02
8.625145298024590375e+02
8.626187993741009450e+02
8.627230792694107322e+02
8.628273687832532914e+02
8.629316686515209085e+02
8.630359781715313829e+02
8.631402980768424413e+02
8.632446276672164913e+02
8.633489676738854541e+02
8.634533173990482737e+02
8.635576775716193652e+02
8.636620474962263643e+02
8.637664278994745928e+02
8.638708180884125341e+02
8.639752187873447156e+02
8.640796293057325101e+02
8.641840503655882912e+02
8.642884812787782494e+02
8.643929227650307894e+02
8.644973741386093025e+02
8.646018361169667514e+02
8.647063080167555427e+02
8.648107905531614961e+02
8.649152830452185299e+02
8.650197862058532792e+02
8.651242993564734434e+02
8.652288232077551129e+02
8.653333570834718103e+02
8.654379016920571530e+02
8.655424563596428698e+02
8.656470217924282906e+02
8.657515973188956195e+02
8.658561836430181984e+02
8.659607800956212031e+02
8.660653873784598318e+02
8.661700048246946153e+02
8.662746331338710206e+02
8.663792716414770894e+02
8.664839210448565154e+02
8.665885806818175752e+02
8.666932512475103749e+02
8.667979320820555813e+02
8.669026238784177849e+02
8.670073259790226530e+02
8.671120390746573321e+02
8.672167625100448731e+02
8.673214969738029367e+02
8.674262418129445678e+02
8.675309977139258990e+02
8.676357640260426933e+02
8.677405414335974001e+02
8.678453292881609968e+02
8.679501282718902075e+02
8.680549377386239485e+02
8.681597583683811763e+02
8.682645895172611290e+02
8.683694318631529541e+02
8.684742847644091626e+02
8.685791488967965961e+02
8.686840236209138766e+02
8.687889096104136115e+02
8.688938062281328030e+02
8.689987141456177824e+02
8.691036327279369971e+02
8.692085626445381195e+02
8.693135032627136525e+02
8.694184552498203402e+02
8.695234179753678063e+02
8.696283921046295973e+02
8.697333770093250678e+02
8.698383733526522974e+02
8.699433805085334370e+02
8.700483991380987163e+02
8.701534286174658064e+02
8.702584696057049314e+02
8.703635214811222340e+02
8.704685849007354363e+02
8.705736592450321041e+02
8.706787451689850741e+02
8.707838420552565140e+02
8.708889505567817650e+02
8.709940700583904345e+02
8.710992012109882126e+02
8.712043434015652110e+02
8.713094972790047450e+02
8.714146622324506097e+02
8.715198389087714759e+02
8.716250266992575462e+02
8.717302262487704638e+02
8.718354369507401316e+02
8.719406594480284411e+02
8.720458931361981740e+02
8.721511386561188601e+02
8.722563954054793385e+02
8.723616640231642805e+02
8.724669439089818752e+02
8.725722356998390978e+02
8.726775387976566662e+02
8.727828538373715901e+02
8.728881802230101812e+02
8.729935185875465322e+02
8.730988683371060688e+02
8.732042301027074700e+02
8.733096032925683403e+02
8.734149885357592211e+02
8.735203852425833020e+02
8.736257940401703763e+02
8.737312143409025111e+02
8.738366467699759141e+02
8.739420907418449360e+02
8.740475468797793610e+02
8.741530146002993433e+02
8.742584945247555197e+02
8.743639860717271404e+02
8.744694898606529705e+02
8.745750053121647625e+02
8.746805330437964585e+02
8.747860724782259467e+02
8.748916242310895086e+02
8.749971877271045742e+02
8.751027635800169264e+02
8.752083512165771708e+02
8.753139512486476406e+02
8.754195631050055226e+02
8.755251873956368627e+02
8.756308235513390628e+02
8.757364721802289296e+02
8.758421327151176001e+02
8.759478057622596907e+02
8.760534907564738205e+02
8.761591883021595777e+02
8.762648978361364698e+02
8.763706199609557643e+02
8.764763541154319455e+02
8.765821009002751225e+02
8.766878597562880486e+02
8.767936312823466096e+02
8.768994149212358025e+02
8.770052112700042244e+02
8.771110197734127496e+02
8.772168410266896217e+02
8.773226744765653393e+02
8.774285207164547273e+02
8.775343791950517698e+02
8.776402505039644666e+02
8.777461340938442618e+02
8.778520305544994926e+02
8.779579393385326966e+02
8.780638610339591423e+02
8.781697950953264353e+02
8.782757421088638239e+02
8.783817015310578427e+02
8.784876739463583135e+02
8.785936588131846747e+02
8.786996567142141430e+02
8.788056671097929211e+02
8.789116905808325555e+02
8.790177265895998744e+02
8.791237757152472341e+02
8.792298374219562902e+02
8.793359122871271438e+02
8.794419997768501389e+02
8.795481004667797151e+02
8.796542138249089930e+02
8.797603404251533448e+02
8.798664797374028694e+02
8.799726323338404654e+02
8.800787976862471851e+02
8.801849763650802743e+02
8.802911678440058267e+02
8.803973726917619160e+02
8.805035903838938793e+02
8.806098214874272117e+02
8.807160654797806956e+02
8.808223229262738414e+02
8.809285933061928517e+02
8.810348771831579597e+02
8.811411740383169899e+02
8.812474844335974922e+02
8.813538078520031149e+02
8.814601448537750912e+02
8.815664949237673227e+02
8.816728586205410920e+02
8.817792354307948699e+02
8.818856259114164686e+02
8.819920295509432435e+02
8.820984469045961305e+02
8.822048774627454577e+02
8.823113217789516511e+02
8.824177793454126686e+02
8.825242507140347925e+02
8.826307353788378123e+02
8.827372338900803470e+02
8.828437457435983333e+02
8.829502714880092071e+02
8.830568106209593680e+02
8.831633636894314350e+02
8.832699301928770410e+02
8.833765106766500139e+02
8.834831046420015355e+02
8.835897126326632360e+02
8.836963341516802757e+02
8.838029697411684538e+02
8.839096189059612243e+02
8.840162821865649221e+02
8.841229590895960655e+02
8.842296501539574365e+02
8.843363548880431608e+02
8.844430738291590615e+02
8.845498064874714146e+02
8.846565533986949958e+02
8.847633140747628886e+02
8.848700890498054150e+02
8.849768778375167813e+02
8.850836809704488815e+02
8.851904979640519286e+02
8.852973293493056417e+02
8.854041746434108973e+02
8.855110343757812643e+02
8.856179080653629399e+02
8.857247962400095957e+02
8.858316984204075197e+02
8.859386151328565120e+02
8.860455458997774940e+02
8.861524912459227608e+02
8.862594506954427516e+02
8.863664247715480542e+02
8.864734130001135100e+02
8.865804159028141385e+02
8.866874330072438397e+02
8.867944648335483180e+02
8.869015109110351887e+02
8.870085717583268661e+02
8.871156469064396788e+02
8.872227368724786629e+02
8.873298411891638580e+02
8.874369603720887199e+02
8.875440939556718831e+02
8.876512424540014763e+02
8.877584054031893857e+02
8.878655833158245514e+02
8.879727757297071093e+02
8.880799831559324957e+02
8.881872051339840937e+02
8.882944421734699745e+02
8.884016938155516527e+02
8.885089605683557465e+02
8.886162419747168997e+02
8.887235385412861888e+02
8.888308498125663846e+02
8.889381762937388203e+02
8.890455175309696187e+02
8.891528740279762815e+02
8.892602453325831675e+02
8.893676319470498584e+02
8.894750334208540608e+02
8.895824502548032342e+02
8.896898820000234309e+02
8.897973291558760138e+02
8.899047912751306058e+02
8.900122688557080437e+02
8.901197614520166326e+02
8.902272695605427089e+02
8.903347927373283710e+02
8.904423314774310256e+02
8.905498853385219036e+02
8.906574548142352796e+02
8.907650394638666285e+02
8.908726397796330048e+02
8.909802553224492385e+02
8.910878865831208486e+02
8.911955331241774729e+02
8.913031954350186652e+02
8.914108730797839826e+02
8.915185665464730391e+02
8.916262754008305365e+02
8.917340001294616059e+02
8.918417402997115460e+02
8.919494963967968033e+02
8.920572679896584987e+02
8.921650555621300782e+02
8.922728586847438237e+02
8.923806778399557516e+02
8.924885125998847570e+02
8.925963634456149975e+02
8.927042299508474343e+02
8.928121125953000501e+02
8.929200109542512109e+02
8.930279255060584092e+02
8.931358558275726409e+02
8.932438023957965925e+02
8.933517647891495699e+02
8.934597434832847966e+02
8.935677380581853413e+02
8.936757489881606489e+02
8.937837758547530029e+02
8.938918191309335270e+02
8.939998783997992859e+02
8.941079541329887661e+02
8.942160459151492660e+02
8.943241542165920919e+02
8.944322786235102285e+02
8.945404196048933727e+02
8.946485767484759890e+02
8.947567505219316217e+02
8.948649405145316678e+02
8.949731471926388622e+02
8.950813701470573278e+02
8.951896098428445612e+02
8.952978658723328635e+02
8.954061386992800635e+02
8.955144279175422071e+02
8.956227339895829118e+02
8.957310565107776483e+02
8.958393959423011665e+02
8.959477518810443826e+02
8.960561247868984083e+02
8.961645142582650578e+02
8.962729207537573757e+02
8.963813438732839813e+02
8.964897840741851951e+02
8.965982409578720080e+02
8.967067149804174733e+02
8.968152057447308607e+02
8.969237137056231859e+02
8.970322384674976774e+02
8.971407804839089977e+02
8.972493393607500138e+02
8.973579155503240372e+02
8.974665086600097084e+02
8.975751191408644445e+02
8.976837466017482257e+02
8.977923914924779183e+02
8.979010534233910903e+02
8.980097328430690595e+02
8.981184293633226616e+02
8.982271434315033503e+02
8.983358746608909087e+02
8.984446234976121559e+02
8.985533895564119575e+02
8.986621732821976138e+02
8.987709742911752073e+02
8.988797930270375218e+02
8.989886291074478777e+02
8.990974829748899992e+02
8.992063542484801246e+02
8.993152433694983756e+02
8.994241499585099291e+02
8.995330744555963065e+02
8.996420164827676444e+02
8.997509764789122073e+02
8.998599540674813397e+02
8.999689496861750513e+02
9.000779629598819156e+02
9.001869943251188033e+02
9.002960434082075381e+02
9.004051106444873085e+02
9.005141956617093228e+02
9.006232988940399764e+02
9.007324199706558829e+02
9.008415593245559876e+02
9.009507165863386717e+02
9.010598921878404326e+02
9.011690857610774401e+02
9.012782977367287458e+02
9.013875277482246702e+02
9.014967762250921623e+02
9.016060428021716007e+02
9.017153279078428341e+02
9.018246311783527744e+02
9.019339530409392864e+02
9.020432931332518365e+02
9.021526518813914208e+02
9.022620289244064224e+02
9.023714246872659714e+02
9.024808388104137293e+02
9.025902717176920760e+02
9.026997230509360861e+02
9.028091932328663916e+02
9.029186819067059560e+02
9.030281894940585516e+02
9.031377156395313932e+02
9.032472607636165094e+02
9.033568245123017277e+02
9.034664073049724493e+02
9.035760087889933629e+02
9.036856293826480169e+02
9.037952687346745506e+02
9.039049272622597755e+02
9.040146046155115300e+02
9.041243012105250045e+02
9.042340166987740986e+02
9.043437514952672700e+02
9.044535052528410688e+02
9.045632783854221088e+02
9.046730705472060663e+02
9.047828821510425996e+02
9.048927128524831005e+02
9.050025630633053879e+02
9.051124324404127037e+02
9.052223213945160296e+02
9.053322295838672744e+02
9.054421574181153574e+02
9.055521045568573300e+02
9.056620714086849375e+02
9.057720576345369636e+02
9.058820636419528682e+02
9.059920890932099837e+02
9.061021343948002595e+02
9.062121992103359389e+02
9.063222839452664630e+02
9.064323882645358026e+02
9.065425125725557791e+02
9.066526565355983394e+02
9.067628205570428008e+02
9.068730043044860167e+02
9.069832081802791208e+02
9.070934318533408032e+02
9.072036757249991297e+02
9.073139394654908756e+02
9.074242234751261549e+02
9.075345274254566448e+02
9.076448517157788274e+02
9.077551960189563260e+02
9.078655607332771069e+02
9.079759455329132152e+02
9.080863508151488759e+02
9.081967762554613728e+02
9.083072222501359647e+02
9.084176884759519908e+02
9.085281753282005184e+02
9.086386824849597588e+02
9.087492103405315902e+02
9.088597585742897991e+02
9.089703275795515083e+02
9.090809170369832373e+02
9.091915273389222421e+02
9.093021581673244782e+02
9.094128099135521097e+02
9.095234822608474587e+02
9.096341755996022584e+02
9.097448896143421280e+02
9.098556246944932582e+02
9.099663805258613820e+02
9.100771574969119229e+02
9.101879552947275442e+02
9.102987743068176769e+02
9.104096142215390728e+02
9.105204754254497175e+02
9.106313576081773817e+02
9.107422611553333809e+02
9.108531857578136623e+02
9.109641318002874186e+02
9.110750989749157043e+02
9.111860876654304775e+02
9.112970975652548304e+02
9.114081290571881482e+02
9.115191818359128320e+02
9.116302562833002412e+02
9.117413520952890167e+02
9.118524696528273807e+02
9.119636086531072579e+02
9.120747694761582807e+02
9.121859518204228152e+02
9.122971560650166793e+02
9.124083819096298384e+02
9.125196297324687293e+02
9.126308992344683020e+02
9.127421907929302733e+02
9.128535041100315084e+02
9.129648395621737791e+02
9.130761968527730232e+02
9.131875763573357290e+02
9.132989777805141784e+02
9.134104014969241234e+02
9.135218472124514619e+02
9.136333153008258705e+02
9.137448054691640209e+02
9.138563180903141756e+02
9.139678528726210516e+02
9.140794101880559310e+02
9.141909897461889614e+02
9.143025919181193331e+02
9.144142164146397818e+02
9.145258636059817263e+02
9.146375332041579895e+02
9.147492255785369935e+02
9.148609404423486922e+02
9.149726781641031721e+02
9.150844384582451312e+02
9.151962216924305267e+02
9.153080275823162992e+02
9.154198564947091654e+02
9.155317081464754665e+02
9.156435829035769984e+02
9.157554804840871157e+02
9.158674012531274684e+02
9.159793449299756958e+02
9.160913118789178498e+02
9.162033018204332393e+02
9.163153151179768656e+02
9.164273514932273201e+02
9.165394113088131007e+02
9.166514942876095802e+02
9.167636007914231868e+02
9.168757305443234600e+02
9.169878839072995333e+02
9.171000606056127253e+02
9.172122609994390814e+02
9.173244848152293116e+02
9.174367324123511480e+02
9.175490035184423050e+02
9.176612984920664076e+02
9.177736170620457870e+02
9.178859595861447360e+02
9.179983257943675881e+02
9.181107160436838512e+02
9.182231300652775872e+02
9.183355682153280668e+02
9.184480302261965790e+02
9.185605164532765912e+02
9.186730266301045731e+02
9.187855611112925089e+02
9.188981196315495481e+02
9.190107025447109663e+02
9.191233095866563190e+02
9.192359411104484934e+02
9.193485968531352910e+02
9.194612771670116445e+02
9.195739817902913273e+02
9.196867110745058653e+02
9.197994647590327304e+02
9.199122431946445886e+02
9.200250461218801092e+02
9.201378738907577599e+02
9.202507262429754746e+02
9.203636035278017289e+02
9.204765054880915613e+02
9.205894324723678892e+02
9.207023842246405820e+02
9.208153610926916599e+02
9.209283628216838906e+02
9.210413897586626035e+02
9.211544416499410772e+02
9.212675188418327252e+02
9.213806210817994042e+02
9.214937487154269320e+02
9.216069014913234696e+02
9.217200797543516728e+02
9.218332832542641881e+02
9.219465123352048295e+02
9.220597667480686823e+02
9.221730468362853799e+02
9.222863523518901729e+02
9.223996836376029478e+02
9.225130404465973015e+02
9.226264231208876936e+02
9.227398314147840210e+02
9.228532656695999776e+02
9.229667256407797140e+02
9.230802116689403647e+02
9.231937235106585149e+02
9.233072615058594010e+02
9.234208254122499966e+02
9.235344155690679600e+02
9.236480317351488338e+02
9.237616742490471324e+02
9.238753428707250350e+02
9.239890379380583454e+02
9.241027592121340604e+02
9.242165070301537071e+02
9.243302811543272810e+02
9.244440819211863527e+02
9.245579090940620972e+02
9.246717630088207898e+02
9.247856434299128523e+02
9.248995506925434711e+02
9.250134845622806097e+02
9.251274453736730266e+02
9.252414328934044079e+02
9.253554474553714044e+02
9.254694888273717197e+02
9.255835573426542169e+02
9.256976527701289115e+02
9.258117754424014265e+02
9.259259251294922706e+02
9.260401021633682603e+02
9.261543063151589195e+02
9.262685379161965784e+02
9.263827967387179569e+02
9.264970831134253331e+02
9.266113968136610310e+02
9.267257381695018239e+02
9.268401069553939351e+02
9.269545035007930665e+02
9.270689275812477490e+02
9.271833795255969335e+02
9.272978591104898669e+02
9.274123666641532964e+02
9.275269019643355932e+02
9.276414653386557347e+02
9.277560565659597387e+02
9.278706759732629052e+02
9.279853233405075343e+02
9.280999989941101376e+02
9.282147027151073644e+02
9.283294348293211442e+02
9.284441951188813391e+02
9.285589839090197302e+02
9.286738009829578004e+02
9.287886466653416164e+02
9.289035207404830317e+02
9.290184235324467181e+02
9.291333548266333082e+02
9.292483149465306269e+02
9.293633036786267212e+02
9.294783213458370028e+02
9.295933677357355691e+02
9.297084431706698524e+02
9.298235474392985225e+02
9.299386808634055797e+02
9.300538432327331293e+02
9.301690348685059462e+02
9.302842555615480933e+02
9.303995056325296673e+02
9.305147848733555520e+02
9.306300936041457135e+02
9.307454316178843783e+02
9.308607992341457020e+02
9.309761962469921173e+02
9.310916229754565165e+02
9.312070792146782878e+02
9.313225652831534944e+02
9.314380809770973428e+02
9.315536266144732735e+02
9.316692019925711747e+02
9.317848074288266389e+02
9.319004427216028716e+02
9.320161081878119376e+02
9.321318036268893366e+02
9.322475293552281528e+02
9.323632851733349298e+02
9.324790713970883189e+02
9.325948878280648842e+02
9.327107347816330503e+02
9.328266120604384923e+02
9.329425199793439560e+02
9.330584583420630906e+02
9.331744274629575102e+02
9.332904271468077013e+02
9.334064577074784665e+02
9.335225189508164476e+02
9.336386111901941831e+02
9.337547342325231057e+02
9.338708883906881510e+02
9.339870734726646333e+02
9.341032897908543191e+02
9.342195371542954945e+02
9.343358158749111908e+02
9.344521257628018702e+02
9.345684671294163763e+02
9.346848397859162105e+02
9.348012440432805761e+02
9.349176797137313315e+02
9.350341471077824735e+02
9.351506460387153084e+02
9.352671768165830599e+02
9.353837392557259136e+02
9.355003336657407544e+02
9.356169598620256238e+02
9.357336181537258426e+02
9.358503083572963988e+02
9.359670307814355965e+02
9.360837852436548019e+02
9.362005720522097363e+02
9.363173910256672343e+02
9.364342424718450957e+02
9.365511262103649415e+02
9.366680425486110835e+02
9.367849913072594745e+02
9.369019727932654860e+02
9.370189868283584929e+02
9.371360337190695873e+02
9.372531132881809981e+02
9.373702258418039719e+02
9.374873712037732503e+02
9.376045496797846681e+02
9.377217610947246840e+02
9.378390057538786095e+02
9.379562834831839382e+02
9.380735945875200059e+02
9.381909388938747725e+02
9.383083167067262593e+02
9.384257278541125515e+02
9.385431726401146761e+02
9.386606508938203888e+02
9.387781629189184969e+02
9.388957085455459719e+02
9.390132880770039492e+02
9.391309013444779339e+02
9.392485486508862778e+02
9.393662298284626786e+02
9.394839451797472520e+02
9.396016945380214338e+02
9.397194782054516509e+02
9.398372960163670768e+02
9.399551482725648839e+02
9.400730348094215287e+02
9.401909559283698172e+02
9.403089114658329208e+02
9.404269017228840539e+02
9.405449265369929890e+02
9.406629862088778964e+02
9.407810805770548086e+02
9.408992099418917405e+02
9.410173741429506435e+02
9.411355734802539246e+02
9.412538077944094539e+02
9.413720773850986916e+02
9.414903820939750858e+02
9.416087222203840383e+02
9.417270976070245752e+02
9.418455085529105872e+02
9.419639549017864510e+02
9.420824369523394353e+02
9.422009545493591531e+02
9.423195079912107985e+02
9.424380971237292215e+02
9.425567222449625433e+02
9.426753832017907371e+02
9.427940802919495127e+02
9.429128133633639663e+02
9.430315827134620577e+02
9.431503881912141196e+02
9.432692300937452501e+02
9.433881082710710189e+02
9.435070230200184369e+02
9.436259741916483108e+02
9.437449620824944532e+02
9.438639865446629074e+02
9.439830478743992899e+02
9.441021459248549945e+02
9.442212809919921028e+02
9.443404529300074728e+02
9.444596620345846532e+02
9.445789081609661935e+02
9.446981916045618846e+02
9.448175122216601949e+02
9.449368703074020459e+02
9.450562657191220524e+02
9.451756987516971549e+02
9.452951692635083418e+02
9.454146775491734616e+02
9.455342234681202171e+02
9.456538073147123669e+02
9.457734289494246696e+02
9.458930886663714546e+02
9.460127863270749913e+02
9.461325222254054097e+02
9.462522962239326034e+02
9.463721086162875054e+02
9.464919592660880880e+02
9.466118484667309758e+02
9.467317760828826749e+02
9.468517424077106170e+02
9.469717473069302969e+02
9.470917910734848419e+02
9.472118735741393039e+02
9.473319951016175082e+02
9.474521555237347457e+02
9.475723551330004284e+02
9.476925937982804271e+02
9.478128718118751976e+02
9.479331890437017591e+02
9.480535457858563859e+02
9.481739419093080414e+02
9.482943777059540480e+02
9.484148530478157682e+02
9.485353682265966881e+02
9.486559231153712517e+02
9.487765180056542249e+02
9.488971527715740422e+02
9.490178277044618653e+02
9.491385426795006879e+02
9.492592979878432971e+02
9.493800935057280412e+02
9.495009295241344489e+02
9.496218059203571329e+02
9.497427229852077062e+02
9.498636805970376145e+02
9.499846790464956712e+02
9.501057182129914054e+02
9.502267983870160606e+02
9.503479194490378177e+02
9.504690816893956935e+02
9.505902849896177713e+02
9.507115296398959572e+02
9.508328155228190326e+02
9.509541429284372498e+02
9.510755117404011116e+02
9.511969222486244462e+02
9.513183743378206145e+02
9.514398682977723638e+02
9.515614040142569365e+02
9.516829817769313422e+02
9.518046014726378417e+02
9.519262633909131637e+02
9.520479674196656106e+02
9.521697138483170875e+02
9.522915025658433024e+02
9.524133338615565663e+02
9.525352076255011298e+02
9.526571241468852804e+02
9.527790833168231757e+02
9.529010854244244229e+02
9.530231303618742231e+02
9.531452184181890743e+02
9.532673494866266992e+02
9.533895238561161705e+02
9.535117414209888693e+02
9.536340024700917866e+02
9.537563068988315536e+02
9.538786549959787635e+02
9.540010466580166621e+02
9.541234821736449021e+02
9.542459614404248214e+02
9.543684847469908163e+02
9.544910519919839089e+02
9.546136634639789236e+02
9.547363190626980440e+02
9.548590190766619799e+02
9.549817634066757819e+02
9.551045523412119564e+02
9.552273857821598995e+02
9.553502640179494847e+02
9.554731869515562721e+02
9.555961548713733009e+02
9.557191676814638868e+02
9.558422256701900324e+02
9.559653287427046280e+02
9.560884771873443242e+02
9.562116709103534049e+02
9.563349102000490802e+02
9.564581949637686193e+02
9.565815254898158173e+02
9.567049016866229749e+02
9.568283238424861565e+02
9.569517918669346273e+02
9.570753060482624051e+02
9.571988662970978794e+02
9.573224729017391610e+02
9.574461257739154689e+02
9.575698252019350321e+02
9.576935710986299455e+02
9.578173637523245816e+02
9.579412030769560715e+02
9.580650893608708429e+02
9.581890225191131094e+02
9.583130028400574929e+02
9.584370302398575632e+02
9.585611050069220482e+02
9.586852270585161477e+02
9.588093966830889485e+02
9.589336137990193265e+02
9.590578786948029801e+02
9.591821912899348490e+02
9.593065518729632686e+02
9.594309603645016296e+02
9.595554170531571572e+02
9.596799218606639670e+02
9.598044750756944268e+02
9.599290766211061054e+02
9.600537267856426524e+02
9.601784254932872500e+02
9.603031730328615367e+02
9.604279693294768094e+02
9.605528146720387213e+02
9.606777089867896393e+02
9.608026525627255978e+02
9.609276453272223080e+02
9.610526875693727789e+02
9.611777792176887942e+02
9.613029205613668182e+02
9.614281115300575493e+02
9.615533524130671594e+02
9.616786431411879903e+02
9.618039840038425154e+02
9.619293749329676757e+02
9.620548162181089538e+02
9.621803077923503906e+02
9.623058499453670720e+02
9.624314426113934360e+02
9.625570860802406514e+02
9.626827802872962820e+02
9.628085255225144010e+02
9.629343217224388809e+02
9.630601691771735204e+02
9.631860678244212295e+02
9.633120179544422399e+02
9.634380195061020231e+02
9.635640727698238379e+02
9.636901776856387869e+02
9.638163345441403180e+02
9.639425432865282346e+02
9.640688042035727676e+02
9.641951172376459454e+02
9.643214826797019441e+02
9.644479004732882004e+02
9.645743709095496570e+02
9.647008939332125692e+02
9.648274698356198087e+02
9.649540985626798602e+02
9.650807804059405726e+02
9.652075153124960707e+02
9.653343035741063431e+02
9.654611451390549064e+02
9.655880402993209373e+02
9.657149890043808682e+02
9.658419915464402266e+02
9.659690478761721124e+02
9.660961582860155659e+02
9.662233227278442200e+02
9.663505414943380174e+02
9.664778145385746484e+02
9.666051421534824613e+02
9.667325242933470690e+02
9.668599612513525017e+02
9.669874529829963876e+02
9.671149997817258281e+02
9.672426016042541050e+02
9.673702587442991216e+02
9.674979711597941332e+02
9.676257391447351210e+02
9.677535626582792929e+02
9.678814419947084389e+02
9.680093771144079255e+02
9.681373683119528550e+02
9.682654155489610730e+02
9.683935191203087243e+02
9.685216789888503399e+02
9.686498954497709519e+02
9.687781684671659832e+02
9.689064983365370836e+02
9.690348850232252289e+02
9.691633288230566450e+02
9.692918297026220671e+02
9.694203879580801413e+02
9.695490035572760235e+02
9.696776767967089654e+02
9.698064076454829774e+02
9.699351964004457614e+02
9.700640430319651841e+02
9.701929478372453559e+02
9.703219107879226613e+02
9.704509321815659177e+02
9.705800119910846888e+02
9.707091505144206849e+02
9.708383477257617642e+02
9.709676039234308291e+02
9.710969190828988076e+02
9.712262935028779793e+02
9.713557271601274579e+02
9.714852203537575406e+02
9.716147730618205287e+02
9.717443855838329227e+02
9.718740578991456687e+02
9.720037903076901102e+02
9.721335827901206130e+02
9.722634356467922316e+02
9.723933488596683219e+02
9.725233227295358347e+02
9.726533572396725731e+02
9.727834526913063655e+02
9.729136090690349192e+02
9.730438266745356941e+02
9.731741054937316449e+02
9.733044458287587304e+02
9.734348476668710646e+02
9.735653113106718592e+02
9.736958367487519581e+02
9.738264242841909208e+02
9.739570739069222327e+02
9.740877859205108962e+02
9.742185603162387224e+02
9.743493973981651379e+02
9.744802971589265326e+02
9.746112599030860792e+02
9.747422856246404308e+02
9.748733746286658288e+02
9.750045269105255556e+02
9.751357427758180165e+02
9.752670222212793760e+02
9.753983655530398664e+02
9.755297727692145600e+02
9.756612441764750656e+02
9.757927797743217297e+02
9.759243798699772015e+02
9.760560444643336950e+02
9.761877738651743357e+02
9.763195680747897995e+02
9.764514274015334649e+02
9.765833518491009499e+02
9.767153417264258906e+02
9.768473970386156680e+02
9.769795180951939528e+02
9.771117049026867107e+02
9.772439577712175378e+02
9.773762767087380325e+02
9.775086620259818346e+02
9.776411137323331104e+02
9.777736321391456613e+02
9.779062172572433838e+02
9.780388693986105864e+02
9.781715885755178306e+02
9.783043751005902777e+02
9.784372289875528850e+02
9.785701505496817845e+02
9.787031398021634914e+02
9.788361970589361363e+02
9.789693223366550683e+02
9.791025159499306483e+02
9.792357779168950174e+02
9.793691085528416806e+02
9.795025078773869609e+02
9.796359762065183077e+02
9.797695135613441835e+02
9.799031202585566689e+02
9.800367963207643243e+02
9.801705420653748888e+02
9.803043575165049788e+02
9.804382429922892470e+02
9.805721985183605511e+02
9.807062244135913716e+02
9.808403207051388790e+02
9.809744877126249776e+02
9.811087254647396776e+02
9.812430342818653344e+02
9.813774141942330971e+02
9.815118655229975957e+02
9.816463882999398720e+02
9.817809828469980857e+02
9.819156491975116978e+02
9.820503876742143348e+02
9.821851983120127443e+02
9.823200814344478431e+02
9.824550370780024195e+02
9.825900655670363903e+02
9.827251669396179068e+02
9.828603415209380501e+02
9.829955893506592020e+02
9.831309107548158863e+02
9.832663057746739241e+02
9.834017747371234464e+02
9.835373176850433765e+02
9.836729349461916172e+02
9.838086265650696305e+02
9.839443928703158235e+02
9.840802339080637466e+02
9.842161500078448171e+02
9.843521412174344505e+02
9.844882078672698071e+02
9.846243500067781724e+02
9.847605679673152963e+02
9.848968617999704520e+02
9.850332318370307121e+02
9.851696781312573421e+02
9.853062010158822659e+02
9.854428005453490869e+02
9.855794770538474268e+02
9.857162305975136860e+02
9.858530615115088267e+02
9.859899698536723918e+02
9.861269559601502124e+02
9.862640198904957742e+02
9.864011619818533063e+02
9.865383822955011510e+02
9.866756811695955776e+02
9.868130586671509263e+02
9.869505151273493766e+02
9.870880506149522944e+02
9.872256654701818661e+02
9.873633597595577385e+02
9.875011338243563159e+02
9.876389877328670082e+02
9.877769218274347622e+02
9.879149361781302332e+02
9.880530311283813489e+02
9.881912067500518333e+02
9.883294633876671469e+02
9.884678011148960195e+02
9.886062202773762237e+02
9.887447209505935461e+02
9.888833034813129643e+02
9.890219679468494860e+02
9.891607146951103005e+02
9.892995438052521422e+02
9.894384556263396462e+02
9.895774502393836656e+02
9.897165279946217424e+02
9.898556889749315815e+02
9.899949335317392070e+02
9.901342617498017944e+02
9.902736739817496527e+02
9.904131703142327297e+02
9.905527511011011939e+02
9.906924164309110665e+02
9.908321666587484060e+02
9.909720018750887220e+02
9.911119224362702198e+02
9.912519284347011990e+02
9.913920202279886098e+02
9.915321979104874117e+02
9.916724618410894436e+02
9.918128121161104218e+02
9.919532490957441269e+02
9.920937728782809018e+02
9.922343838252330670e+02
9.923750820368801442e+02
9.925158678760703879e+02
9.926567414450865954e+02
9.927977031081302357e+02
9.929387529695022749e+02
9.930798913947746769e+02
9.932211184902815830e+02
9.933624346229830735e+02
9.935038399012614718e+02
9.936453346934828232e+02
9.937869191100928674e+02
9.939285935208816909e+02
9.940703580383741382e+02
9.942122130338025272e+02
9.943541586217862687e+02
9.944961951750183289e+02
9.946383228102288285e+02
9.947805419015900270e+02
9.949228525679585573e+02
9.950652551850049576e+02
9.952077498737288579e+02
9.953503370113181745e+02
9.954930167209320189e+02
9.956357893812946713e+02
9.957786551177417778e+02
9.959216143105536503e+02
9.960646670872590676e+02
9.962078138297141550e+02
9.963510546676583317e+02
9.964943899845433180e+02
9.966378199123365675e+02
9.967813448361057453e+02
9.969249648900638476e+02
9.970686804609147202e+02
9.972124916851352054e+02
9.973563989510860210e+02
9.975004023975257041e+02
9.976445024144927629e+02
9.977886991430459602e+02
9.979329929749227404e+02
9.980773840535007366e+02
9.982218727722377025e+02
9.983664592768489001e+02
9.985111439625339926e+02
9.986559269773654250e+02
9.988008087183063708e+02
9.989457893358057845e+02
9.990908692286127462e+02
9.992360485495723879e+02
9.993813276992418650e+02
9.995267068328824962e+02
9.996721863528823633e+02
9.998177664169389800e+02
9.999634474292944333e+02
1.000109229550103123e+03
1.000255113185483992e+03
1.000401098498069246e+03
1.000547185895878215e+03
1.000693375544041942e+03
1.000839667852504022e+03
1.000986062988915478e+03
1.001132561365168272e+03
1.001279163151455350e+03
1.001425868761641254e+03
1.001572678368482684e+03
1.001719592387841317e+03
1.001866610995060000e+03
1.002013734608022560e+03
1.002160963404680729e+03
1.002308297804965378e+03
1.002455737989459976e+03
1.002603284380168361e+03
1.002750937160328590e+03
1.002898696754043499e+03
1.003046563347229380e+03
1.003194537366113991e+03
1.003342618999315846e+03
1.003490808675214112e+03
1.003639106585153854e+03
1.003787513159692367e+03
1.003936028592925595e+03
1.004084653317616358e+03
1.004233387530636492e+03
1.004382231666981738e+03
1.004531185926324952e+03
1.004680250745922535e+03
1.004829426328274053e+03
1.004978713112924993e+03
1.005128111305227549e+03
1.005277621347044601e+03
1.005427243446607235e+03
1.005576978048124943e+03
1.005726825362734303e+03
1.005876785837020634e+03
1.006026859685053068e+03
1.006177047355822310e+03
1.006327349066357669e+03
1.006477765268085363e+03
1.006628296181022620e+03
1.006778942259061523e+03
1.006929703725235299e+03
1.007080581035933051e+03
1.007231574417232650e+03
1.007382684328051141e+03
1.007533910997540147e+03
1.007685254887176370e+03
1.007836716229214858e+03
1.007988295487723917e+03
1.008139992898091464e+03
1.008291808927010266e+03
1.008443743813031574e+03
1.008595798025505246e+03
1.008747971806176565e+03
1.008900265627085901e+03
1.009052679733203831e+03
1.009205214599294891e+03
1.009357870473586559e+03
1.009510647833601979e+03
1.009663546930857478e+03
1.009816568245669487e+03
1.009969712032875805e+03
1.010122978775621164e+03
1.010276368732097922e+03
1.010429882388314809e+03
1.010583520005852279e+03
1.010737282073618985e+03
1.010891168856617469e+03
1.011045180846693142e+03
1.011199318312304968e+03
1.011353581748272290e+03
1.011507971426545396e+03
1.011662487844955081e+03
1.011817131278978763e+03
1.011971902229496663e+03
1.012126800975549145e+03
1.012281828021104616e+03
1.012436983648803107e+03
1.012592268365740324e+03
1.012747682458193026e+03
1.012903226436423893e+03
1.013058900590384042e+03
1.013214705433543600e+03
1.013370641259566014e+03
1.013526708585169672e+03
1.013682907707769346e+03
1.013839239147373064e+03
1.013995703205186146e+03
1.014152300404548214e+03
1.014309031050495150e+03
1.014465895669740689e+03
1.014622894571191864e+03
1.014780028284979835e+03
1.014937297123923827e+03
1.015094701621616082e+03
1.015252242094829853e+03
1.015409919080662917e+03
1.015567732899884845e+03
1.015725684093144196e+03
1.015883772985249948e+03
1.016042000120446801e+03
1.016200365827626911e+03
1.016358870654677617e+03
1.016517514934618703e+03
1.016676299219026987e+03
1.016835223845094788e+03
1.016994289368136265e+03
1.017153496129561972e+03
1.017312844688471728e+03
1.017472335390540820e+03
1.017631968798703952e+03
1.017791745262948098e+03
1.017951665350092640e+03
1.018111729414484103e+03
1.018271938026877024e+03
1.018432291546026249e+03
1.018592790546672745e+03
1.018753435392028905e+03
1.018914226660874192e+03
1.019075164720928683e+03
1.019236250155063090e+03
1.019397483335556217e+03
1.019558864849423571e+03
1.019720395073554300e+03
1.019882074599163047e+03
1.020043903807801826e+03
1.020205883294939895e+03
1.020368013446845225e+03
1.020530294863297513e+03
1.020692727935335142e+03
1.020855313267105203e+03
1.021018051254471175e+03
1.021180993930194632e+03
1.021344297003394672e+03
1.021507859990207180e+03
1.021671787518518613e+03
1.021835979118927753e+03
1.022000539485484524e+03
1.022165368159662989e+03
1.022330569907282324e+03
1.022496044277070041e+03
1.022661896112319027e+03
1.022828024965353734e+03
1.022994535762746523e+03
1.023161328056726575e+03
1.023328506863056987e+03
1.023495971730142742e+03
1.023663827768957276e+03
1.023831974520316066e+03
1.024000517196533792e+03
1.024169355327033145e+03
1.024338594231716797e+03
1.024508133424773177e+03
1.024678078340059528e+03
1.024848328472648973e+03
1.025018989376842455e+03
1.025189960524676962e+03
1.025361347597514623e+03
1.025533050040395210e+03
1.025705173668490261e+03
1.025877617895840103e+03
1.026050488678310558e+03
1.026223685394897302e+03
1.026397314149186286e+03
1.026571274281041724e+03
1.026745672048940605e+03
1.026920406749484528e+03
1.027095584803363636e+03
1.027271105459741875e+03
1.027447075309000411e+03
1.027623393548645254e+03
1.027800166946387890e+03
1.027977294643810410e+03
1.028154883593760360e+03
1.028332832877584451e+03
1.028511249641245286e+03
1.028690032901494078e+03
1.028869290005567336e+03
1.029048919901213594e+03
1.029229030145286970e+03
1.029409519612077474e+03
1.029590496076592444e+03
1.029771858335158868e+03
1.029953714389672996e+03
1.030135962953943590e+03
1.030318712265697741e+03
1.030501860951621211e+03
1.030685517494428041e+03
1.030869580429024381e+03
1.031054158492490160e+03
1.031239150123243689e+03
1.031424664322339822e+03
1.031610599426949193e+03
1.031797064711950725e+03
1.031983958408454100e+03
1.032171390075259296e+03
1.032359257832549019e+03
1.032547671533400262e+03
1.032736529182148615e+03
1.032925940936772122e+03
1.033115804680785232e+03
1.033306230887969832e+03
1.033497117315991090e+03
1.033688574765627436e+03
1.033880500863612042e+03
1.034073006749213391e+03
1.034265989913095154e+03
1.034459561844824066e+03
1.034653619893801078e+03
1.034848275912025429e+03
1.035043427102388478e+03
1.035239185691795001e+03
1.035435448731324414e+03
1.035632328835615226e+03
1.035829722898577984e+03
1.036027743935780563e+03
1.036226288678553374e+03
1.036425470556974233e+03
1.036625186134328715e+03
1.036825549269184876e+03
1.037026456351265324e+03
1.037228021682026792e+03
1.037430141472058494e+03
1.037632930480539471e+03
1.037836284733303273e+03
1.038040319462540765e+03
1.038244930503657542e+03
1.038450233577619883e+03
1.038656124323684480e+03
1.038862718967852743e+03
1.039069912947463763e+03
1.039277823010333350e+03
1.039486344386068822e+03
1.039695594361621033e+03
1.039905467953008838e+03
1.040116083004205620e+03
1.040327334311744607e+03
1.040539340295103557e+03
1.040751995525394250e+03
1.040965419016701617e+03
1.041179505108746525e+03
1.041394373429975303e+03
1.041609918082717286e+03
1.041826259330216317e+03
1.042043291031383660e+03
1.042261134105411656e+03
1.042479682161745359e+03
1.042699056797428057e+03
1.042919151366373626e+03
1.043140088166165697e+03
1.043361760289111999e+03
1.043584290756853306e+03
1.043807572394013050e+03
1.044031728970674749e+03
1.044256653037703018e+03
1.044482469138924216e+03
1.044709069545381453e+03
1.044936579600905134e+03
1.045164891290676451e+03
1.045394130785801963e+03
1.045624189779592825e+03
1.045855195298770241e+03
1.046087038738809952e+03
1.046319848011508611e+03
1.046553514208598472e+03
1.046788166157596152e+03
1.047023694640652593e+03
1.047260229432898768e+03
1.047497661001152892e+03
1.047736120101372762e+03
1.047975496879396815e+03
1.048215923106615719e+03
1.048457288602364542e+03
1.048699726189546027e+03
1.048943125355613120e+03
1.049187620012617799e+03
1.049433099310921762e+03
1.049679698291013437e+03
1.049927305761148546e+03
1.050176057931287460e+03
