1.473650466465582581e+11
1.442011225919842834e+11
1.409883578204132385e+11
1.378748440028204346e+11
1.347924181968135834e+11
1.315152799381205597e+11
1.283848752350602417e+11
1.253266750866567993e+11
1.220461735441443939e+11
1.189533843821356354e+11
1.158294029175405121e+11
1.125622464251609039e+11
1.095344291820752106e+11
1.063395173454942780e+11
1.031057147493171539e+11
1.000688778735459595e+11
9.684566151332566833e+10
9.371068470710632324e+10
9.214392405084295654e+10
9.053377327922935486e+10
8.899619176405006409e+10
8.739067630649499512e+10
8.585348148461730957e+10
8.420647774856857300e+10
8.273422571191567993e+10
8.106964406197726440e+10
7.952840216821604919e+10
7.796188381301290894e+10
7.637655316594088745e+10
7.479863867414573669e+10
7.323167569799678040e+10
7.167781082821809387e+10
7.006398694729336548e+10
6.933337595532743835e+10
6.848371782517507935e+10
6.835486038304301453e+10
6.808992761296819305e+10
6.796321086711215210e+10
6.769641310694805908e+10
6.757137918449925995e+10
6.730318799351776123e+10
6.717935482760041809e+10
6.691026175229560089e+10
6.678713057904338074e+10
6.651764086058992767e+10
6.639470250394922638e+10
6.612532889110135651e+10
6.600207020734471893e+10
6.573332656703015137e+10
6.560923694796530914e+10
6.534163184474038696e+10
6.521620963985386658e+10
6.495023995497768402e+10
6.482299875508132935e+10
6.455914342780211639e+10
6.442961806980462646e+10
6.416833216117088318e+10
6.403608432219885254e+10
6.377779342813448334e+10
6.364241685130529785e+10
6.338751197448715210e+10
6.324863709874281311e+10
6.299747019684977722e+10
6.285476820361143494e+10
6.260764830253028107e+10
6.246083460361673737e+10
6.221802466921614838e+10
6.206686162354541779e+10
6.182857623378015900e+10
6.167287520572401428e+10
6.143927896163840485e+10
6.127890161486644745e+10
6.105010840303620148e+10
6.088496723858860016e+10
6.066104021031558990e+10
6.049109838046850586e+10
6.027205072859690857e+10
6.009732101326947784e+10
5.988311748014788818e+10
5.970366059609889221e+10
5.949421955952151489e+10
5.931014178538633728e+10
5.910533800710630035e+10
5.891678811063787842e+10
5.871645601853800201e+10
5.852362165730694580e+10
5.832755908079708862e+10
5.813066270148228455e+10
5.793863501598251343e+10
5.773792938676449585e+10
5.754967397773926544e+10
5.734543739413322449e+10
5.716066842796862793e+10
5.695319972801162720e+10
5.677161305985908508e+10
5.656122658261485291e+10
5.638250477318695068e+10
5.616952530021560669e+10
5.599334266207100677e+10
5.577810043654918671e+10
5.560412802961938477e+10
5.538695395386704254e+10
5.521486437366490936e+10
5.499608548915174103e+10
5.482555743381549072e+10
5.460549262237162781e+10
5.443621518549275208e+10
5.421517125254145050e+10
5.404684773766665649e+10
5.382511593094892883e+10
5.365746724236059570e+10
5.343532012908649445e+10
5.326808769684748077e+10
5.304577651949293518e+10
5.287872463584680176e+10
5.265647720748229980e+10
5.248939474795019531e+10
5.226741404965422058e+10
5.210011487550302887e+10
5.197596028618384552e+10
5.190517543366555786e+10
5.178191753165219116e+10
5.171027071821535492e+10
5.158791361620325470e+10
5.151540211859415436e+10
5.139394711263130951e+10
5.132057221443549347e+10
5.120001646544691467e+10
5.112578346874300385e+10
5.100612030702770996e+10
5.093103815832051086e+10
5.081225746805892944e+10
5.073633837728515625e+10
5.061842697111077881e+10
5.054168604446280670e+10
5.042462802318848419e+10
5.034708291124780273e+10
5.023086000796093750e+10
5.015253056975446320e+10
5.003712247771407318e+10
4.995803046119067383e+10
4.984341514504523468e+10
4.976358388439792633e+10
4.964973787438139343e+10
4.956919200454048920e+10
4.945609067339068604e+10
4.937485586189832306e+10
4.926247368433397675e+10
4.918057638070015717e+10
4.906888717541823578e+10
4.898635437797187805e+10
4.887533153220744324e+10
4.879219057233350372e+10
4.868180724912397003e+10
4.859808559267475128e+10
4.848831492104205322e+10
4.840403998666036224e+10
4.829485523503913116e+10
4.821005422905494690e+10
4.810142896233755493e+10
4.801612872984682465e+10
4.790803695047305298e+10
4.782226384213545990e+10
4.771468011569870758e+10
4.762845986977034760e+10
4.752135943566452789e+10
4.743471707472195435e+10
4.732807594238835907e+10
4.724103568415475464e+10
4.713483071549981689e+10
4.704741589714839935e+10
4.694162487578820801e+10
4.685385789109252930e+10
4.674845957910212708e+10
4.666036182776377106e+10
4.655533601061247253e+10
4.646692785905177307e+10
4.636225537941902924e+10
4.627355613231693268e+10
4.616921891351441193e+10
4.608024679539294434e+10
4.597622785511408234e+10
4.588700000124166107e+10
4.578328345634587097e+10
4.569381591223744202e+10
4.559038697528478241e+10
4.550069470409944153e+10
4.539753967235089111e+10
4.530763656949823761e+10
4.520474280708230591e+10
4.511464172133697510e+10
4.501199763525034332e+10
4.492171039567609406e+10
4.481930540628575134e+10
4.472884285432129669e+10
4.462666736104340363e+10
4.453603938711572266e+10
4.443408472990408325e+10
4.434330031393652344e+10
4.424155873118146515e+10
4.415062598638549805e+10
4.404909056980519867e+10
4.395801678919869232e+10
4.385668143629358673e+10
4.376547314140258026e+10
4.366433250599475861e+10
4.357299549721575165e+10
4.347204493856193542e+10
4.338058434669370270e+10
4.327981987765690613e+10
4.318824021616190338e+10
4.308765845088365936e+10
4.299596366844940186e+10
4.289556176993405914e+10
4.280375530291877747e+10
4.270353093089677429e+10
4.261161575529873657e+10
4.251156701472977448e+10
4.241954569735225677e+10
4.231967108789820099e+10
4.222754583641160583e+10
4.212784420315904999e+10
4.203561691477476501e+10
4.193608740045371246e+10
4.184375970896533966e+10
4.174440170789909363e+10
4.165197502889072418e+10
4.155278814287982178e+10
4.146026371691670990e+10
4.136124771322759247e+10
4.126862664685993958e+10
4.116978141845655060e+10
4.107706472290950775e+10
4.097839025105918121e+10
4.088557887849648285e+10
4.078707519784465027e+10
4.069417007512999725e+10
4.059583724132045746e+10
4.050283930119945526e+10
4.040467736108060455e+10
4.031158757075898743e+10
4.021359653521668243e+10
4.012041592231111145e+10
4.002259574173301697e+10
3.992932541760456085e+10
3.983167595995833588e+10
3.973831714043815613e+10
3.964083817193413544e+10
3.954739219548558044e+10
3.945008336379169464e+10
3.935655170715832520e+10
3.925941252710404205e+10
3.916579681850736237e+10
3.906882666021209717e+10
3.897512869016548157e+10
3.887832676950505066e+10
3.878454849932641602e+10
3.868791387066379547e+10
3.859405743879466248e+10
3.849758898986151886e+10
3.840365671607661438e+10
3.830735316491239929e+10
3.821334755254364014e+10
3.811720744636187744e+10
3.802313118264842987e+10
3.792715289851995850e+10
3.783300885321093750e+10
3.773719060043745422e+10
3.764298182277011108e+10
3.754732164681183624e+10
3.745305136099537659e+10
3.735754714883229828e+10
3.726321874816484833e+10
3.716786823496026611e+10
3.707348527470780182e+10
3.697828605164788818e+10
3.688385224080770111e+10
3.678880176398342896e+10
3.669432095606177521e+10
3.659941655627671051e+10
3.650489273920134735e+10
3.641013163257612610e+10
3.631556891787201691e+10
3.622094821712612915e+10
3.612635082847358704e+10
3.603186755475654602e+10
3.593723981604460144e+10
3.584289091120693207e+10
3.574823723420557404e+10
3.565401957339493561e+10
3.555934444515601349e+10
3.546525484963313293e+10
3.537056281971640778e+10
3.527659806978621674e+10
3.518189373741342163e+10
3.508805058537895966e+10
3.499333858660566711e+10
3.489961376966256714e+10
3.480489876465444946e+10
3.471128901764143372e+10
3.461657567813175201e+10
3.452307774605817413e+10
3.442837074305714417e+10
3.433498139334466934e+10
3.424028538517515945e+10
3.414700141954411316e+10
3.405232104026366806e+10
3.395913930620589066e+10
3.386447915447163010e+10
3.377139655625214767e+10
3.367676118467957306e+10
3.358377469382487488e+10
3.348916859889190674e+10
3.339627526412096024e+10
3.330170287664958954e+10
3.320889983321012115e+10
3.311436550945763779e+10
3.302164998784065628e+10
3.292715800122425079e+10
3.283452733523946762e+10
3.274008186872064972e+10
3.264753350291381836e+10
3.255313864204913712e+10
3.246067013844675827e+10
3.236632986511083221e+10
3.227393890928473282e+10
3.217965709607810211e+10
3.208734150253280640e+10
3.199312190787421036e+10
3.190087962475324249e+10
3.180672588865512466e+10
3.171455500176449203e+10
3.162047064227727127e+10
3.152836937843630219e+10
3.143435778876007080e+10
3.134232451849436951e+10
3.124838896474749374e+10
3.115642220433830261e+10
3.106256582395817566e+10
3.097066423685950470e+10
3.087689003761249161e+10
3.078505243526159286e+10
3.069136329484669876e+10
3.059958863688520813e+10
3.050598730315041733e+10
3.041427469691433716e+10
3.032076378929204559e+10
3.022911248621139145e+10
3.013569450697043610e+10
3.004410386557030106e+10
2.995078132417764664e+10
2.990544263091557693e+10
2.985840594669901276e+10
2.981303410720581055e+10
2.976606844250397110e+10
2.972066665558495331e+10
2.967376932019773102e+10
2.962834040342794037e+10
2.958150888313322067e+10
2.953605552705774689e+10
2.948928742584194565e+10
2.944381220635592270e+10
2.939710524269150162e+10
2.935161062379001999e+10
2.930496262768548965e+10
2.925945096463150024e+10
2.921285987434447861e+10
2.916733341702481461e+10
2.912079727566809845e+10
2.907525817201933289e+10
2.902877512411665344e+10
2.898322542358755493e+10
2.893679371160332108e+10
2.889123536863477707e+10
2.884485332949451065e+10
2.879928820699962997e+10
2.875295426861891556e+10
2.870738414144778061e+10
2.866109681928194046e+10
2.861552337765959167e+10
2.856928127128715515e+10
2.852370612421136475e+10
2.847750791396217728e+10
2.843193259255240250e+10
2.838577703618942261e+10
2.834020299697802353e+10
2.829408892644037247e+10
2.824851755459836197e+10
2.820244387281314850e+10
2.815687648530478668e+10
2.811084216307252502e+10
2.806528001173288345e+10
2.801928408469258118e+10
2.797372835922500610e+10
2.792776992490072632e+10
2.788222175578955460e+10
2.783629997072364426e+10
2.779076043205970383e+10
2.774487450903331757e+10
2.769934462125119019e+10
2.765349382659425354e+10
2.760797455911912537e+10
2.756215821011170959e+10
2.751665048391516876e+10
2.747086794627928162e+10
2.742537263634353256e+10
2.737962332182662201e+10
2.733414125951812744e+10
2.728842462356726074e+10
2.724295659891857910e+10
2.719727213844547653e+10
2.715181890234848022e+10
2.710616615358267593e+10
2.706072841989211273e+10
2.701510695632408524e+10
2.696968540387413025e+10
2.692409483428293991e+10
2.687869010881780243e+10
2.683313007538503265e+10
2.678774279140542984e+10
2.674221296791154099e+10
2.669684371043986130e+10
2.665134380054154968e+10
2.660599312680526733e+10
2.656052286239202499e+10
2.651519130343152618e+10
2.646975044305846405e+10
2.642443850525763321e+10
2.637902683265300369e+10
2.633373499919697571e+10
2.628835232184182739e+10
2.624308105410403442e+10
2.619772720188109589e+10
2.615247694074162292e+10
2.610715176465201187e+10
2.606192293174955368e+10
2.601662630269380569e+10
2.597141930161444473e+10
2.592615110923628998e+10
2.588096632664066696e+10
2.583572647823095703e+10
2.579056428492256165e+10
2.574535270438065338e+10
2.570021345631728363e+10
2.565503008316789246e+10
2.560991412241960907e+10
2.556475891088273239e+10
2.551966656653716660e+10
2.547453948464833450e+10
2.542947107366630173e+10
2.538437210244605637e+10
2.533932793047033310e+10
2.529425706313942719e+10
2.524923742525759506e+10
2.520419466649662399e+10
2.515919984796063232e+10
2.511418521321208191e+10
2.506921549011705780e+10
2.502422900492740250e+10
2.497928464485069275e+10
2.493432634425001907e+10
2.488940760685310364e+10
2.484447753477250290e+10
2.479958467236739349e+10
2.475468288108998108e+10
2.470981613917163849e+10
2.466494268881587982e+10
2.462010230656328964e+10
2.457525726459874344e+10
2.453044347534479523e+10
2.448562691613630676e+10
2.444083994780925751e+10
2.439605195218964767e+10
2.435129202772780228e+10
2.430653268259659195e+10
2.426180002033611679e+10
2.421706941828371811e+10
2.417236423232298279e+10
2.412766247127799225e+10
2.408298497181869125e+10
2.403831215471786118e+10
2.399366254838405228e+10
2.394901878286347580e+10
2.390439727300031281e+10
2.385978267110573578e+10
2.381518945805874634e+10
2.377060413597586441e+10
2.372603941735186768e+10
2.368148349515279770e+10
2.363694746606383896e+10
2.359242106747150421e+10
2.354791392076262665e+10
2.350341717292991638e+10
2.345893909939097214e+10
2.341447213269498444e+10
2.337002332125926208e+10
2.332558626910960770e+10
2.328116690703816605e+10
2.323675990569716263e+10
2.319237017875051880e+10
2.314799336716713715e+10
2.310363345976557922e+10
2.305928697941953659e+10
2.301495707479174423e+10
2.297064106954871750e+10
2.292634134987054443e+10
2.288205596584776688e+10
2.283778661237039566e+10
2.279353199781116867e+10
2.274929319098098373e+10
2.270506949613792419e+10
2.266086141570700836e+10
2.261666879273400116e+10
2.257249161786312866e+10
2.252833022071463394e+10
2.248418413006874084e+10
2.244005411440603256e+10
2.239593928624204636e+10
2.235184080934682083e+10
2.230775742159574509e+10
2.226369064228916931e+10
2.221963887263158798e+10
2.217560395119981003e+10
2.213158397713539886e+10
2.208758107526027298e+10
2.204359307417292786e+10
2.199962235486764908e+10
2.195566650408450317e+10
2.191172813163419724e+10
2.186780460848067474e+10
2.182389874838706207e+10
2.178000773023759460e+10
2.173613454916801834e+10
2.169227621349233246e+10
2.164843587923243332e+10
2.160461040363868332e+10
2.156080308504843140e+10
2.151701064732216263e+10
2.147323651429550552e+10
2.142947729243610382e+10
2.138573651586325836e+10
2.134201068811657715e+10
2.129830343984917450e+10
2.125461118473812866e+10
2.121093763755751038e+10
2.116727913390961456e+10
2.112363946149637985e+10
2.108001488846937561e+10
2.103640926537629318e+10
2.099281880248020172e+10
2.094924740410642242e+10
2.090569123122554779e+10
2.086215423379312134e+10
2.081863253120446396e+10
2.077513011173647308e+10
2.073164306012707520e+10
2.068817539642706299e+10
2.064472317690951920e+10
2.060129044754282761e+10
2.055787324166946793e+10
2.051447562594588089e+10
2.047109361572134781e+10
2.042773129367882919e+10
2.038438466157123184e+10
2.034105781396052933e+10
2.029774674291174316e+10
2.025445555118281174e+10
2.021118022461705399e+10
2.016792487090573120e+10
2.012468547273775482e+10
2.008146613985355759e+10
2.003826285449562454e+10
1.999507972591038132e+10
1.995191273827820206e+10
1.990876599811549377e+10
1.986563549363323212e+10
1.982252532665827560e+10
1.977943149126349258e+10
1.973635808287383270e+10
1.969330110302073669e+10
1.965026463923743820e+10
1.960724470190041351e+10
1.956424536935966873e+10
1.952126266203520203e+10
1.947830064798053741e+10
1.943535535868975067e+10
1.939243085096432877e+10
1.934952316825399399e+10
1.930663635529369354e+10
1.926376646823720169e+10
1.922091753906388474e+10
1.917808563726191711e+10
1.913527478147696304e+10
1.909248105505720901e+10
1.904970846283503342e+10
1.900695310245219803e+10
1.896421896453443146e+10
1.892150216136940002e+10
1.887880666905919266e+10
1.883612861481789780e+10
1.879347195997426987e+10
1.875083284688672256e+10
1.870821522191892624e+10
1.866561524273713684e+10
1.862303684059954071e+10
1.858047618859617996e+10
1.853793720278297043e+10
1.849541607174860382e+10
1.845291669628895569e+10
1.841043528053038788e+10
1.836797570998317337e+10
1.832553420432021713e+10
1.828311463376896286e+10
1.824071323353209305e+10
1.819833385858047104e+10
1.815597275960774231e+10
1.811363377637445450e+10
1.807131317500815582e+10
1.802901478012219620e+10
1.798673487320583725e+10
1.794447726380149078e+10
1.790223824867591476e+10
1.786002162238846588e+10
1.781782369688869858e+10
1.777564825184902573e+10
1.773349161429986572e+10
1.769135754913010025e+10
1.764924239834274673e+10
1.760714991215129089e+10
1.756507644741901398e+10
1.752302573979566574e+10
1.748099416088950729e+10
1.743898543190062714e+10
1.739699593906543732e+10
1.735502938924912643e+10
1.731308218319879150e+10
1.727115801355983353e+10
1.722925329547289658e+10
1.718737170747782898e+10
1.714550967899280930e+10
1.710367087456509209e+10
1.706185173777552223e+10
1.702005591929013443e+10
1.697827987674004936e+10
1.693652724701852608e+10
1.689479450169721985e+10
1.685308526400248337e+10
1.681139601933971214e+10
1.676973037737075043e+10
1.672808483723114586e+10
1.668646299511771774e+10
1.664486136379592514e+10
1.660328352609322929e+10
1.656172600830841827e+10
1.652019237999149132e+10
1.647867918088177681e+10
1.643718996734026909e+10
1.639572129245748138e+10
1.635427669948978806e+10
1.631285275479355240e+10
1.627145298860122299e+10
1.623007398045350838e+10
1.618871924763569641e+10
1.614738538279476738e+10
1.610607589034209442e+10
1.606478737595681190e+10
1.602352333124574280e+10
1.598228037484952736e+10
1.594106198563632584e+10
1.589986479514109802e+10
1.585869226955566788e+10
1.581754105324575424e+10
1.577641459978566551e+10
1.573530956631156158e+10
1.569422939383577919e+10
1.565317075220782661e+10
1.561213706993038559e+10
1.557112502951236153e+10
1.553013804699610710e+10
1.548917281749872398e+10
1.544823274464875984e+10
1.540731453612328339e+10
1.536642158318044662e+10
1.532555060601185608e+10
1.528470498354605293e+10
1.524388144844637871e+10
1.520308336735009575e+10
1.516230748535170746e+10
1.512155715683291817e+10
1.508082913928144264e+10
1.504012677485699844e+10
1.499944683340451622e+10
1.495879264489313698e+10
1.491816099149110985e+10
1.487755519100604820e+10
1.483697203789805031e+10
1.479641483784046936e+10
1.475588039755508804e+10
1.471537201060653114e+10
1.467488649595004082e+10
1.463442713506512833e+10
1.459399075911406517e+10
1.455358063751314163e+10
1.451319361360674858e+10
1.447283294476861382e+10
1.443249548650156784e+10
1.439218448415571022e+10
1.435189680537016678e+10
1.431163568348918724e+10
1.427139799826731491e+10
1.423118697105911255e+10
1.419099949371501350e+10
1.415083877561525726e+10
1.411070172068740463e+10
1.407059152635141182e+10
1.403050510859430313e+10
1.399044565288907051e+10
1.395041008726564407e+10
1.391040158526182365e+10
1.387041708693480301e+10
1.383045975389863777e+10
1.379052653822278976e+10
1.375062058960774231e+10
1.371073887212117386e+10
1.367088452355981255e+10
1.363105451997586632e+10
1.359125198727114105e+10
1.355147391346974564e+10
1.351172341258694077e+10
1.347199748460626411e+10
1.343229923166398811e+10
1.339262566569157219e+10
1.335297987695345688e+10
1.331335888931768036e+10
1.327376578118335152e+10
1.323419758834454727e+10
1.319465737734119225e+10
1.315514219588278961e+10
1.311565509865579796e+10
1.307619314527536392e+10
1.303675937857970238e+10
1.299735087007989120e+10
1.295797065077092934e+10
1.291861580405042648e+10
1.287928934907473946e+10
1.283998838111895752e+10
1.280071590750507545e+10
1.276146903537687683e+10
1.272225076022604179e+10
1.268305820105647659e+10
1.264389434153333473e+10
1.260475631251205444e+10
1.256564708583499527e+10
1.252656380420088196e+10
1.248750942763259506e+10
1.244848111066405296e+10
1.240948180150191879e+10
1.237050866650720787e+10
1.233156464207350731e+10
1.229264690638097382e+10
1.225375838401308823e+10
1.221489626496138382e+10
1.217606346200199699e+10
1.213725717693014145e+10
1.209848031071742058e+10
1.205973007695463943e+10
1.202100936481181335e+10
1.198231539966776466e+10
1.194365105889334488e+10
1.190501357964776611e+10
1.186640582750537491e+10
1.182782505139796257e+10
1.178927410510584831e+10
1.175075024932568169e+10
1.171225632604654694e+10
1.167378960772221375e+10
1.163535292455286026e+10
1.159694356074153519e+10
1.155856433470222855e+10
1.152021254237943840e+10
1.148189099040343285e+10
1.144359698645226860e+10
1.140533332537518692e+10
1.136709732657579994e+10
1.132889177312480164e+10
1.129071399614345741e+10
1.125256676692676926e+10
1.121444742830535507e+10
1.117635873980108070e+10
1.113829805594582367e+10
1.110026812449125290e+10
1.106226631166211319e+10
1.102429535344256783e+10
1.098635262774188995e+10
1.094844085877983284e+10
1.091055743614163017e+10
1.087270507228544807e+10
1.083488116846384430e+10
1.079708842537668037e+10
1.075932425593495369e+10
1.072159134908332825e+10
1.068388712938252640e+10
1.064621427402523041e+10
1.060857021921285057e+10
1.057095763038945198e+10
1.053337395538786316e+10
1.049582184790715218e+10
1.045829876740229797e+10
1.042080735583091736e+10
1.038334508426068497e+10
1.034591458291144180e+10
1.030851333445398712e+10
1.027114395737429428e+10
1.023380394593644905e+10
1.019649590689649010e+10
1.015921734610200310e+10
1.012197085858316040e+10
1.008475396176085472e+10
1.004756923894366837e+10
1.001041421911559486e+10
9.973291473868005753e+09
9.936198543737585068e+09
9.899137988603044510e+09
9.862107360543109894e+09
9.825109207728382111e+09
9.788141093768976212e+09
9.751205555132291794e+09
9.714300166948772430e+09
9.677427453987585068e+09
9.640585002888513565e+09
9.603775326727418900e+09
9.566996023642101288e+09
9.530249595020593643e+09
9.493533650487134933e+09
9.456850679747354507e+09
9.420198303900262833e+09
9.383579000974678040e+09
9.346990403532518387e+09
9.310434977931503296e+09
9.273910368184440613e+09
9.237419028983980179e+09
9.200958615781490326e+09
9.164531571610624313e+09
9.128135563348955154e+09
9.091773022377351761e+09
9.055441626986923218e+09
9.019143796912267685e+09
8.982877221845157623e+09
8.946644309880664825e+09
8.910442762098054886e+09
8.874274974959678650e+09
8.838138660919134140e+09
8.802036204813013077e+09
8.765965330455802917e+09
8.729928411065559387e+09
8.693923181803949356e+09
8.657952004277931213e+09
8.622012624982393265e+09
8.586107393920809746e+09
8.550234068907241821e+09
8.514394988349420547e+09
8.478587921366324425e+09
8.442815194777900696e+09
8.407074588993438721e+09
8.371368419253384590e+09
8.335694477242589951e+09
8.300055066630356789e+09
8.264447990362115860e+09
8.228875540544656754e+09
8.193335531368808746e+09
8.157830243387618065e+09
8.122357502021952629e+09
8.086919576280068398e+09
8.051514302797273636e+09
8.016143939046252251e+09
7.980806332860922813e+09
7.945503730187887192e+09
7.910233990043454170e+09
7.874999346857844353e+09
7.839797670813533783e+09
7.804631184834137917e+09
7.769497770251821518e+09
7.734399638493674278e+09
7.699334682024763107e+09
7.664305100785972595e+09
7.629308798358276367e+09
7.594347963206876755e+09
7.559420510011481285e+09
7.524528615772365570e+09
7.489670206250479698e+09
7.454847446992127419e+09
7.420058274821877480e+09
7.385304843843270302e+09
7.350585101926530838e+09
7.315901191743841171e+09
7.281251072193022728e+09
7.246636874526568413e+09
7.212056568651444435e+09
7.177512274412370682e+09
7.143001972706913948e+09
7.108527771984055519e+09
7.074087664113098145e+09
7.039683746159713745e+09
7.005314020945899010e+09
6.970980574166517258e+09
6.936681419576956749e+09
6.902418631514171600e+09
6.868190234647343636e+09
6.833998291968549728e+09
6.799840839041002274e+09
6.765719927525236130e+09
6.731633603858468056e+09
6.697583908383221626e+09
6.663568898390418053e+09
6.629590602918396950e+09
6.595647090091319084e+09
6.561740377657305717e+09
6.527868544553034782e+09
6.494033597250728607e+09
6.460233625478592873e+09
6.426470624447424889e+09
6.392742694655764580e+09
6.359051820067777634e+09
6.325396111930888176e+09
6.291777542977625847e+09
6.258194235182579041e+09
6.224648150061918259e+09
6.191137420295510292e+09
6.157663996198653221e+09
6.124226021134295464e+09
6.090825434232699394e+09
6.057460389517419815e+09
6.024132814949645042e+09
5.990840875190966606e+09
5.957586487049824715e+09
5.924367825802855492e+09
5.891186797122285843e+09
5.858041586876754761e+09
5.824934089618958473e+09
5.791862501786134720e+09
5.758828706828564644e+09
5.725830911728482246e+09
5.692870988851027489e+09
5.659947155699567795e+09
5.627061273571602821e+09
5.594211570467596054e+09
5.561399896635262489e+09
5.528624490547742844e+09
5.495887191421038628e+09
5.463186248176429749e+09
5.430523489016536713e+09
5.397897173285975456e+09
5.365309118192529678e+09
5.332757593479107857e+09
5.300244405377510071e+09
5.267767834003678322e+09
5.235329674632526398e+09
5.202928217727473259e+09
5.170565247625908852e+09
5.138239065112996101e+09
5.105951443608239174e+09
5.073700694192573547e+09
5.041488579387433052e+09
5.009313420543267250e+09
4.977176969303693771e+09
4.945077557262184143e+09
4.913016925204925537e+09
4.880993414941726685e+09
4.849008756421973228e+09
4.817061301644939423e+09
4.785152769744133949e+09
4.753281522881111145e+09
4.721449269394732475e+09
4.689654381581418991e+09
4.657898557006840706e+09
4.626180178074696541e+09
4.594500931599148750e+09
4.562859210063333511e+09
4.531256689551937103e+09
4.499691772599440575e+09
4.468166124583288193e+09
4.436678158060981750e+09
4.405229527725281715e+09
4.373818656128207207e+09
4.342447187300601959e+09
4.311113553760261536e+09
4.279819388899116039e+09
4.248563135171826839e+09
4.217346415354742050e+09
4.186167681810175896e+09
4.155028546722503185e+09
4.123927472332263947e+09
4.092866060255718231e+09
4.061842782582063198e+09
4.030859230383553505e+09
3.999913885568200111e+09
3.969008328688661098e+09
3.938141051441757679e+09
3.907313623885200024e+09
3.876524547474385262e+09
3.845775381797016144e+09
3.815064638036622524e+09
3.784393865336116791e+09
3.753761584576538086e+09
3.723169334481482029e+09
3.692615645598694324e+09
3.662102046258183002e+09
3.631627076643339157e+09
3.601192254716668129e+09
3.570796130265987396e+09
3.540440210912574291e+09
3.510123056017268181e+09
3.479846162886698246e+09
3.449608100423131466e+09
3.419410355645400524e+09
3.389251506965404034e+09
3.359133031141275406e+09
3.329053516062572002e+09
3.299014428254188061e+09
3.269014365050750732e+09
3.239054782773335934e+09
3.209134288163446426e+09
3.179254327380945206e+09
3.149413516518772602e+09
3.119613291579436779e+09
3.089852278356027126e+09
3.060131900791710377e+09
3.030450801376345634e+09
3.000810372168426991e+09
2.971214257161529064e+09
2.941691666637399197e+09
2.912260766811228752e+09
2.882891117869579315e+09
2.853628712069950581e+09
2.824413370744360447e+09
2.795318975080770016e+09
2.766259192869403839e+09
2.737332399873359680e+09
2.708429331253010273e+09
2.679669799340431213e+09
2.650924509720105171e+09
2.622331955735021591e+09
2.593745428260735989e+09
2.565319620703512192e+09
2.536892762477026463e+09
2.508633515304020882e+09
2.480367163046907902e+09
2.452274330026801586e+09
2.424169255162704468e+09
2.396242724911688805e+09
2.368299637885362148e+09
2.340539329081336498e+09
2.312758887770967484e+09
2.285164722634826183e+09
2.257547616035132885e+09
2.243857287400766373e+09
2.230070986934873581e+09
2.216412450054751873e+09
2.202675714196157455e+09
2.189051070708764553e+09
2.175362236018644810e+09
2.161772988859611034e+09
2.148130768314668655e+09
2.134578131734113693e+09
2.120981492132108927e+09
2.107466444115612030e+09
2.093914566940872669e+09
2.080437889945714235e+09
2.066930129791746616e+09
2.053492450148427486e+09
2.040028299012078762e+09
2.026630118724499941e+09
2.013209177736322880e+09
1.999850899657365084e+09
1.986472856602912903e+09
1.973154804509917498e+09
1.959819415887295008e+09
1.946541850501194239e+09
1.933248927210411787e+09
1.920012058964250803e+09
1.906761454903902769e+09
1.893565454112203360e+09
1.880357057099105120e+09
1.867202062051460505e+09
1.854035786594872475e+09
1.840921909992861271e+09
1.827797691548462629e+09
1.814725025621185541e+09
1.801642816024927616e+09
1.788611436591399670e+09
1.775571200433460712e+09
1.762581170126243591e+09
1.749582881873525858e+09
1.736634252694831133e+09
1.723677894409096479e+09
1.710770709756037712e+09
1.697856269285645485e+09
1.684990565553660870e+09
1.672118035101667404e+09
1.659293842953022957e+09
1.646463217944166660e+09
1.633680563310765743e+09
1.620891841495671272e+09
1.608150746371292353e+09
1.595403927118851662e+09
1.582704410184655428e+09
1.569999493923644543e+09
1.557341571041846514e+09
1.544678558820821285e+09
1.532062243424227238e+09
1.519441136565198898e+09
1.506866439964642525e+09
1.494287239791093111e+09
1.481754171418265343e+09
1.469216879042176247e+09
1.456725446641772985e+09
1.444230062797496319e+09
1.431780272579694033e+09
1.419326797495162725e+09
1.406918654257252693e+09
1.394507087554977417e+09
1.382140594779129505e+09
1.369770935401157379e+09
1.357446095333911896e+09
1.345118341486119032e+09
1.332835155204074860e+09
1.320549304316273689e+09
1.308307771781587362e+09
1.296063820480724335e+09
1.283863940589314461e+09
1.271661884683691263e+09
1.259503655308546543e+09
1.247343489781520367e+09
1.235226907813069582e+09
1.223108626825153589e+09
1.211033688210367441e+09
1.198957285108938694e+09
1.186923984890562296e+09
1.174889452226720572e+09
1.162897784583874941e+09
1.150905114136205435e+09
1.138955072427491188e+09
1.127004255232681751e+09
1.115095832042769194e+09
1.103186858433206320e+09
1.091320045623922825e+09
1.079452905272557259e+09
1.067627694039396763e+09
1.055802376012265563e+09
1.044018756947259188e+09
1.032235249764210463e+09
1.020493212926151633e+09
1.008751504630439639e+09
9.970510396234416962e+08
9.853511178609563112e+08
9.736922139224290848e+08
9.620340660314725637e+08
9.504167121306549311e+08
9.388003252433084249e+08
9.272245101916134357e+08
9.156498713478833437e+08
9.041155839224228859e+08
8.925826801985068321e+08
8.810899092803150415e+08
8.695987279325455427e+08
8.581474626612145901e+08
8.466979912874189615e+08
8.352882212340545654e+08
8.238804479543510675e+08
8.125121633150427341e+08
8.011460769743728638e+08
7.898192687866570950e+08
7.784948591817179918e+08
7.672095195669182539e+08
7.559267777005720139e+08
7.446829001353179216e+08
7.334418185020489693e+08
7.222393981228455305e+08
7.110399710294563770e+08
6.998790049747962952e+08
6.887212289012140036e+08
6.776017166965135336e+08
6.664855907024743557e+08
6.554075346940369606e+08
6.443330608783810139e+08
6.332964667236992121e+08
6.222636507442837954e+08
6.112685279673116207e+08
6.002773796309447289e+08
5.893237422525445223e+08
5.783742761860989332e+08
5.674621434417399168e+08
5.565543798576372862e+08
5.456837770166491270e+08
5.348177425883394480e+08
5.239887018916671276e+08
5.131644307576009631e+08
5.023769924941275716e+08
4.915945274121483564e+08
4.808487411573693156e+08
4.701081348354798555e+08
4.594040608807405233e+08
4.487053775149948597e+08
4.380430885206586123e+08
4.273864055767500401e+08
4.167659884888743758e+08
4.061513987703948021e+08
3.955729570484163165e+08
3.850005711031258702e+08
3.744642273129097223e+08
3.639341762400197983e+08
3.534400750798822641e+08
3.429525138033345342e+08
3.325008256493100524e+08
3.220559367545334101e+08
3.116468617836978436e+08
3.012448600400002003e+08
2.908786331170436144e+08
2.805197706585011482e+08
2.701966671287252903e+08
2.598812398435404003e+08
2.496015818366124034e+08
2.393299368072416186e+08
2.290941021955786049e+08
2.188666447544707656e+08
2.086750759879286289e+08
1.984922849231149256e+08
1.883454953721610904e+08
1.782079283627170026e+08
1.681065364555494189e+08
1.580148359443867207e+08
1.479595383526890874e+08
1.379145228382619917e+08
1.279061315339849144e+08
1.179086089143875390e+08
1.079482749034265280e+08
9.799934603835231066e+07
8.808776622442594171e+07
7.818911716404852271e+07
6.832827116869056225e+07
5.847965140305063874e+07
4.867158923696695268e+07
3.887836680633368343e+07
2.912007495908383653e+07
1.938105555742154270e+07
9.689658817281484604e+06
0.000000000000000000e+00
