4.683852456800928921e+05
4.683852451147324173e+05
4.683852434350107214e+05
4.683852406736660050e+05
4.683852368637082400e+05
4.683852320385851199e+05
4.683852262320652953e+05
4.683852194781957660e+05
4.683852118112454773e+05
4.683852032656520605e+05
4.683851938759639161e+05
4.683851836767866043e+05
4.683851727027244051e+05
4.683851609883229830e+05
4.683851485680072219e+05
4.683851354760183604e+05
4.683851217463390785e+05
4.683851074126567109e+05
4.683851000291960081e+05
4.683850925071860547e+05
4.683850848506944021e+05
4.683850770637572277e+05
4.683850691503780545e+05
4.683850611145108705e+05
4.683850529600640293e+05
4.683850446908904123e+05
4.683850363107874291e+05
4.683850278234872385e+05
4.683850192326568649e+05
4.683850105418852181e+05
4.683850017546837335e+05
4.683849928744728095e+05
4.683849839045819244e+05
4.683849793869734858e+05
4.683849748481445713e+05
4.683849725708875922e+05
4.683849702884691069e+05
4.683849680009358563e+05
4.683849657083346974e+05
4.683849634107104503e+05
4.683849611081092153e+05
4.683849588005758706e+05
4.683849564881534898e+05
4.683849541708869510e+05
4.683849518488185713e+05
4.683849495219910750e+05
4.683849471904461388e+05
4.683849448542255559e+05
4.683849425133690238e+05
4.683849401679174625e+05
4.683849378179092892e+05
4.683849354633837356e+05
4.683849331043782877e+05
4.683849307409306639e+05
4.683849283730766037e+05
4.683849260008526617e+05
4.683849236242927727e+05
4.683849212434321526e+05
4.683849188583036303e+05
4.683849164689400350e+05
4.683849140753726242e+05
4.683849116776327137e+05
4.683849092757505132e+05
4.683849068697546027e+05
4.683849044596736203e+05
4.683849020455342252e+05
4.683848996273634257e+05
4.683848972051859600e+05
4.683848947790265665e+05
4.683848923489082372e+05
4.683848899148534401e+05
4.683848874768830719e+05
4.683848850350169814e+05
4.683848825892749010e+05
4.683848801396737108e+05
4.683848776862302911e+05
4.683848752289602417e+05
4.683848739988935995e+05
4.683848727678760188e+05
4.683848715359080816e+05
4.683848703029915923e+05
4.683848690691282973e+05
4.683848678343192441e+05
4.683848665985654807e+05
4.683848653618682292e+05
4.683848641242288868e+05
4.683848628856481519e+05
4.683848616461267811e+05
4.683848604056657059e+05
4.683848591642657411e+05
4.683848579219271778e+05
4.683848566786508891e+05
4.683848554344369913e+05
4.683848541892862995e+05
4.683848529431984643e+05
4.683848516961738933e+05
4.683848504482125863e+05
4.683848491993143689e+05
4.683848479494793573e+05
4.683848466987071442e+05
4.683848454469969729e+05
4.683848441943491343e+05
4.683848429407622898e+05
4.683848416862360900e+05
4.683848404307697201e+05
4.683848391743623069e+05
4.683848379170127446e+05
4.683848366587197524e+05
4.683848353994825156e+05
4.683848341392991715e+05
4.683848328781683813e+05
4.683848316160888062e+05
4.683848303530584089e+05
4.683848290890752687e+05
4.683848278241379885e+05
4.683848265582437161e+05
4.683848252913908218e+05
4.683848240235764533e+05
4.683848227547986316e+05
4.683848214850543300e+05
4.683848202143409871e+05
4.683848189426559256e+05
4.683848176699954784e+05
4.683848163963573752e+05
4.683848151217375416e+05
4.683848138461328926e+05
4.683848125695402268e+05
4.683848112919548294e+05
4.683848100133739645e+05
4.683848087337926845e+05
4.683848074532074388e+05
4.683848061716134544e+05
4.683848048890066566e+05
4.683848036053821561e+05
4.683848023207350634e+05
4.683848010350609547e+05
4.683847997483541258e+05
4.683847984606096870e+05
4.683847971718218760e+05
4.683847958819853375e+05
4.683847945910943672e+05
4.683847932991425041e+05
4.683847920061241603e+05
4.683847907120328164e+05
4.683847894168619532e+05
4.683847881206050515e+05
4.683847868232550682e+05
4.683847855248049600e+05
4.683847842252478586e+05
4.683847829245757894e+05
4.683847816227817093e+05
4.683847803198572947e+05
4.683847790157949785e+05
4.683847777105862042e+05
4.683847764042227063e+05
4.683847750966961030e+05
4.683847737879971392e+05
4.683847724781168508e+05
4.683847711670463323e+05
4.683847698547759210e+05
4.683847685412958963e+05
4.683847672265962465e+05
4.683847659106669016e+05
4.683847645934977336e+05
4.683847632750775665e+05
4.683847619553966797e+05
4.683847606344427331e+05
4.683847593122050748e+05
4.683847579886720632e+05
4.683847566638319404e+05
4.683847553376726573e+05
4.683847540101817576e+05
4.683847526813470176e+05
4.683847513511550496e+05
4.683847500195935718e+05
4.683847486866484978e+05
4.683847473523066146e+05
4.683847460165539524e+05
4.683847446793761337e+05
4.683847433407592471e+05
4.683847420006879838e+05
4.683847406591475592e+05
4.683847393161228392e+05
4.683847379715981660e+05
4.683847366255571833e+05
4.683847352779844077e+05
4.683847339288626681e+05
4.683847325781758409e+05
4.683847312259058817e+05
4.683847298720360850e+05
4.683847285165485227e+05
4.683847271594248014e+05
4.683847258006468765e+05
4.683847251206314540e+05
4.683847244401952485e+05
4.683847237593358732e+05
4.683847230780512909e+05
4.683847223963386496e+05
4.683847217141956789e+05
4.683847210316198179e+05
4.683847203486082144e+05
4.683847196651592385e+05
4.683847189812695142e+05
4.683847182969365385e+05
4.683847176121582743e+05
4.683847169269315782e+05
4.683847162412538892e+05
4.683847155551225878e+05
4.683847148685351131e+05
4.683847141814886127e+05
4.683847134939802927e+05
4.683847128060074756e+05
4.683847121175676584e+05
4.683847114286574069e+05
4.683847107392742764e+05
4.683847100494154147e+05
4.683847093590778532e+05
4.683847086682588561e+05
4.683847079769552802e+05
4.683847072851640405e+05
4.683847065928825177e+05
4.683847059001075686e+05
4.683847052068361081e+05
4.683847045130650513e+05
4.683847038187911967e+05
4.683847031240118667e+05
4.683847024287235690e+05
4.683847017329231021e+05
4.683847010366075556e+05
4.683847003397732624e+05
4.683846996424176032e+05
4.683846989445367362e+05
4.683846982461276930e+05
4.683846975471869810e+05
4.683846968477115734e+05
4.683846961476971628e+05
4.683846954471418867e+05
4.683846947460408555e+05
4.683846940443911590e+05
4.683846933421894209e+05
4.683846926394320908e+05
4.683846919361156179e+05
4.683846912322361022e+05
4.683846905277902260e+05
4.683846898227744969e+05
4.683846891171848401e+05
4.683846884110179381e+05
4.683846877042697743e+05
4.683846869969366817e+05
4.683846862890148186e+05
4.683846855805007508e+05
4.683846848713898798e+05
4.683846841616791207e+05
4.683846834513640497e+05
4.683846827404408832e+05
4.683846820289054303e+05
4.683846813167543150e+05
4.683846806039825897e+05
4.683846798905870528e+05
4.683846791765631642e+05
4.683846784619063255e+05
4.683846777466134517e+05
4.683846770306794788e+05
4.683846763141005649e+05
4.683846755968722282e+05
4.683846748789902194e+05
4.683846741604503477e+05
4.683846734412478982e+05
4.683846727213791455e+05
4.683846720008385018e+05
4.683846712796228239e+05
4.683846705577266403e+05
4.683846698351457017e+05
4.683846691118755843e+05
4.683846683879116317e+05
4.683846676632488961e+05
4.683846669378828374e+05
4.683846662118090899e+05
4.683846654850222403e+05
4.683846647575178649e+05
4.683846640292913071e+05
4.683846633003370371e+05
4.683846625706511550e+05
4.683846618402274325e+05
4.683846611090623774e+05
4.683846603771494702e+05
4.683846596444846364e+05
4.683846589110624627e+05
4.683846581768777105e+05
4.683846574419253157e+05
4.683846567062003887e+05
4.683846559696965269e+05
4.683846552324099466e+05
4.683846544943344197e+05
4.683846537554644165e+05
4.683846530157952802e+05
4.683846522753208410e+05
4.683846515340356273e+05
4.683846507919345167e+05
4.683846500490116887e+05
4.683846493052613223e+05
4.683846485606780625e+05
4.683846478152563213e+05
4.683846470689895214e+05
4.683846463218730059e+05
4.683846455739000230e+05
4.683846448250648100e+05
4.683846440753621282e+05
4.683846433247849345e+05
4.683846425733281067e+05
4.683846418209850672e+05
4.683846410677498789e+05
4.683846403136164299e+05
4.683846395585783175e+05
4.683846388026294298e+05
4.683846380457634805e+05
4.683846372879742412e+05
4.683846365292548435e+05
4.683846357695994084e+05
4.683846350090013002e+05
4.683846342474535340e+05
4.683846334849501145e+05
4.683846327214843477e+05
4.683846319570490741e+05
4.683846311916382983e+05
4.683846304252443369e+05
4.683846296578610200e+05
4.683846288894814788e+05
4.683846281200982048e+05
4.683846273497049697e+05
4.683846265782942646e+05
4.683846258058588719e+05
4.683846250323922723e+05
4.683846242578866659e+05
4.683846234823350678e+05
4.683846227057302603e+05
4.683846219280646183e+05
4.683846211493311566e+05
4.683846203695219010e+05
4.683846195886297501e+05
4.683846188066468458e+05
4.683846180235658539e+05
4.683846172393789748e+05
4.683846164540783502e+05
4.683846156676562387e+05
4.683846148801049567e+05
4.683846140914164134e+05
4.683846133015827509e+05
4.683846125105958199e+05
4.683846117184477625e+05
4.683846109251300222e+05
4.683846101306351484e+05
4.683846093349541188e+05
4.683846085380793083e+05
4.683846077400018694e+05
4.683846069407135365e+05
4.683846061402059859e+05
4.683846053384705447e+05
4.683846045354985399e+05
4.683846037312817643e+05
4.683846029258112540e+05
4.683846021190783358e+05
4.683846013110744534e+05
4.683846005017907009e+05
4.683845996912181727e+05
4.683845988793478464e+05
4.683845980661713402e+05
4.683845972516790498e+05
4.683845964358627098e+05
4.683845956187125412e+05
4.683845948002197547e+05
4.683845939803755027e+05
4.683845931591707049e+05
4.683845923365954659e+05
4.683845915126413456e+05
4.683845906872989144e+05
4.683845898605588009e+05
4.683845890324112843e+05
4.683845882028472843e+05
4.683845873718575458e+05
4.683845865394322318e+05
4.683845857055613887e+05
4.683845848702356452e+05
4.683845840334446984e+05
4.683845831951788277e+05
4.683845823554274975e+05
4.683845815141802887e+05
4.683845806714265491e+05
4.683845798271548701e+05
4.683845789813539595e+05
4.683845781340127578e+05
4.683845772851182264e+05
4.683845764346587239e+05
4.683845755826202803e+05
4.683845747289900319e+05
4.683845738737530191e+05
4.683845730168949231e+05
4.683845721584000275e+05
4.683845712982518598e+05
4.683845704364335397e+05
4.683845695729270810e+05
4.683845687077139737e+05
4.683845678407746600e+05
4.683845669720889418e+05
4.683845661016359227e+05
4.683845652293940657e+05
4.683845643553410191e+05
4.683845634794548969e+05
4.683845626017124159e+05
4.683845617220910499e+05
4.683845608405685634e+05
4.683845599571234779e+05
4.683845590717351879e+05
4.683845581843848340e+05
4.683845572950561182e+05
4.683845564037345466e+05
4.683845555104106315e+05
4.683845546150784357e+05
4.683845537177376100e+05
4.683845528183943243e+05
4.683845519170619664e+05
4.683845510137627134e+05
4.683845501085288124e+05
4.683845492014032789e+05
4.683845482924417011e+05
4.683845473817137536e+05
4.683845464693030808e+05
4.683845455553106149e+05
4.683845446398535278e+05
4.683845437230672105e+05
4.683845428051056224e+05
4.683845418861406506e+05
4.683845409663634491e+05
4.683845400459817611e+05
4.683845391252199188e+05
4.683845382043152349e+05
4.683845372835156741e+05
4.683845363630753127e+05
4.683845354432475870e+05
4.683845345242801122e+05
4.683845336064039147e+05
4.683845326898249914e+05
4.683845317747088266e+05
4.683845308611707296e+05
4.683845299492534832e+05
4.683845290389127331e+05
4.683845281299927155e+05
4.683845272222029162e+05
4.683845263150927494e+05
4.683845254080212908e+05
4.683845245001278236e+05
4.683845235902974382e+05
4.683845226771298330e+05
4.683845217589021195e+05
4.683845208335354691e+05
4.683845198985611205e+05
4.683845189510904020e+05
4.683845179877852788e+05
4.683845170048381551e+05
4.683845159979560412e+05
4.683845149623578764e+05
4.683845138927803491e+05
4.683845127835042658e+05
4.683845116283961106e+05
4.683845104209747515e+05
4.683845091545047471e+05
4.683845078221205040e+05
4.683845064169894904e+05
4.683845049325100845e+05
4.683845033625648939e+05
4.683845017018165672e+05
4.683844999460646650e+05
4.683844980926602148e+05
4.683844961409862735e+05
4.683844940930038574e+05
4.683844919538667309e+05
4.683844897326072678e+05
4.683844874428857584e+05
4.683844851038056077e+05
4.683844827407806879e+05
4.683844803864505375e+05
4.683844780816183775e+05
4.683844758762037382e+05
4.683844738301701727e+05
4.683844720144067542e+05
4.683844705115131219e+05
4.683844694164471002e+05
4.683844688369715586e+05
4.683844688938354957e+05
4.683844697206143755e+05
4.683844714631125680e+05
4.683844742782394169e+05
4.683844783322400181e+05
4.683844837981640012e+05
4.683844908524404746e+05
4.683844996704231598e+05
4.683845104207534459e+05
4.683845232584077748e+05
4.683845383162652142e+05
4.683845556950700120e+05
4.683845754516460584e+05
4.683845975852651172e+05
4.683846220220758696e+05
4.683846485975610558e+05
4.683846770370213198e+05
4.683847069341671886e+05
4.683847377279731445e+05
4.683847686780474614e+05
4.683847988389000529e+05
4.683848270336211426e+05
4.683848518276685500e+05
4.683848715036198846e+05
4.683848840380195179e+05
4.683848870816088747e+05
4.683848779446140397e+05
4.683848535889103077e+05
4.683848106293776655e+05
4.683847453468759195e+05
4.683846537158656283e+05
4.683845314497433137e+05
4.683843740676382440e+05
4.683841769863287918e+05
4.683839356416562223e+05
4.683836456434985157e+05
4.683833029690603144e+05
4.683829041985844960e+05
4.683824467981180060e+05
4.683819294528709142e+05
4.683813524548676796e+05
4.683807181468761410e+05
4.683800314242172171e+05
4.683793002937858691e+05
4.683785357855838956e+05
4.683777511662531178e+05
4.683769670088069397e+05
4.683762108765613521e+05
4.683755174799147644e+05
4.683749297143801232e+05
4.683744994254579651e+05
4.683742884733320097e+05
4.683743692364621675e+05
4.683748255266878405e+05
4.683757525440228055e+05
4.683772573561426252e+05
4.683794578950504656e+05
4.683808592140509863e+05
4.683824832201230456e+05
4.683843473155800602e+05
4.683864691706660669e+05
4.683888668270440539e+05
4.683915583514097380e+05
4.683945619166999822e+05
4.683978953971280134e+05
4.684015764164216234e+05
4.684056218810311984e+05
4.684100479827509262e+05
4.684148696681690053e+05
4.684201005808272748e+05
4.684257524668616243e+05
4.684318350395723828e+05
4.684383553237299202e+05
4.684453174231236335e+05
4.684527218093026895e+05
4.684605649704774842e+05
4.684688386546294787e+05
4.684775293761906796e+05
4.684866176286591799e+05
4.684960772239241633e+05
4.685058744959108881e+05
4.685159674465010175e+05
4.685263049694034271e+05
4.685368257766321767e+05
4.685474576809075661e+05
4.685581162778976141e+05
4.685687043361162068e+05
4.685791102130170912e+05
4.685892074136447627e+05
4.685988527236397495e+05
4.686078860118575976e+05
4.686161280709255370e+05
4.686233807546355529e+05
4.686294245274761925e+05
4.686340190447096247e+05
4.686369004269111319e+05
4.686377824090324575e+05
4.686363533751002979e+05
4.686322782218503999e+05
4.686251952130668797e+05
4.686147187229651609e+05
4.686004359998967848e+05
4.685819109737435356e+05
4.685586810555190896e+05
4.685302622105056071e+05
4.684961459642019472e+05
4.684558059573572245e+05
4.684086953801242053e+05
4.683542552346599987e+05
4.682919124784069136e+05
4.682210902222167933e+05
4.681412069301783922e+05
4.680516887734461925e+05
4.679519703072910197e+05
4.678415091795359622e+05
4.677197887842230848e+05
4.675863354847149458e+05
4.674407238254733966e+05
4.672825963687163894e+05
4.671116721282667131e+05
4.669277690297329100e+05
4.667308163090294693e+05
4.665208794833165593e+05
4.662981775261377334e+05
4.660631100732692867e+05
4.658162802395318868e+05
4.655585235735504539e+05
4.652909374098214321e+05
4.650149108227867982e+05
4.647321614020231063e+05
4.644447651339878212e+05
4.641552014377462328e+05
4.638663815200422541e+05
4.635817024035878712e+05
4.633050718607796007e+05
4.630409719980017398e+05
4.627944783875053399e+05
4.625713335363239748e+05
4.623779573316369206e+05
4.622215304293463705e+05
4.621099926569197560e+05
4.620521360309943557e+05
4.620575874169581803e+05
4.621369105907797348e+05
4.623015693533964804e+05
4.625640380509698880e+05
4.629377419482251862e+05
4.634371722819883144e+05
4.640778224265108583e+05
4.648762433865303756e+05
4.658500450118553708e+05
4.670184502145923325e+05
4.683983499999854248e+05
