9.169817904544759131e+02
9.169775363140885247e+02
9.169719586893014593e+02
9.169653072313413986e+02
9.169567882284234202e+02
9.169464458350689711e+02
9.169333848396554458e+02
9.169173640827723375e+02
9.168972789635931804e+02
9.168725148470039130e+02
9.168415920208288981e+02
9.168033466620653371e+02
9.167557103257497602e+02
9.166966825551526199e+02
9.166232669398666530e+02
9.165322179838653938e+02
9.164190563067386393e+02
9.162786564282574773e+02
9.161917905604474299e+02
9.161036393164554283e+02
9.159971028426107296e+02
9.158864203173690157e+02
9.157553832194486176e+02
9.156168368831076805e+02
9.154553197975742478e+02
9.152822921263011722e+02
9.150828967295242364e+02
9.148671909167417198e+02
9.146207551805586036e+02
9.143522218923898208e+02
9.140474261455985925e+02
9.137135053204395945e+02
9.133363581493921401e+02
9.131303626130551265e+02
9.129188124186606501e+02
9.128029955740245214e+02
9.126925571473866512e+02
9.125706750626559369e+02
9.124538334736178058e+02
9.123255487349753139e+02
9.122019611970143842e+02
9.120669184931665541e+02
9.119362238517514925e+02
9.117940491171369786e+02
9.116558667951045436e+02
9.115061661722147619e+02
9.113600953862900269e+02
9.112024541685512986e+02
9.110480727082674548e+02
9.108820544699632364e+02
9.107189177492673480e+02
9.105440630980104970e+02
9.103717031241802715e+02
9.101875286521685666e+02
9.100054527444584664e+02
9.098114499955303245e+02
9.096191395755502072e+02
9.094147735878724461e+02
9.092116830977629434e+02
9.089963912165236479e+02
9.087819465899680154e+02
9.085551371713061144e+02
9.083287345882155250e+02
9.080897855423393139e+02
9.078507900252079708e+02
9.075990475009446072e+02
9.073467914160787586e+02
9.070815683073727769e+02
9.068153500047585567e+02
9.065359243840058525e+02
9.062550065610245156e+02
9.059606201956034965e+02
9.056642283573813756e+02
9.053540849674892570e+02
9.050414056956860804e+02
9.047146693804331790e+02
9.043848488167365076e+02
9.042113782091182657e+02
9.040433462701411145e+02
9.038653964527600237e+02
9.036927382139621159e+02
9.035101914837360937e+02
9.033327891173706803e+02
9.031455251498945245e+02
9.029632579216593058e+02
9.027711535329020762e+02
9.025838977867949779e+02
9.023868268606826177e+02
9.021944559652305315e+02
9.019922893995434379e+02
9.017946736971168775e+02
9.015872793495948372e+02
9.013842861009206899e+02
9.011715287269377086e+02
9.009630220481702736e+02
9.007447632332947478e+02
9.005306040313390668e+02
9.003067021258464138e+02
9.000867480363859841e+02
8.998570580935984253e+02
8.996311634210861712e+02
8.993955371394340546e+02
8.991635528009757081e+02
8.989218384732128015e+02
8.986836119481160949e+02
8.984356544134615206e+02
8.981910296897792705e+02
8.979366702769723361e+02
8.976854877852246091e+02
8.974245642413297901e+02
8.971666607782641449e+02
8.968990071922884226e+02
8.966342158488106406e+02
8.963596625851841964e+02
8.960878126894431261e+02
8.958061863357397669e+02
8.955271034082113601e+02
8.952382267301915135e+02
8.949517324412543076e+02
8.946554243356166580e+02
8.943613364543602984e+02
8.940574118898869074e+02
8.937555442193083763e+02
8.934438141688839323e+02
8.931339764764069287e+02
8.928142478529166510e+02
8.924962458104206462e+02
8.921683214172511498e+02
8.918419565554314659e+02
8.915056350461338752e+02
8.911707047095042071e+02
8.908257805384843095e+02
8.904820778274322493e+02
8.901283411876599985e+02
8.897756548956018605e+02
8.894128916595020655e+02
8.890510062229068353e+02
8.886789978994925150e+02
8.883076933638967603e+02
8.879262170648941037e+02
8.875452690510730918e+02
8.871540974503233201e+02
8.867632771110942258e+02
8.863621783979198199e+02
8.859612523731667579e+02
8.855499902105368619e+02
8.851387205897184458e+02
8.847170540822761495e+02
8.842951983748195062e+02
8.838628820433516466e+02
8.834301931524759084e+02
8.829869769099184396e+02
8.825432031064406146e+02
8.820888322322605291e+02
8.816337171267945223e+02
8.811679322399226066e+02
8.807012147580493320e+02
8.802237517970278304e+02
8.797451661673341050e+02
8.792557563838639680e+02
8.787650321376883085e+02
8.782634020951885532e+02
8.777602640646117607e+02
8.772461356303873572e+02
8.767303039406308471e+02
8.762033942792108974e+02
8.756745843507633253e+02
8.751346059350639734e+02
8.745925285044075963e+02
8.740391891412912173e+02
8.734835502863593319e+02
8.729165531393229003e+02
8.723470542980879827e+02
8.717660979068184588e+02
8.711824359007603107e+02
8.705872142144967256e+02
8.699890812911395415e+02
8.693792837195227321e+02
8.687663676065814116e+02
8.681416790739035605e+02
8.675136630327327794e+02
8.668737640311587711e+02
8.662303269144445039e+02
8.655748935673872211e+02
8.649157098921035640e+02
8.642444140335687734e+02
8.635691540675319402e+02
8.628816633294645726e+02
8.621899931879353289e+02
8.614859710788020948e+02
8.607775528836139074e+02
8.600566586800975983e+02
8.593311514430915850e+02
8.589611139258120147e+02
8.585949878175108552e+02
8.582206091534296775e+02
8.578500751270528326e+02
8.574713105770235870e+02
8.570963252559287184e+02
8.567131307322854354e+02
8.563336502948855014e+02
8.559459815451043596e+02
8.555619619389642594e+02
8.551697744994020240e+02
8.547811714584440779e+02
8.543844206568760455e+02
8.539911897071903013e+02
8.535898306680734322e+02
8.531919271332704966e+02
8.527859147831770770e+02
8.523832937898954469e+02
8.519725828631197828e+02
8.515651993468028422e+02
8.511497443912545577e+02
8.507375531022064479e+02
8.503173084856341575e+02
8.499002639954300093e+02
8.494751839120372097e+02
8.490532406202780749e+02
8.486232790975520857e+02
8.481963912388441713e+02
8.477615021446057426e+02
8.473296237956285495e+02
8.468897608451507040e+02
8.464528459318299838e+02
8.460079626950505371e+02
8.455659649998084433e+02
8.451160149087195350e+02
8.446688880779776127e+02
8.442138244342608004e+02
8.437615219862990443e+02
8.433012979694080968e+02
8.428437733025700709e+02
8.423783419782066630e+02
8.419155483795958617e+02
8.414448627085341741e+02
8.409767533629463969e+02
8.405007662101450023e+02
8.400272942092087760e+02
8.395459583529971042e+02
8.390670767044301783e+02
8.385803448458241292e+02
8.380960064827762608e+02
8.376038312549363809e+02
8.371139890455521027e+02
8.366163230234661796e+02
8.361209297807349685e+02
8.356177254913020533e+02
8.351167339833892811e+02
8.346079439159238973e+02
8.341013068768997982e+02
8.335868834940638408e+02
8.330745536350267457e+02
8.325544493840641280e+02
8.320363794045011900e+02
8.315105467286998646e+02
8.309866893280819795e+02
8.304550806783714734e+02
8.299253885678054985e+02
8.293879564144934875e+02
8.288523823286031984e+02
8.283090791733534388e+02
8.277675758824445893e+02
8.272183542705664649e+02
8.266708745931490512e+02
8.261156871263822268e+02
8.255621839421412460e+02
8.250009832917986614e+02
8.244414095550073398e+02
8.238741484755599913e+02
8.233084572288071286e+02
8.227350885717663687e+02
8.221632329599323157e+02
8.215837096879478167e+02
8.210056429723854308e+02
8.204199181735077673e+02
8.198355937463990131e+02
8.192436206485640469e+02
8.186529920474777100e+02
8.180547240332442698e+02
8.174577449560381410e+02
8.168531355777138288e+02
8.162497598978108044e+02
8.156387628929394396e+02
8.150289446749982289e+02
8.144115139822388301e+02
8.137952074982213162e+02
8.131712972736050915e+02
8.125484570191180183e+02
8.119180216525470541e+02
8.112886023634956700e+02
8.106515964955041227e+02
8.100155531649501199e+02
8.093719317036860730e+02
8.087292195989869015e+02
8.080789377374759397e+02
8.074295124177097023e+02
8.067725256514253260e+02
8.061163429851753790e+02
8.054526071299715113e+02
8.047896233134733848e+02
8.041190945238926133e+02
8.034492660995487086e+02
8.027719008874287283e+02
8.020951847626322433e+02
8.014109400160547239e+02
8.007272934822690331e+02
8.000361264846861786e+02
7.993455072367753473e+02
7.986473756864206734e+02
7.979497418422005239e+02
7.972446038717176862e+02
7.965399139917427647e+02
7.958277281880900773e+02
7.951159412957505310e+02
7.943966667204168743e+02
7.936777423223322785e+02
7.929513385318513201e+02
7.922252366385597497e+02
7.914916637053535169e+02
7.907583448523018887e+02
7.900175633858239053e+02
7.892769886546225280e+02
7.885289598227413990e+02
7.877810908627179742e+02
7.870257764133738192e+02
7.862705754633186643e+02
7.855079377464686559e+02
7.847453676566591412e+02
7.839753696464194945e+02
7.832053939009081205e+02
7.824279992179715464e+02
7.816505819570710401e+02
7.808657548913621440e+02
7.800808609343846456e+02
7.792885664678715330e+02
7.784961613360172805e+02
7.776963651657374612e+02
7.768964151051829958e+02
7.760890836663797927e+02
7.752815556715285084e+02
7.744666561610304143e+02
7.736515179979602408e+02
7.728290183977338756e+02
7.720062386278901840e+02
7.711761077287958415e+02
7.703456557329027419e+02
7.695078631587232394e+02
7.686697091609396466e+02
7.678242253925715204e+02
7.669783404848050168e+02
7.661251368845937577e+02
7.652714930509431497e+02
7.644105418871500888e+02
7.635491120284302724e+02
7.626803864996949187e+02
7.618111444580308671e+02
7.609346187179545495e+02
7.600575393014438532e+02
7.591731884832169044e+02
7.582882474906858761e+02
7.573960477318702260e+02
7.565032219777513092e+02
7.556031504451402725e+02
7.547024177844488122e+02
7.537944526990590930e+02
7.528857920524757219e+02
7.519699127145825059e+02
7.510533040935091549e+02
7.501294909076942758e+02
7.492049154393534991e+02
7.482731499395595165e+02
7.473405898920130994e+02
7.464008547665301876e+02
7.454602935736952531e+02
7.445125726901868575e+02
7.435639949768365113e+02
7.426082734073050915e+02
7.416516650140237061e+02
7.406879290598119496e+02
7.397232770679643181e+02
7.387515142846965546e+02
7.377788070413165542e+02
7.367990062637918527e+02
7.358182334063765211e+02
7.348303847733388920e+02
7.338415372545518949e+02
7.328456322333045136e+02
7.318487023454335940e+02
7.308447337563127348e+02
7.298397151556041536e+02
7.288276771962042631e+02
7.278145649270046533e+02
7.267944531962432393e+02
7.257732437149056750e+02
7.247450552368661647e+02
7.237157464354846752e+02
7.226794796830962468e+02
7.216420709130452451e+02
7.205977258315109566e+02
7.195522179267817364e+02
7.184997959568158876e+02
7.174461912571417770e+02
7.163856953579539777e+02
7.153239977316245586e+02
7.142554324035925220e+02
7.131856472700012546e+02
7.121090185769960499e+02
7.110311529287823760e+02
7.099464685201027123e+02
7.088605309448828393e+02
7.077678000767516551e+02
7.066738007784651927e+02
7.055730343351269767e+02
7.044709851548932420e+02
7.033621956692262529e+02
7.022521101058378008e+02
7.011353117796130618e+02
7.000172050095653731e+02
6.988924137332231794e+02
6.977663026303455354e+02
6.966335360023817884e+02
6.954994391570061225e+02
6.943587165028581012e+02
6.932166542404746679e+02
6.920679966308961184e+02
6.909179910302835879e+02
6.897614212991439899e+02
6.886034962098937058e+02
6.874390389714284311e+02
6.862732200308465735e+02
6.851009016961983207e+02
6.839272163455890450e+02
6.827470651387457110e+02
6.815655426390069351e+02
6.803775886121082976e+02
6.791882600586799299e+02
6.779925351065995756e+02
6.767954334437205262e+02
6.755919713180271629e+02
6.743871313523361550e+02
6.731759676745255092e+02
6.719634260879222438e+02
6.707445983619492154e+02
6.695243937237225964e+02
6.682979413477856951e+02
6.670701141260046825e+02
6.658360784035285178e+02
6.646006709756107966e+02
6.633590951254545871e+02
6.621161517879295388e+02
6.608670809537115929e+02
6.596166479310961677e+02
6.583601291897111878e+02
6.571022546425725750e+02
6.558383370117697950e+02
6.545730710438764390e+02
6.533018054890249005e+02
6.520292001535907502e+02
6.507506395934685770e+02
6.494707488985415011e+02
6.481849482102620641e+02
6.468978281231447909e+02
6.456048441461151697e+02
6.443105525968438769e+02
6.430104441357663063e+02
6.417090410196447010e+02
6.404018688465379228e+02
6.390934160256414316e+02
6.377792428808251088e+02
6.364638041844962117e+02
6.351426947766007061e+02
6.338203360009389371e+02
6.324923570058290352e+02
6.311631459121369971e+02
6.298283659708256437e+02
6.284923722830154702e+02
6.271508619985620498e+02
6.258081573995349345e+02
6.244599893328651206e+02
6.231106474598479963e+02
6.217558961245746332e+02
6.203999925634351484e+02
6.190387344196171853e+02
6.176763466981044530e+02
6.163086601449430191e+02
6.149398677249228058e+02
6.135658330924712800e+02
6.121907173610611608e+02
6.108104169008065583e+02
6.094290611605015329e+02
6.080425790349386261e+02
6.066550684926478425e+02
6.052624907637717797e+02
6.038689125187897844e+02
6.024703271355080005e+02
6.010707701663841362e+02
5.996662669508073122e+02
5.982608221010636953e+02
5.968504927336147148e+02
5.954392526962485590e+02
5.940231906995153395e+02
5.926062500001679609e+02
5.911845507212981374e+02
5.897620056998766813e+02
5.883347662913880640e+02
5.869067150819586232e+02
5.854740344806197072e+02
5.840405769892591934e+02
5.826025558927632346e+02
5.811637937729577743e+02
5.797205346139983249e+02
5.782765712392508703e+02
5.768281781565527808e+02
5.753791185897774767e+02
5.739256973956930779e+02
5.724716483549831310e+02
5.710133064993931384e+02
5.695543763199810883e+02
5.680912228502629659e+02
5.666275214429271045e+02
5.651596669593826618e+02
5.636913057692453322e+02
5.622188623636911871e+02
5.607459543756187941e+02
5.592690354112314708e+02
5.577916956133868780e+02
5.563104143893856417e+02
5.548287619198031280e+02
5.533432337644840118e+02
5.518573459450511791e+02
5.503679901330276607e+02
5.483697194444361003e+02
5.448784639506202438e+02
5.423692769554616007e+02
5.388696800632267241e+02
5.363391951090366092e+02
5.328320553730492293e+02
5.302814105578460158e+02
5.267676687494341650e+02
5.241979493608802159e+02
5.206785964689463526e+02
5.180908959308370640e+02
5.145669432977546194e+02
5.119623808491360819e+02
5.099693379876559902e+02
5.088902228230750211e+02
5.068990952715042795e+02
5.058135345513207994e+02
5.038244152952635204e+02
5.027325745499154550e+02
5.007455794267008287e+02
4.996476200800797187e+02
4.976628668668040518e+02
4.965589514925342769e+02
4.945765590824439073e+02
4.934668513097981872e+02
4.914869398491511561e+02
4.903716042766745318e+02
4.883942951768839862e+02
4.872734973408532824e+02
4.852989132486861763e+02
4.841728195819101188e+02
4.822010843254486758e+02
4.810698620899908633e+02
4.791011005933982005e+02
4.779649177766409593e+02
4.759992559320326677e+02
4.748582810933219776e+02
4.728958455751401289e+02
4.717502476270987017e+02
4.697911656308836541e+02
4.686411135357760713e+02
4.666855124191371829e+02
4.655311747762756909e+02
4.635791815750117735e+02
4.624207260700782172e+02
4.604724668567901631e+02
4.593100595380165032e+02
4.573656585840608955e+02
4.561994629233224714e+02
4.542590416174697907e+02
4.530892173064123654e+02
4.511528927749967579e+02
4.499795941971350999e+02
4.480474775605391073e+02
4.468708518695244720e+02
4.449430460581837110e+02
4.437632307796035320e+02
4.418398278186874109e+02
4.406569478769228567e+02
4.387380255312702957e+02
4.375521895825851857e+02
4.356378072304369198e+02
4.344491031560761485e+02
4.325392967285175700e+02
4.313477861031065572e+02
4.294425618809728462e+02
4.282482731758727823e+02
4.263476001696625985e+02
4.251505203688325309e+02
4.232543209088497065e+02
4.220543850929714722e+02
4.201625231106698379e+02
4.189596013850029408e+02
4.170718676503370830e+02
4.158657485273785142e+02
4.139818417909977484e+02
4.127722107558510061e+02
4.108917132892885320e+02
4.096781247277323814e+02
4.078004701062425283e+02
4.065823100015684304e+02
4.047067400620443323e+02
4.034831757839550619e+02
4.016086824171715648e+02
4.003785944190907458e+02
3.985038400838723760e+02
3.972657282270949395e+02
3.953889366005349757e+02
3.941407908831261011e+02
3.922595955729936463e+02
3.909987168658446990e+02
3.891099511120082184e+02
3.878327014559710619e+02
3.859321044652118644e+02
3.846335574031080569e+02
3.827153622867833747e+02
3.813888098729000262e+02
3.794451595162880722e+02
3.780814217072165775e+02
3.761015001286352799e+02
3.746880013894092372e+02
3.726567749702243759e+02
3.711755717240304193e+02
3.690748174656431502e+02
3.674923473562464551e+02
3.653086930084829191e+02
3.635992273853191818e+02
3.610974960112665144e+02
3.600000000000000000e+02
