-3.483516501931844445e-09
-3.483531196530107440e-09
-3.483550468131883575e-09
-3.483573452311339149e-09
-3.483602881970503713e-09
-3.483638611783835659e-09
-3.483683752255368806e-09
-3.483739101142733400e-09
-3.483808509221460056e-09
-3.483894091185308741e-09
-3.484000957426041926e-09
-3.484133145310826652e-09
-3.484297815193028324e-09
-3.484501863116429971e-09
-3.484755716876804473e-09
-3.485070582916317419e-09
-3.485462010103656212e-09
-3.485947789598411900e-09
-3.486248463730482609e-09
-3.486553547902448240e-09
-3.486922478691187763e-09
-3.487305704379491934e-09
-3.487759718412717698e-09
-3.488239688541995329e-09
-3.488799660433222945e-09
-3.489399500248462114e-09
-3.490091334917145601e-09
-3.490839782981786929e-09
-3.491695632522470756e-09
-3.492628400806504893e-09
-3.493688176828196122e-09
-3.494849632222653733e-09
-3.496162886344335980e-09
-3.496880478934780478e-09
-3.497617860780119976e-09
-3.498021687306805561e-09
-3.498406814736680387e-09
-3.498832035994257521e-09
-3.499239672102776645e-09
-3.499687498789979487e-09
-3.500118876712051034e-09
-3.500590586504773290e-09
-3.501047008407315575e-09
-3.501543949688282265e-09
-3.502026790599749499e-09
-3.502550386412296358e-09
-3.503061098274147662e-09
-3.503612850475857713e-09
-3.504152966427548318e-09
-3.504734460097722879e-09
-3.505305598981063629e-09
-3.505918507058107758e-09
-3.506522378187381193e-09
-3.507168466357177239e-09
-3.507806874545670577e-09
-3.508488006411305219e-09
-3.509162857263720686e-09
-3.509880999806599993e-09
-3.510594305331241602e-09
-3.511351534659114518e-09
-3.512105419182967706e-09
-3.512903926624022875e-09
-3.513700633037704673e-09
-3.514542731561735304e-09
-3.515384627919605667e-09
-3.516272758916292676e-09
-3.517162345391649221e-09
-3.518099085829568723e-09
-3.519039002057032717e-09
-3.520027072025181196e-09
-3.521020104856070428e-09
-3.522062375535467995e-09
-3.523111467214634289e-09
-3.524210969287391504e-09
-3.525319226102423042e-09
-3.526479158641250779e-09
-3.527649860038261767e-09
-3.528266847419511320e-09
-3.528863450587590660e-09
-3.529496863180645458e-09
-3.530110355085188387e-09
-3.530760648464498132e-09
-3.531391488096490281e-09
-3.532059130289850242e-09
-3.532707789294050330e-09
-3.533393261124834919e-09
-3.534060224146454416e-09
-3.534764019585669390e-09
-3.535449784626801751e-09
-3.536172411154720130e-09
-3.536877489940101037e-09
-3.537619468917193227e-09
-3.538344387269567703e-09
-3.539106254317398315e-09
-3.539851552543432329e-09
-3.540633857936472886e-09
-3.541400091223968379e-09
-3.542203400292734957e-09
-3.542991139119258715e-09
-3.543816032664796844e-09
-3.544625863217689729e-09
-3.545472937937420207e-09
-3.546305462545132143e-09
-3.547175331469942370e-09
-3.548031169044382888e-09
-3.548924461986744107e-09
-3.549804248476719600e-09
-3.550721612490429742e-09
-3.551626001347368479e-09
-3.552568101200492269e-09
-3.553497763858077633e-09
-3.554465282520407430e-09
-3.555420908888959779e-09
-3.556414548034039764e-09
-3.557396847009055079e-09
-3.558417327529796429e-09
-3.559427027513721091e-09
-3.560475090050878989e-09
-3.561512939487789400e-09
-3.562589344971491300e-09
-3.563656112895394688e-09
-3.564761643100982520e-09
-3.565858119699315948e-09
-3.566993577819205449e-09
-3.568120575012948744e-09
-3.569286786245397170e-09
-3.570445138285972658e-09
-3.571642950440404599e-09
-3.572833514522562931e-09
-3.574063798640641918e-09
-3.575287455531068463e-09
-3.576551106524054099e-09
-3.577808761207059102e-09
-3.579106698511283184e-09
-3.580399280853357426e-09
-3.581732449104959715e-09
-3.583060914538534831e-09
-3.584430284266932819e-09
-3.585795614492471933e-09
-3.587202182831836254e-09
-3.588605386538101916e-09
-3.590050177957467316e-09
-3.591492291561331570e-09
-3.592976358614980830e-09
-3.594458447022127394e-09
-3.595982871121183752e-09
-3.597506028508131183e-09
-3.599071920713468438e-09
-3.600637271330870042e-09
-3.602245773167407349e-09
-3.603854472164895835e-09
-3.605506756457852901e-09
-3.607159990731213122e-09
-3.608857262465292785e-09
-3.610556251527087115e-09
-3.612299748729727218e-09
-3.614045745604477859e-09
-3.615836740253963629e-09
-3.617631032398228501e-09
-3.619470831356542589e-09
-3.621314741603685452e-09
-3.623204687574146510e-09
-3.625099575104449845e-09
-3.627041047615462710e-09
-3.628988308953396925e-09
-3.630982725370039503e-09
-3.632983795409797736e-09
-3.635032611973581239e-09
-3.637088965032530264e-09
-3.639193677928884480e-09
-3.641306828828942058e-09
-3.643468975283296246e-09
-3.645640480461897142e-09
-3.647861639866420382e-09
-3.650093098518848237e-09
-3.652374893590874523e-09
-3.654667948844184587e-09
-3.657012046816082355e-09
-3.659368386934490170e-09
-3.661776500775496574e-09
-3.664197860398530452e-09
-3.666671750070258503e-09
-3.669159911485448862e-09
-3.671701385232462479e-09
-3.674258179683380331e-09
-3.676869095359172309e-09
-3.679496404389121713e-09
-3.682178670818109612e-09
-3.684878427650479945e-09
-3.687634006027331818e-09
-3.690408196984021032e-09
-3.693239102311493852e-09
-3.696089768270869311e-09
-3.697548560323104308e-09
-3.698988818952501464e-09
-3.700467259511393447e-09
-3.701927392059704552e-09
-3.703425749988251750e-09
-3.704906026399558323e-09
-3.706424574219512821e-09
-3.707925268124819040e-09
-3.709464282066218349e-09
-3.710985670833837109e-09
-3.712545430885540766e-09
-3.714087795672010363e-09
-3.715668585632975619e-09
-3.717232211434637772e-09
-3.718834318965899207e-09
-3.720419494671204997e-09
-3.722043211348549793e-09
-3.723650229791069532e-09
-3.725295851158462590e-09
-3.726925009170628986e-09
-3.728592834794363064e-09
-3.730244433261954299e-09
-3.731934766785532615e-09
-3.733609110702903197e-09
-3.735322259902677256e-09
-3.737019658428725056e-09
-3.738755935270270313e-09
-3.740476701785148897e-09
-3.742236422480414670e-09
-3.743980874643033102e-09
-3.745764359708241902e-09
-3.747532819514535487e-09
-3.749340393828892994e-09
-3.751133187670891414e-09
-3.752965180536111214e-09
-3.754782639261838815e-09
-3.756639384462479443e-09
-3.758481843436666982e-09
-3.760363679301304405e-09
-3.762231478466947004e-09
-3.764138747930176771e-09
-3.766032231870913262e-09
-3.767965282536186456e-09
-3.769884800539520793e-09
-3.771843984742829489e-09
-3.773789890864199199e-09
-3.775775565738613926e-09
-3.777748218866335363e-09
-3.779760746407430952e-09
-3.781760510328524681e-09
-3.783800257460692028e-09
-3.785827500927628023e-09
-3.787894839571323872e-09
-3.789949936369681586e-09
-3.792045243509580766e-09
-3.794128572526637291e-09
-3.796252230280746965e-09
-3.798364175575002391e-09
-3.800516571264676279e-09
-3.802657522136326171e-09
-3.804839048357243263e-09
-3.807009399419579238e-09
-3.809220454113677074e-09
-3.811420605365471725e-09
-3.813661591893849959e-09
-3.815891948792718671e-09
-3.818163276009544351e-09
-3.820424249546327041e-09
-3.822726331873745737e-09
-3.825018338647897746e-09
-3.827351596152006782e-09
-3.829675058448041120e-09
-3.832039916915866174e-09
-3.834395262780836352e-09
-3.836792153798376776e-09
-3.839179817120410163e-09
-3.841609178151740608e-09
-3.844029598739623130e-09
-3.846491873207052313e-09
-3.848945496870909997e-09
-3.851441134236218934e-09
-3.853928412869264860e-09
-3.856457868716069239e-09
-3.858979260377486207e-09
-3.861542996494703878e-09
-3.864098965493656184e-09
-3.866697449960140141e-09
-3.869288466940945880e-09
-3.871922174211259582e-09
-3.874548716239718527e-09
-3.877218127231112286e-09
-3.879880677882021594e-09
-3.882586280062560397e-09
-3.885285329508429735e-09
-3.888027616986342811e-09
-3.890763662087285722e-09
-3.893543135701518007e-09
-3.896316680096389847e-09
-3.899133847508384285e-09
-3.901945401707149343e-09
-3.904800777493885686e-09
-3.907650858971251550e-09
-3.910544964719555696e-09
-3.913434098009884782e-09
-3.916367462412026042e-09
-3.919296179205550762e-09
-3.922269338156146067e-09
-3.925238177396495904e-09
-3.928251674090731712e-09
-3.931261182073783788e-09
-3.934315567106972235e-09
-3.937366297581046867e-09
-3.940462129049537665e-09
-3.943554643316951331e-09
-3.946692486920401899e-09
-3.949827353940409865e-09
-3.953007783085463318e-09
-3.956185579578605991e-09
-3.959409175483970374e-09
-3.962630486037845714e-09
-3.965897837840820806e-09
-3.969163255017300168e-09
-3.972474959881766735e-09
-3.975785084325682265e-09
-3.979141747551543021e-09
-3.982497188100864806e-09
-3.985899423235001590e-09
-3.989300797032506213e-09
-3.992749225981232715e-09
-3.996197158587698786e-09
-3.999692411730760921e-09
-4.003187537239697375e-09
-4.006730253545811392e-09
-4.010273214699770660e-09
-4.013864041843727929e-09
-4.017455490152177524e-09
-4.021095084633572250e-09
-4.024735680492381005e-09
-4.028424707755926128e-09
-4.032115120568483293e-09
-4.035854255125971654e-09
-4.039595163425939668e-09
-4.043385088979879385e-09
-4.047177180555629964e-09
-4.051018590124539963e-09
-4.054862562145297494e-09
-4.058756158190729362e-09
-4.062652717334413315e-09
-4.066599211889722642e-09
-4.070549074472551059e-09
-4.074549189273402552e-09
-4.078553081381280588e-09
-4.082607547997943199e-09
-4.086666205619620175e-09
-4.090775765591079553e-09
-4.094889934753132424e-09
-4.099055339723000820e-09
-4.103225776626645714e-09
-4.107447788480938842e-09
-4.111675259640714505e-09
-4.115954650647483764e-09
-4.120239933031806090e-09
-4.124577485982684884e-09
-4.128921367156328777e-09
-4.133317875510003683e-09
-4.137721153778536235e-09
-4.142177421806179416e-09
-4.146640906362351851e-09
-4.151157749295039532e-09
-4.155682260367198297e-09
-4.160260504545335978e-09
-4.164846873547843884e-09
-4.169487356572636346e-09
-4.174136426258351732e-09
-4.178839997145316177e-09
-4.183552621760144164e-09
-4.188320141094740941e-09
-4.193097186534286548e-09
-4.197929526629640987e-09
-4.202771870598012924e-09
-4.207669915654808521e-09
-4.212578447825580260e-09
-4.217543094094122386e-09
-4.222518716273491886e-09
-4.227550872217994954e-09
-4.232594498510172804e-09
-4.237695084975284962e-09
-4.242807641950129978e-09
-4.247977592329716831e-09
-4.253160019192672869e-09
-4.258400279600898284e-09
-4.263653528365223169e-09
-4.268965057809975129e-09
-4.274290093471312161e-09
-4.279673864029972864e-09
-4.285071664743321144e-09
-4.290528661740934255e-09
-4.296000219000010398e-09
-4.301531441189885184e-09
-4.307077760008948366e-09
-4.312684219755730486e-09
-4.318306318853870844e-09
-4.323989042319105424e-09
-4.329687954307076029e-09
-4.335447981637310192e-09
-4.341224753206883584e-09
-4.347063138724326617e-09
-4.352918830840246197e-09
-4.358836643236039474e-09
-4.364772331330578179e-09
-4.370770653860683110e-09
-4.376787428030847404e-09
-4.382867358714595252e-09
-4.388966323922018288e-09
-4.395128975743375620e-09
-4.401311252016921063e-09
-4.407557753128474143e-09
-4.413824475769617677e-09
-4.420155969699356040e-09
-4.426508289490356946e-09
-4.432925935351279309e-09
-4.439365018766206649e-09
-4.445869991468797141e-09
-4.452397020887454380e-09
-4.458990511355059695e-09
-4.465606685279830928e-09
-4.472289900667004573e-09
-4.478996433942678594e-09
-4.485770597856498025e-09
-4.492568721893095902e-09
-4.499435074617530303e-09
-4.506326037616202609e-09
-4.513285836339526347e-09
-4.520270903521536606e-09
-4.527325422566890940e-09
-4.534405876405730779e-09
-4.541556407464824716e-09
-4.548733547921530207e-09
-4.555981400291559090e-09
-4.563256545053243168e-09
-4.570603045877041544e-09
-4.577977530598690480e-09
-4.585424025108160599e-09
-4.592899203657714380e-09
-4.600447055420569211e-09
-4.608024300127322227e-09
-4.615674891297123956e-09
-4.623355593203436883e-09
-4.631110324772955720e-09
-4.638895893889266207e-09
-4.646756185947155357e-09
-4.654648051510300740e-09
-4.662615343501013092e-09
-4.670614954235779942e-09
-4.678690705222741374e-09
-4.686799529606631946e-09
-4.694985218538572804e-09
-4.703204745069710641e-09
-4.711501871050104931e-09
-4.719833608518211790e-09
-4.728243691077786041e-09
-4.736689168838192913e-09
-4.745213748210412065e-09
-4.753774516461079480e-09
-4.762415153860664386e-09
-4.771092783922221103e-09
-4.779851061826749757e-09
-4.788647146425696246e-09
-4.797524668860493062e-09
-4.806440822415869211e-09
-4.815439215242521485e-09
-4.824477074156500117e-09
-4.833597985365687404e-09
-4.842759208318853768e-09
-4.852004308328386852e-09
-4.861290576580884476e-09
-4.870661558540308838e-09
-4.880074576240398577e-09
-4.889573156344027661e-09
-4.899114650846180832e-09
-4.908742568656884320e-09
-4.918414290852059372e-09
-4.928173309638802500e-09
-4.937977034300113869e-09
-4.947868941392656613e-09
-4.957806467540094371e-09
-4.967833074704686125e-09
-4.977906225992775000e-09
-4.988069369832679568e-09
-4.998279994964773179e-09
-5.008581537349028744e-09
-5.018931510521122610e-09
-5.029373339043637727e-09
-5.039864560418733355e-09
-5.050448588887413738e-09
-5.061082985098394810e-09
-5.071811154050013631e-09
-5.082590678724048730e-09
-5.093464955954633175e-09
-5.104391590244996670e-09
-5.115413971337112565e-09
-5.126489724438567766e-09
-5.137662233255675799e-09
-5.148889142866909451e-09
-5.160213831970807657e-09
-5.171593964651723159e-09
-5.183072915582070277e-09
-5.194608366935594538e-09
-5.206243690271366218e-09
-5.217936584859610764e-09
-5.229730419962559430e-09
-5.241582910848080929e-09
-5.253537425170485691e-09
-5.265551692958102261e-09
-5.277669080785621478e-09
-5.289847332033927303e-09
-5.302129812535185279e-09
-5.314474277417067110e-09
-5.326924091893307510e-09
-5.339437021020711801e-09
-5.352056429302378870e-09
-5.364740089705167614e-09
-5.377531365741374190e-09
-5.390388036117733250e-09
-5.403353462965151810e-09
-5.416385428518722450e-09
-5.429527293175527026e-09
-5.442736840639079897e-09
-5.456057429503316717e-09
-5.469446843334865860e-09
-5.482948439507345757e-09
-5.496520000740532160e-09
-5.510204884941790890e-09
-5.523960874775639552e-09
-5.537831332280685866e-09
-5.551774043220909737e-09
-5.565832379734458329e-09
-5.579964138460298900e-09
-5.594212706294446062e-09
-5.613343847317913146e-09
-5.647251730086701316e-09
-5.671961153393419417e-09
-5.706658028225999436e-09
-5.732184405852058512e-09
-5.767692706343595588e-09
-5.794058870981906275e-09
-5.830402385518133759e-09
-5.857632761391426623e-09
-5.894837057240884492e-09
-5.922958129622462082e-09
-5.961051066871989854e-09
-5.990091942555743144e-09
-6.011973810741043904e-09
-6.024356746573114247e-09
-6.046471896214532720e-09
-6.059097846113136650e-09
-6.081450790068648472e-09
-6.094324279506184074e-09
-6.116919785437833916e-09
-6.130045606565649110e-09
-6.152888707234458603e-09
-6.166271926883176588e-09
-6.189367924037611195e-09
-6.203013884015723628e-09
-6.226368343315214913e-09
-6.240282650203211703e-09
-6.263901384068437587e-09
-6.278089885112012646e-09
-6.301978919814284236e-09
-6.316447660874484961e-09
-6.340613183524842190e-09
-6.355368344357334964e-09
-6.379816624763865328e-09
-6.394864426187313281e-09
-6.419601707845629609e-09
-6.434948284653434179e-09
-6.459980638461957964e-09
-6.475631871282702522e-09
-6.500965004992486842e-09
-6.516926303786775989e-09
-6.542565319793383019e-09
-6.558841351392388248e-09
-6.584790445376003408e-09
-6.601384797561623018e-09
-6.627646890843536415e-09
-6.644561666128003795e-09
-6.671137965646104691e-09
-6.688373299366119038e-09
-6.715262781140240979e-09
-6.732816281025599211e-09
-6.760015096194812513e-09
-6.777881204536781813e-09
-6.805382011853169521e-09
-6.823551297144587080e-09
-6.851342532559324050e-09
-6.869800925356692152e-09
-6.897866028355685483e-09
-6.916594026402753602e-09
-6.944910654247421856e-09
-6.963882534715380766e-09
-6.992421809704625519e-09
-7.011604901573279300e-09
-7.040330752490183453e-09
-7.059684839005600503e-09
-7.088553515153893163e-09
-7.108030453741333411e-09
-7.136990306854342680e-09
-7.156533969907055507e-09
-7.185525613414287848e-09
-7.205072265328678847e-09
-7.234029228976234302e-09
-7.253508459363777623e-09
-7.282358456559637785e-09
-7.301694783258273154e-09
-7.330361695483767181e-09
-7.349476930956719901e-09
-7.377883586054560475e-09
-7.396700025957869271e-09
-7.424771805528986417e-09
-7.443216250950865943e-09
-7.470885511092651917e-09
-7.488894083522209240e-09
-7.516105323114794348e-09
-7.533628987355434943e-09
-7.560344666445701576e-09
-7.577355362646478747e-09
-7.603562285245583615e-09
-7.620059616047378873e-09
-7.645775879949021985e-09
-7.661794440057772979e-09
-7.687077163777553589e-09
-7.702694886448989803e-09
-7.727649308306711980e-09
-7.742997707757188458e-09
-7.767788905252199197e-09
-7.783066936162576897e-09
-7.807936498977847071e-09
-7.823431163418341188e-09
-7.848722995975889454e-09
-7.864842275241846318e-09
-7.891044975433551841e-09
-7.908373153035080588e-09
-7.936192559386930024e-09
-7.955586521352698831e-09
-7.986075030413993743e-09
-8.008835544779582558e-09
-8.043635167120025878e-09
-8.071832542314871535e-09
