4.391630926038556671e+10
4.199482786313272095e+10
4.013726107855823517e+10
3.825390215122855377e+10
3.629485580490778351e+10
3.451296074857098389e+10
3.248774312730209351e+10
3.072824154847916412e+10
2.871746979020603180e+10
2.787880923317161942e+10
2.683466519407347488e+10
2.597935641031509781e+10
2.495169529341442490e+10
2.408145232341311646e+10
2.306968872555272293e+10
2.218361775941654205e+10
2.119094164346475983e+10
2.076205527465901184e+10
2.025220850744917679e+10
2.005185877527047348e+10
1.978315937891567230e+10
1.957860255812806702e+10
1.931419870992460251e+10
1.910572747421523285e+10
1.884534232789288712e+10
1.863326825414252472e+10
1.837661763391828537e+10
1.816127676802000427e+10
1.790805059124419403e+10
1.768978136195461273e+10
1.743966844316173935e+10
1.721882485100115585e+10
1.697152914699858284e+10
1.674844416530169106e+10
1.650367821398161125e+10
1.627869613462384796e+10
1.603617088921890831e+10
1.580962360353441238e+10
1.556907317285314369e+10
1.534128326638087463e+10
1.510248059220264053e+10
1.499056824730892372e+10
1.486944990252399445e+10
1.475696281490240097e+10
1.463656524984387589e+10
1.452358833205862808e+10
1.440384129990698433e+10
1.429045263058658981e+10
1.417129362867613411e+10
1.405756372992160797e+10
1.393893849994977760e+10
1.382493123410767937e+10
1.370679154040030670e+10
1.359256671979792786e+10
1.347486882318969917e+10
1.336048201009451675e+10
1.324318824404412651e+10
1.312868917591798592e+10
1.301176845282164192e+10
1.289720218312222099e+10
1.278062819122004890e+10
1.266603555483281517e+10
1.254978538084490013e+10
1.243520204943017578e+10
1.231926220078252792e+10
1.220472541796770859e+10
1.208909043281033707e+10
1.197462647379039764e+10
1.185928061989177513e+10
1.174491335272260857e+10
1.162985793176024818e+10
1.151561940129384613e+10
1.140085109362533760e+10
1.128675982800339317e+10
1.117228421795855331e+10
1.105836675942516708e+10
1.094418566461091232e+10
1.083046263810598755e+10
1.071658419892219162e+10
1.060308113791856956e+10
1.048950914849242020e+10
1.037624970718088341e+10
1.026299662690720940e+10
1.015000187229408073e+10
1.003707888253177834e+10
9.924373547625736237e+09
9.811794056996923447e+09
9.699400801480941772e+09
9.587180292446105957e+09
9.475125233105951309e+09
9.363278569831197739e+09
9.251587658229738235e+09
9.140134697903520584e+09
9.028833415703580856e+09
8.917796684703052521e+09
8.806910067266649246e+09
8.696313891316690445e+09
8.641073123118587494e+09
8.585910132764201164e+09
8.530783347723846436e+09
8.475740202038209915e+09
8.420731588017187119e+09
8.365811380544015884e+09
8.310925103367546082e+09
8.256131091359503746e+09
8.201371475769804955e+09
8.146707006482724190e+09
8.092078445237993240e+09
8.037547167497089386e+09
7.983053939033355713e+09
7.928659870322002411e+09
7.874306232527634621e+09
7.820053572605106354e+09
7.765843978713335037e+09
7.711736964084162712e+09
7.657676111208834648e+09
7.603719093872520447e+09
7.549811769933663368e+09
7.496009410847290039e+09
7.442260349515916824e+09
7.388617690751644135e+09
7.335031612816514969e+09
7.281553970370199203e+09
7.228135737718459129e+09
7.174828574637043953e+09
7.121583290650691032e+09
7.068452173562393188e+09
7.015385215466978073e+09
6.962435805908928871e+09
6.909552848098155022e+09
6.856790903211262703e+09
6.804097913813097000e+09
6.751529332677658081e+09
6.699032526120635033e+09
6.646663417277200699e+09
6.594369222332756996e+09
6.542205929024201393e+09
6.490121005495571136e+09
6.438170102385486603e+09
6.386301356552637100e+09
6.334569673828350067e+09
6.282924242322186470e+09
6.231418907107978821e+09
6.180004151244084358e+09
6.128732597967925072e+09
6.077556136122710228e+09
6.026526093209477425e+09
5.975595834407325745e+09
5.924815333098023415e+09
5.874139480719817162e+09
5.823616887848356247e+09
5.773203939457843781e+09
5.722947975188244820e+09
5.672806749943511963e+09
5.622826481108585358e+09
5.572966158246133804e+09
5.523270999580099106e+09
5.473701134924139977e+09
5.424300875583754539e+09
5.375031399640761375e+09
5.325936231374379158e+09
5.276977457295696259e+09
5.228197979840335846e+09
5.179560636108393669e+09
5.131107856601068497e+09
5.082803064318380356e+09
5.034688234107729912e+09
4.986727473382238388e+09
4.938963236011635780e+09
4.891361219954379082e+09
4.843961141003192902e+09
4.796716465731374741e+09
4.749646198855303764e+09
4.702708140727348328e+09
4.656008303347839355e+09
4.609691458402996063e+09
4.564025279405697823e+09
4.519060948221809387e+09
4.474644042757020950e+09
4.430417426426192284e+09
4.386352261826426506e+09
4.342760012982048035e+09
4.300041203657730103e+09
4.257993919268652916e+09
4.216030934439502239e+09
4.173746711507594585e+09
4.131497055841094971e+09
4.089891032564592838e+09
4.049360658628220081e+09
4.009924944240232468e+09
3.971426262883801460e+09
3.933321369017855167e+09
3.894930685309186935e+09
3.855726265905067444e+09
3.815520162806645870e+09
3.773989005156287670e+09
3.730930318095373154e+09
3.686650396692236900e+09
3.641905100883468151e+09
3.597080734794798851e+09
3.552279011949595451e+09
3.507578420899039745e+09
3.463077054326262474e+09
3.418633095792896748e+09
3.374213891087589264e+09
3.329771609678016186e+09
3.285181059072824478e+09
3.240393909598134041e+09
3.195682561929346085e+09
3.151069039117607117e+09
3.106366363372350693e+09
3.061549721084604740e+09
3.016883584739400387e+09
2.972431974470074654e+09
2.928162825185831070e+09
2.884043878597613811e+09
2.840164457431376934e+09
2.796531175247295380e+09
2.753096849838431835e+09
2.709764049269739151e+09
2.666620808664115906e+09
2.623692760261960030e+09
2.580960976640829563e+09
2.538399297276596546e+09
2.496018511064440727e+09
2.453716257126441002e+09
2.411525900841001511e+09
2.369485666215343952e+09
2.327634804846890926e+09
2.285984386852951527e+09
2.244556816355568886e+09
2.203269743314180851e+09
2.162140446041205406e+09
2.121157574432768822e+09
2.080335554620356798e+09
2.039671111646362305e+09
1.999172367582611799e+09
1.958806755042855978e+09
1.918620138737166166e+09
1.878570858924925804e+09
1.838669521910423756e+09
1.798928086502528906e+09
1.759361559854274511e+09
1.719964481544305086e+09
1.680781621112293243e+09
1.641766289139553070e+09
1.602896994966784000e+09
1.564091270951284409e+09
1.525334522139621258e+09
1.486689930933528900e+09
1.448259979638100863e+09
1.410037051489268303e+09
1.372005109895348310e+09
1.334134107345875025e+09
1.296481302752874374e+09
1.259024407976048946e+09
1.221759660418210745e+09
1.184716656610326767e+09
1.147906921027175665e+09
1.111290973294933558e+09
1.074908615901312351e+09
1.038727542845322728e+09
1.002757928690406561e+09
9.670389140943105221e+08
9.316970017665883303e+08
8.967890316323219538e+08
8.622055371231703758e+08
8.281217111951086521e+08
7.942930796928697824e+08
7.610208200429131985e+08
7.279399141390258074e+08
6.954390175995969772e+08
6.630629134850826263e+08
6.472210951044226885e+08
6.311568820176503658e+08
6.154812537252633572e+08
5.996287356362502575e+08
5.841437736144522429e+08
5.685033886274411678e+08
5.531946647287070751e+08
5.377468565361411572e+08
5.226105411438003778e+08
5.073573726666694880e+08
4.923959592613518238e+08
4.773335238643626571e+08
4.625471872801610231e+08
4.476754974482654929e+08
4.330651220798421502e+08
4.183825800330569744e+08
4.039496437641744018e+08
3.894560878480580449e+08
3.752010279608094692e+08
3.608957277389377356e+08
3.468193780252295136e+08
3.327015038190680742e+08
3.188042083285162449e+08
3.048734312706996799e+08
2.911555614646795392e+08
2.774113907016195655e+08
2.638734387226515412e+08
2.503156029606825411e+08
2.369580447600740492e+08
2.235867812330249250e+08
2.104105601530685127e+08
1.972265703403144479e+08
1.842330886736295521e+08
1.712373791498186290e+08
1.584280858841734529e+08
1.456217026613839269e+08
1.329979620399477035e+08
1.203824571679532230e+08
1.079456690934558511e+08
9.552277428069116175e+07
8.327745454878623784e+07
7.104695131949491799e+07
5.899596115581768751e+07
4.697328821342886984e+07
3.510362407005099207e+07
2.328572305757062882e+07
1.166747835930785723e+07
0.000000000000000000e+00
