5.371447547849491239e+05
5.371326634907574626e+05
5.370966041993853869e+05
5.370369907797914930e+05
5.369542188536379253e+05
5.368486829562430503e+05
5.367207828802620061e+05
5.365709295911183581e+05
5.363995513157669920e+05
5.363059159218977438e+05
5.362070682787725236e+05
5.361030677608562401e+05
5.359939742418808164e+05
5.358798485457750503e+05
5.357607513180816313e+05
5.356367425958908862e+05
5.355078799916986609e+05
5.354416439107891638e+05
5.353742140272159595e+05
5.353400530848590424e+05
5.353055958193588303e+05
5.352708429079620400e+05
5.352357949141570134e+05
5.352004524261604529e+05
5.351648159143988742e+05
5.351288858645987930e+05
5.350926626384796109e+05
5.350561466027101269e+05
5.350193379908150528e+05
5.349822370278728195e+05
5.349448437957423739e+05
5.349071583555300022e+05
5.348691806137871463e+05
5.348309104393316666e+05
5.347923475334750256e+05
5.347534915430700639e+05
5.347143419312066399e+05
5.346748980865725316e+05
5.346351591962266248e+05
5.345951243509398773e+05
5.345547924183913274e+05
5.345345146273894934e+05
5.345141620670170523e+05
5.344937345568850869e+05
5.344732318847035058e+05
5.344526538436121773e+05
5.344320001942573581e+05
5.344112707015912747e+05
5.343904650972647360e+05
5.343695831158809597e+05
5.343486244580945931e+05
5.343275888258346822e+05
5.343064758864026517e+05
5.342852853067945689e+05
5.342640167182785226e+05
5.342426697504381882e+05
5.342212439958284376e+05
5.341997390437416034e+05
5.341781544452296803e+05
5.341564897463398520e+05
5.341347444534604438e+05
5.341129180662519066e+05
5.340910100427827565e+05
5.340690198325527599e+05
5.340469468422274804e+05
5.340247904684550595e+05
5.340025500639077509e+05
5.339802249677623622e+05
5.339578144723075675e+05
5.339353178543688264e+05
5.339127343434789218e+05
5.338900631517159054e+05
5.338673034403383499e+05
5.338444543501553126e+05
5.338215149709642865e+05
5.337984843693544390e+05
5.337753615573722636e+05
5.337521455210181884e+05
5.337288351911291247e+05
5.337054294695503777e+05
5.336819271988128312e+05
5.336583271907205926e+05
5.336346281960993074e+05
5.336108289307284867e+05
5.335869280467627104e+05
5.335629241589587182e+05
5.335388158153097611e+05
5.335146015220272820e+05
5.334902797162098577e+05
5.334658487894512946e+05
5.334413070592563599e+05
5.334166527938850923e+05
5.333918841831267346e+05
5.333669993621067842e+05
5.333419963816076051e+05
5.333168732305812882e+05
5.332916278069150867e+05
5.332789585500800749e+05
5.332662579001926351e+05
5.332535255742381560e+05
5.332407612774401205e+05
5.332279647148305085e+05
5.332151355794265401e+05
5.332022735635406571e+05
5.331893783471061615e+05
5.331764496088536689e+05
5.331634870145949535e+05
5.331504902284664568e+05
5.331374589010784402e+05
5.331243926807410317e+05
5.331112912016877672e+05
5.330981540950447088e+05
5.330849809772749431e+05
5.330717714608950773e+05
5.330585251429735217e+05
5.330452416158616543e+05
5.330319204554432072e+05
5.330185612321322551e+05
5.330051634987405268e+05
5.329917268016861053e+05
5.329782506687315181e+05
5.329647346200213069e+05
5.329511781560775125e+05
5.329375807683700696e+05
5.329239419277420966e+05
5.329102610944744665e+05
5.328965377070708200e+05
5.328827711919596186e+05
5.328689609524968546e+05
5.328551063784421422e+05
5.328412068350500194e+05
5.328272616725071566e+05
5.328132702149011893e+05
5.327992317698480329e+05
5.327851456172066974e+05
5.327710110189521220e+05
5.327568272076920839e+05
5.327425933967453893e+05
5.327283087685285136e+05
5.327139724848493934e+05
5.326995836751610041e+05
5.326851414471651660e+05
5.326706448749232804e+05
5.326560930097779492e+05
5.326414848684601020e+05
5.326268194442389067e+05
5.326120956951916451e+05
5.325973125555719016e+05
5.325824689242868917e+05
5.325675636765926611e+05
5.325525956527871313e+05
5.325375636703341734e+05
5.325224665128514171e+05
5.325073029426847352e+05
5.324920716903455323e+05
5.324767714675563620e+05
5.324614009572520154e+05
5.324459588272101246e+05
5.324304437206630828e+05
5.324148542706421576e+05
5.323991890913314419e+05
5.323834467931520194e+05
5.323676259750571335e+05
5.323517252403997118e+05
5.323357431902820244e+05
5.323196784404362552e+05
5.323035296160085127e+05
5.322872953695759643e+05
5.322709743752254872e+05
5.322545653431313112e+05
5.322380670167704811e+05
5.322214782218096079e+05
5.322047979414371075e+05
5.321880254111777758e+05
5.321711600210480392e+05
5.321542009325150866e+05
5.321371466043444816e+05
5.321199949765829369e+05
5.321027446955998894e+05
5.320853964911878575e+05
5.320679527187760687e+05
5.320504147066690493e+05
5.320327807535261381e+05
5.320150481400052086e+05
5.319972176731722429e+05
5.319792951400090242e+05
5.319612872562583070e+05
5.319431969480857952e+05
5.319250230191140436e+05
5.319067628304784885e+05
5.318884144221054157e+05
5.318699786725349259e+05
5.318514618405773072e+05
5.318328748621867271e+05
5.318142288678190671e+05
5.317955325169775169e+05
5.317767922464925796e+05
5.317580111914208392e+05
5.317391893325637793e+05
5.317203298343826318e+05
5.317014432933391072e+05
5.316825414093609434e+05
5.316636311075096019e+05
5.316447197800874710e+05
5.316258197840878274e+05
5.316069430790425977e+05
5.315880979134057416e+05
5.315692932155079907e+05
5.315505398132629925e+05
5.315318476140191779e+05
5.315132270182779757e+05
5.314946910241433652e+05
5.314762513840239262e+05
5.314579146756132832e+05
5.314396847983181942e+05
5.314215673860666575e+05
5.314035688968064496e+05
5.313856924737347290e+05
5.313679377908457536e+05
5.313503035738940816e+05
5.313327862715780502e+05
5.313153781497300370e+05
5.312980685738443863e+05
5.312808434290311998e+05
5.312636828171191737e+05
5.312465613510711119e+05
5.312294482729384908e+05
5.312123069494423689e+05
5.311950948408921249e+05
5.311777610812736675e+05
5.311602449487794656e+05
5.311424777482320787e+05
5.311243819677865831e+05
5.311058691467264434e+05
5.310868398179643555e+05
5.310671816713475855e+05
5.310467686757004121e+05
5.310254621137941722e+05
5.310031078884314047e+05
5.309795354658764554e+05
5.309545596112726489e+05
5.309279776590085821e+05
5.308995683189026313e+05
5.308690931281881640e+05
5.308362940533891087e+05
5.308008931037284201e+05
5.307625929649990285e+05
5.307210755790793337e+05
5.306760054311098065e+05
5.306270318400320830e+05
5.305737878749705851e+05
5.305158909517368302e+05
5.304529447399051860e+05
5.303845452717790613e+05
5.303102816159403883e+05
5.302297356750031468e+05
5.301424949439782649e+05
5.300481525920920540e+05
5.299463083702651784e+05
5.298365877721850993e+05
5.297186423695686972e+05
5.295921574029886397e+05
5.294568703591540689e+05
5.293122980697900057e+05
5.291572511096450035e+05
5.289912915259337751e+05
5.288142891939209076e+05
5.286262313654659083e+05
5.284272653431972722e+05
5.282177089782124385e+05
5.279981103509104578e+05
5.277692592829846544e+05
5.275322607139747124e+05
5.274111337919220096e+05
5.272885435897174757e+05
5.271647348637429532e+05
5.270399866460131016e+05
5.269145992705519311e+05
5.267889132949644700e+05
5.266632994036352029e+05
5.265381767659704201e+05
5.264139963350153994e+05
5.262912603038965026e+05
5.261705078624283196e+05
5.260523379864763701e+05
5.259373906029642094e+05
5.258263711749369977e+05
5.257200322022074834e+05
5.256192000100980513e+05
5.255247526287904475e+05
5.254376500345873646e+05
5.253589106125180842e+05
5.252896429704346228e+05
5.252310200578798540e+05
5.251843144203341799e+05
5.251508695201879600e+05
5.251321373961538775e+05
5.251296482669847319e+05
5.251450504456427880e+05
5.251800777413375909e+05
5.252365916623554658e+05
5.253165469971951097e+05
5.254220357114078943e+05
5.255552511191933881e+05
5.257185332447107648e+05
5.259143320662140613e+05
5.261452536347950809e+05
5.264140228357827291e+05
5.267235296783072408e+05
5.270767916830827016e+05
5.274770012608472025e+05
5.279274833755880827e+05
5.284317521661163773e+05
5.289934710510289297e+05
5.296164491823719582e+05
5.303047611393787665e+05
5.310626464593816781e+05
5.318940325707144802e+05
5.328044567833382171e+05
5.337987437611500500e+05
5.348765014169927454e+05
