6.000000000000000000e+00
6.000000000000000000e+00
6.000000000000000000e+00
6.000000000000000000e+00
6.000000000000000000e+00
6.000000000000000000e+00
6.000000000000000000e+00
6.000000000000000000e+00
3.000000000000000000e+00
3.000000000000000000e+00
3.000000000000000000e+00
3.000000000000000000e+00
3.000000000000000000e+00
3.000000000000000000e+00
3.000000000000000000e+00
3.000000000000000000e+00
1.500000000000000000e+00
1.500000000000000000e+00
7.500000000000000000e-01
7.500000000000000000e-01
7.500000000000000000e-01
7.500000000000000000e-01
7.500000000000000000e-01
7.500000000000000000e-01
7.500000000000000000e-01
7.500000000000000000e-01
7.500000000000000000e-01
7.500000000000000000e-01
7.500000000000000000e-01
7.500000000000000000e-01
7.500000000000000000e-01
7.500000000000000000e-01
7.500000000000000000e-01
7.500000000000000000e-01
7.500000000000000000e-01
7.500000000000000000e-01
7.500000000000000000e-01
7.500000000000000000e-01
7.500000000000000000e-01
7.500000000000000000e-01
3.750000000000000000e-01
3.750000000000000000e-01
3.750000000000000000e-01
3.750000000000000000e-01
3.750000000000000000e-01
3.750000000000000000e-01
3.750000000000000000e-01
3.750000000000000000e-01
3.750000000000000000e-01
3.750000000000000000e-01
3.750000000000000000e-01
3.750000000000000000e-01
3.750000000000000000e-01
3.750000000000000000e-01
3.750000000000000000e-01
3.750000000000000000e-01
3.750000000000000000e-01
3.750000000000000000e-01
3.750000000000000000e-01
3.750000000000000000e-01
3.750000000000000000e-01
3.750000000000000000e-01
3.750000000000000000e-01
3.750000000000000000e-01
3.750000000000000000e-01
3.750000000000000000e-01
3.750000000000000000e-01
3.750000000000000000e-01
3.750000000000000000e-01
3.750000000000000000e-01
3.750000000000000000e-01
3.750000000000000000e-01
3.750000000000000000e-01
3.750000000000000000e-01
3.750000000000000000e-01
3.750000000000000000e-01
3.750000000000000000e-01
3.750000000000000000e-01
3.750000000000000000e-01
3.750000000000000000e-01
3.750000000000000000e-01
3.750000000000000000e-01
3.750000000000000000e-01
3.750000000000000000e-01
3.750000000000000000e-01
3.750000000000000000e-01
3.750000000000000000e-01
3.750000000000000000e-01
3.750000000000000000e-01
3.750000000000000000e-01
3.750000000000000000e-01
3.750000000000000000e-01
3.750000000000000000e-01
3.750000000000000000e-01
3.750000000000000000e-01
3.750000000000000000e-01
1.875000000000000000e-01
1.875000000000000000e-01
1.875000000000000000e-01
1.875000000000000000e-01
1.875000000000000000e-01
1.875000000000000000e-01
1.875000000000000000e-01
1.875000000000000000e-01
1.875000000000000000e-01
1.875000000000000000e-01
1.875000000000000000e-01
1.875000000000000000e-01
1.875000000000000000e-01
1.875000000000000000e-01
1.875000000000000000e-01
1.875000000000000000e-01
1.875000000000000000e-01
1.875000000000000000e-01
1.875000000000000000e-01
1.875000000000000000e-01
1.875000000000000000e-01
1.875000000000000000e-01
1.875000000000000000e-01
1.875000000000000000e-01
1.875000000000000000e-01
1.875000000000000000e-01
1.875000000000000000e-01
1.875000000000000000e-01
1.875000000000000000e-01
1.875000000000000000e-01
1.875000000000000000e-01
1.875000000000000000e-01
1.875000000000000000e-01
1.875000000000000000e-01
1.875000000000000000e-01
1.875000000000000000e-01
1.875000000000000000e-01
1.875000000000000000e-01
1.875000000000000000e-01
1.875000000000000000e-01
1.875000000000000000e-01
1.875000000000000000e-01
1.875000000000000000e-01
1.875000000000000000e-01
1.875000000000000000e-01
1.875000000000000000e-01
1.875000000000000000e-01
1.875000000000000000e-01
1.875000000000000000e-01
1.875000000000000000e-01
1.875000000000000000e-01
1.875000000000000000e-01
1.875000000000000000e-01
1.875000000000000000e-01
1.875000000000000000e-01
1.875000000000000000e-01
1.875000000000000000e-01
1.875000000000000000e-01
1.875000000000000000e-01
1.875000000000000000e-01
1.875000000000000000e-01
1.875000000000000000e-01
1.875000000000000000e-01
1.875000000000000000e-01
1.875000000000000000e-01
1.875000000000000000e-01
1.875000000000000000e-01
1.875000000000000000e-01
1.875000000000000000e-01
1.875000000000000000e-01
1.875000000000000000e-01
1.875000000000000000e-01
1.875000000000000000e-01
1.875000000000000000e-01
1.875000000000000000e-01
1.875000000000000000e-01
1.875000000000000000e-01
1.875000000000000000e-01
1.875000000000000000e-01
1.875000000000000000e-01
1.875000000000000000e-01
1.875000000000000000e-01
1.875000000000000000e-01
1.875000000000000000e-01
1.875000000000000000e-01
1.875000000000000000e-01
1.875000000000000000e-01
1.875000000000000000e-01
1.875000000000000000e-01
1.875000000000000000e-01
1.875000000000000000e-01
1.875000000000000000e-01
1.875000000000000000e-01
1.875000000000000000e-01
1.875000000000000000e-01
1.875000000000000000e-01
1.875000000000000000e-01
1.875000000000000000e-01
1.875000000000000000e-01
1.875000000000000000e-01
1.875000000000000000e-01
1.875000000000000000e-01
1.875000000000000000e-01
1.875000000000000000e-01
1.875000000000000000e-01
1.875000000000000000e-01
1.875000000000000000e-01
1.875000000000000000e-01
1.875000000000000000e-01
1.875000000000000000e-01
1.875000000000000000e-01
1.875000000000000000e-01
1.875000000000000000e-01
1.875000000000000000e-01
1.875000000000000000e-01
1.875000000000000000e-01
1.875000000000000000e-01
1.875000000000000000e-01
1.875000000000000000e-01
1.875000000000000000e-01
1.875000000000000000e-01
1.875000000000000000e-01
1.875000000000000000e-01
1.875000000000000000e-01
1.875000000000000000e-01
1.875000000000000000e-01
1.875000000000000000e-01
1.875000000000000000e-01
1.875000000000000000e-01
1.875000000000000000e-01
1.875000000000000000e-01
1.875000000000000000e-01
1.875000000000000000e-01
1.875000000000000000e-01
1.875000000000000000e-01
1.875000000000000000e-01
1.875000000000000000e-01
1.875000000000000000e-01
1.875000000000000000e-01
1.875000000000000000e-01
1.875000000000000000e-01
1.875000000000000000e-01
1.875000000000000000e-01
1.875000000000000000e-01
1.875000000000000000e-01
1.875000000000000000e-01
1.875000000000000000e-01
1.875000000000000000e-01
1.875000000000000000e-01
1.875000000000000000e-01
1.875000000000000000e-01
1.875000000000000000e-01
1.875000000000000000e-01
1.875000000000000000e-01
1.875000000000000000e-01
1.875000000000000000e-01
1.875000000000000000e-01
1.875000000000000000e-01
1.875000000000000000e-01
1.875000000000000000e-01
1.875000000000000000e-01
1.875000000000000000e-01
1.875000000000000000e-01
1.875000000000000000e-01
1.875000000000000000e-01
1.875000000000000000e-01
1.875000000000000000e-01
1.875000000000000000e-01
1.875000000000000000e-01
1.875000000000000000e-01
1.875000000000000000e-01
1.875000000000000000e-01
1.875000000000000000e-01
1.875000000000000000e-01
1.875000000000000000e-01
1.875000000000000000e-01
9.375000000000000000e-02
9.375000000000000000e-02
9.375000000000000000e-02
9.375000000000000000e-02
9.375000000000000000e-02
9.375000000000000000e-02
9.375000000000000000e-02
9.375000000000000000e-02
9.375000000000000000e-02
9.375000000000000000e-02
9.375000000000000000e-02
9.375000000000000000e-02
9.375000000000000000e-02
9.375000000000000000e-02
9.375000000000000000e-02
9.375000000000000000e-02
9.375000000000000000e-02
9.375000000000000000e-02
9.375000000000000000e-02
9.375000000000000000e-02
9.375000000000000000e-02
9.375000000000000000e-02
9.375000000000000000e-02
9.375000000000000000e-02
9.375000000000000000e-02
9.375000000000000000e-02
9.375000000000000000e-02
9.375000000000000000e-02
9.375000000000000000e-02
9.375000000000000000e-02
9.375000000000000000e-02
9.375000000000000000e-02
9.375000000000000000e-02
9.375000000000000000e-02
9.375000000000000000e-02
9.375000000000000000e-02
9.375000000000000000e-02
9.375000000000000000e-02
9.375000000000000000e-02
9.375000000000000000e-02
9.375000000000000000e-02
9.375000000000000000e-02
9.375000000000000000e-02
9.375000000000000000e-02
9.375000000000000000e-02
9.375000000000000000e-02
9.375000000000000000e-02
9.375000000000000000e-02
