9.169843216072368932e+02
9.169765323109681958e+02
9.169635610791435738e+02
9.169445166076292253e+02
9.169144726728977730e+02
9.168689084515715422e+02
9.167981458159018757e+02
9.166895526729608719e+02
9.165215422824049938e+02
9.163942793076965927e+02
9.162585018829465753e+02
9.160688897373487407e+02
9.158522390601594907e+02
9.155648551886500854e+02
9.152237412899629589e+02
9.147837572740721725e+02
9.142501816440873199e+02
9.139097621368334785e+02
9.135751787531394257e+02
9.133566056678911309e+02
9.131775208024314452e+02
9.129375460324819187e+02
9.127337687561736175e+02
9.124697319410195178e+02
9.122385392717311561e+02
9.119474771376424087e+02
9.116858428965961139e+02
9.113644871898560496e+02
9.110690207681136599e+02
9.107136834181220593e+02
9.103805676893813370e+02
9.099871771695036387e+02
9.096121878493036093e+02
9.091761810801411912e+02
9.087545841273600900e+02
9.082709057713153697e+02
9.077974205396561729e+02
9.072604243705011413e+02
9.067291643958494660e+02
9.061325816764946239e+02
9.055369955329333607e+02
9.051972575912296861e+02
9.048898541642403188e+02
9.045325708893002457e+02
9.042062513543882005e+02
9.038304062834930619e+02
9.034841477340303300e+02
9.030886719883534397e+02
9.027213962623139878e+02
9.023051605439313789e+02
9.019157343856442139e+02
9.014775469488851058e+02
9.010647745249410718e+02
9.006033840406925037e+02
9.001660002228552457e+02
8.996800921289544704e+02
8.992167633406843379e+02
8.987049521220720862e+02
8.982142751815490556e+02
8.976751033427436823e+02
8.971555982487490155e+02
8.965875306462146455e+02
8.960376277981707744e+02
8.954390400731022055e+02
8.948571050748716971e+02
8.942263269936232746e+02
8.936106760503001851e+02
8.929459215153530067e+02
8.922946986714423474e+02
8.915940579618212496e+02
8.909053744343431163e+02
8.901669124164553750e+02
8.894387569127100051e+02
8.886603708503690768e+02
8.878906523962604069e+02
8.870701915345649695e+02
8.862566906246203189e+02
8.853918564493175154e+02
8.845322672506272283e+02
8.836206842607625731e+02
8.827125527301889178e+02
8.817517142640718930e+02
8.807925065966167040e+02
8.797797776973350210e+02
8.787668138382052803e+02
8.776994541300809942e+02
8.766299355259782260e+02
8.755050566177542350e+02
8.743760559547606590e+02
8.731906560019036760e+02
8.719990918581833057e+02
8.707500239595437961e+02
8.694926987567785091e+02
8.681766821229552988e+02
8.668502532201005124e+02
8.654638407627966217e+02
8.640648192159181917e+02
8.633286994995951318e+02
8.626161235690973399e+02
8.618610767396227175e+02
8.611289488245809025e+02
8.603544945201205110e+02
8.596023403680212596e+02
8.588079922149341883e+02
8.580353262113425217e+02
8.572205901094494038e+02
8.564269143447971828e+02
8.555912872310694866e+02
8.547760947638665812e+02
8.539190607559538648e+02
8.530818376020826008e+02
8.522028684405977401e+02
8.513430905940369939e+02
8.504416495944759617e+02
8.495587791519925531e+02
8.486343232846695628e+02
8.477278086228651546e+02
8.467797855881871101e+02
8.458490658391492616e+02
8.448769091802648745e+02
8.439214174904597030e+02
8.429245456357323292e+02
8.419437074721539602e+02
8.409215266798354378e+02
8.399147566635056137e+02
8.388666630160890918e+02
8.378333639032694009e+02
8.367587435314703725e+02
8.356983056610696394e+02
8.345965355928797180e+02
8.335083356621647681e+02
8.323787843272870077e+02
8.312621858113740245e+02
8.301042112950999581e+02
8.289585664792724629e+02
8.277715147557227056e+02
8.265961651231471023e+02
8.253793706838306434e+02
8.241736454800590082e+02
8.229264322136905321e+02
8.216896483915825229e+02
8.204113282994500196e+02
8.191427921140577837e+02
8.178326638543719582e+02
8.165316710073279864e+02
8.151890207450446724e+02
8.138548545870115731e+02
8.124789574138909529e+02
8.111108882392319401e+02
8.097010074478091610e+02
8.082982939143324757e+02
8.068536792939718225e+02
8.054155692725994413e+02
8.039354573216996869e+02
8.024611865732678098e+02
8.009448022620506435e+02
7.994335931524605030e+02
7.978801503876737797e+02
7.963312129282679734e+02
7.947399132168918641e+02
7.931524471796055877e+02
7.915224792459723631e+02
7.898956748691185794e+02
7.882262164479293460e+02
7.865592526643687279e+02
7.848494749105757364e+02
7.831415336658867545e+02
7.813906220183938558e+02
7.796408334478500137e+02
7.778477147723244798e+02
7.760548945376665415e+02
7.742193169165182098e+02
7.723863867715368769e+02
7.705151995489588899e+02
7.686465156820721631e+02
7.667263257924471418e+02
7.647808553047592568e+02
7.627643366439788224e+02
7.607433161967561546e+02
7.587138495743557769e+02
7.567240287360550610e+02
7.546854549481839740e+02
7.525867487378404803e+02
7.504049261953747418e+02
7.482662554150573442e+02
7.461865089301280705e+02
7.441653043153833096e+02
7.420746206284087521e+02
7.399003874154425375e+02
7.375915527566672836e+02
7.352032988475667707e+02
7.327658364566224236e+02
7.304255556057677268e+02
7.281892755857037400e+02
7.260405231121713996e+02
7.238676325984845334e+02
7.216613357185480027e+02
7.193344184466202478e+02
7.169236676189400441e+02
7.144915494227698218e+02
7.121459175057661923e+02
7.097770122748735275e+02
7.073491126076306728e+02
7.048806750679269726e+02
7.024632682609792482e+02
7.000271576173931862e+02
6.975957191022409916e+02
6.951661176693434072e+02
6.927692481950457477e+02
6.903531004824008050e+02
6.879715706434600406e+02
6.855931231466012150e+02
6.832228663168921230e+02
6.808065039274708852e+02
6.783882423296249726e+02
6.759592851858109270e+02
6.735549932060139326e+02
6.711098989764375347e+02
6.686618821750969346e+02
6.662071861194584699e+02
6.637603677695572060e+02
6.612774463940087344e+02
6.588197629635058092e+02
6.563364282515127570e+02
6.538353969087517044e+02
6.513071207532890412e+02
6.487785495893670031e+02
6.462066518197231062e+02
6.436472340111192807e+02
6.410513600388425175e+02
6.384313148761573302e+02
6.357880504835667352e+02
6.331576589001231241e+02
6.305005310694551781e+02
6.278575066241597824e+02
6.251833099787069159e+02
6.225138010907611488e+02
6.198362554455503641e+02
6.171582363512791289e+02
6.144563003824273437e+02
6.117787477323066696e+02
6.090742983739265810e+02
6.063775707657465546e+02
6.036685146636542640e+02
6.009558941788582160e+02
5.982078106078397468e+02
5.954457152294178286e+02
5.926392504494328932e+02
5.898419621688217376e+02
5.870310591926579491e+02
5.842296702199274705e+02
5.814077824212371297e+02
5.785983495433706594e+02
5.757855706926277435e+02
5.729805297292349451e+02
5.701593845222747632e+02
5.673659260457021674e+02
5.645479792368832932e+02
5.617395372819287331e+02
5.589289668583963930e+02
5.561213028804503438e+02
5.533071103925477701e+02
5.505146040320272505e+02
5.466651679768878012e+02
5.402097349052642130e+02
5.355341588195831264e+02
5.290757690416052128e+02
5.243672616301938660e+02
5.179198431013584241e+02
5.131802649624308970e+02
5.067415437073888711e+02
5.019763690355073891e+02
4.955465390460107074e+02
4.935653156248687310e+02
4.899568286124929841e+02
4.879709663082764450e+02
4.843752239791817829e+02
4.823725627965493459e+02
4.787803589831784166e+02
4.767645476068213952e+02
4.731856886323915887e+02
4.711608298182659382e+02
4.675915915320022123e+02
4.655563921164429075e+02
4.619998249934655519e+02
4.599558193640492618e+02
4.564098358685718040e+02
4.543572344404848877e+02
4.508228693120879029e+02
4.487606607393141758e+02
4.452363489335355666e+02
4.431650021916527749e+02
4.396502329925481831e+02
4.375683674966516605e+02
4.340629768770444912e+02
4.319700055618177998e+02
4.284725127889100804e+02
4.263673670880015720e+02
4.228769077148598967e+02
4.207575347976455760e+02
4.172726776928690242e+02
4.151372005377066330e+02
4.116552270118282308e+02
4.095007015836221171e+02
4.060180655814986039e+02
4.038399982709676124e+02
4.003519803220274298e+02
3.981452929135949717e+02
3.946463207453866175e+02
3.924057037497836973e+02
3.888883504389694394e+02
3.866097205618402768e+02
3.830649493678562862e+02
3.807311366582017058e+02
3.771753037071414383e+02
3.747484102422355932e+02
3.711118132183469243e+02
3.688224221350296830e+02
3.647738865038019753e+02
3.622373070010701213e+02
3.599999999999998295e+02
