-3.170242950995270862e-09
-3.170281328369191364e-09
-3.170345067139659152e-09
-3.170438245908223222e-09
-3.170584622865866834e-09
-3.170805320062006255e-09
-3.171145910781271606e-09
-3.171664603565208828e-09
-3.172460505626179548e-09
-3.173058432687731946e-09
-3.173693656721808575e-09
-3.174576733702310003e-09
-3.175578385114312277e-09
-3.176901971622440271e-09
-3.178460408056617494e-09
-3.180461669229889257e-09
-3.182868682851156849e-09
-3.184397805358474774e-09
-3.185894371495335622e-09
-3.186871002132527543e-09
-3.187667589129872823e-09
-3.188737030661058030e-09
-3.189639467032503693e-09
-3.190812713024734742e-09
-3.191832305219706987e-09
-3.193121561794451864e-09
-3.194270905369002140e-09
-3.195689728002690924e-09
-3.196982851516404803e-09
-3.198546297162341546e-09
-3.199998822247029340e-09
-3.201723618498679988e-09
-3.203352937912447569e-09
-3.205257671121043055e-09
-3.207083146804789709e-09
-3.209188471278849524e-09
-3.211231654658671276e-09
-3.213560525311642340e-09
-3.215845402342371591e-09
-3.218423333420078625e-09
-3.220976597145173812e-09
-3.222443533811419649e-09
-3.223754774558564758e-09
-3.225294919107901562e-09
-3.226684604112388888e-09
-3.228302073236817321e-09
-3.229774368415949883e-09
-3.231473501374412791e-09
-3.233032802357666593e-09
-3.234818173171838243e-09
-3.236469117803747690e-09
-3.238345548118994097e-09
-3.240093029645600443e-09
-3.242065602293454198e-09
-3.243914783269660100e-09
-3.245988856570104446e-09
-3.247945183527294351e-09
-3.250126406371293646e-09
-3.252195625286692373e-09
-3.254489953041581972e-09
-3.256678125653169718e-09
-3.259091836935830695e-09
-3.261405357948930212e-09
-3.263945072314174501e-09
-3.266390687548440048e-09
-3.269063384142566046e-09
-3.271648209670678777e-09
-3.274461246902937629e-09
-3.277192789235192272e-09
-3.280153925522723657e-09
-3.283040102894578655e-09
-3.286157518539488415e-09
-3.289206683362335908e-09
-3.292489003622697631e-09
-3.295709966161343936e-09
-3.299166285581366303e-09
-3.302568338925227014e-09
-3.306208246993330989e-09
-3.309801193391973229e-09
-3.313634801599305471e-09
-3.317428980236832764e-09
-3.321466950612688924e-09
-3.325473266899567401e-09
-3.329726842104382038e-09
-3.333956798569537280e-09
-3.338437833630498969e-09
-3.342903562501104497e-09
-3.347624558280086481e-09
-3.352338855841173193e-09
-3.357312994329598717e-09
-3.362289357160719939e-09
-3.367530538701099976e-09
-3.372783201892515412e-09
-3.378306084431891449e-09
-3.383850061888416852e-09
-3.389670102374638226e-09
-3.395521229321140497e-09
-3.398618580503012126e-09
-3.401594004460987183e-09
-3.404772006673787312e-09
-3.407830376689103559e-09
-3.411091225381317888e-09
-3.414234753639813868e-09
-3.417580703174409325e-09
-3.420811661693791529e-09
-3.424245026937497813e-09
-3.427565749177237228e-09
-3.431088907132615518e-09
-3.434501789647288524e-09
-3.438117181128729268e-09
-3.441624685265900968e-09
-3.445334816620746856e-09
-3.448939470264656230e-09
-3.452746915140659274e-09
-3.456451314502904732e-09
-3.460358715663270633e-09
-3.464165527121772309e-09
-3.468175598309052736e-09
-3.472087560296604260e-09
-3.476203088146788240e-09
-3.480223013090516104e-09
-3.484446859098645243e-09
-3.488577635411758384e-09
-3.492912737950453953e-09
-3.497157332077692664e-09
-3.501606708470055729e-09
-3.505968166988263057e-09
-3.510534915636554721e-09
-3.515016367411912220e-09
-3.519703669983562439e-09
-3.524308328386951491e-09
-3.529119452059421376e-09
-3.533850617241523495e-09
-3.538788917007608461e-09
-3.543649978235327803e-09
-3.548718899270526980e-09
-3.553713337326407208e-09
-3.558916417420046548e-09
-3.564047807066360817e-09
-3.569388679118159840e-09
-3.574660691627419241e-09
-3.580143086211296402e-09
-3.585559491964992129e-09
-3.591187239961887232e-09
-3.596751911119279637e-09
-3.602528946420868117e-09
-3.608245859659704501e-09
-3.614176221944927583e-09
-3.620049461276054927e-09
-3.626137298862392585e-09
-3.632171058520229768e-09
-3.638420631291772444e-09
-3.644619218702700813e-09
-3.651034901117036555e-09
-3.657402739947820630e-09
-3.663989024123902800e-09
-3.670530657412256220e-09
-3.677292156301434287e-09
-3.684012249670979681e-09
-3.690953700313393400e-09
-3.697857045275297554e-09
-3.704983312143959732e-09
-3.712074829487550643e-09
-3.719390907922495397e-09
-3.726675651197270376e-09
-3.734186670932161577e-09
-3.741669830023656365e-09
-3.749381058807367579e-09
-3.757067963609409370e-09
-3.764984810925125500e-09
-3.772880935111074259e-09
-3.781008955995529603e-09
-3.789119920891165408e-09
-3.797464819856751138e-09
-3.805796398417548811e-09
-3.814364033480020813e-09
-3.822922154375630480e-09
-3.831718541190287041e-09
-3.840509292999108279e-09
-3.849540609108337715e-09
-3.858570244625150284e-09
-3.867842833820381787e-09
-3.877117774480080239e-09
-3.886638151281180306e-09
-3.896164991701747522e-09
-3.905939845957051577e-09
-3.915725358604969917e-09
-3.925761560215191675e-09
-3.935812700196621153e-09
-3.946117303965966648e-09
-3.956441213947033587e-09
-3.967021464564970856e-09
-3.977625479824685864e-09
-3.988488816981859339e-09
-3.999380470601223119e-09
-4.010534534243138262e-09
-4.021721562434113747e-09
-4.033174198156317539e-09
-4.044664545734405535e-09
-4.056423810322953803e-09
-4.068225636327298784e-09
-4.080299803448431189e-09
-4.092421486913373929e-09
-4.104819052956406793e-09
-4.117269198838609824e-09
-4.129998888916196761e-09
-4.142786334181509159e-09
-4.155857108291492263e-09
-4.168990928165844348e-09
-4.182411987519046089e-09
-4.195901501907860670e-09
-4.209682295426290705e-09
-4.223537075506853653e-09
-4.237687306496918938e-09
-4.251917181488478618e-09
-4.266446814493915872e-09
-4.281061878610178372e-09
-4.295981146449557012e-09
-4.310991766038608932e-09
-4.326311177032352662e-09
-4.341727997908992714e-09
-4.357458343301034234e-09
-4.373292298276725748e-09
-4.389444659856059581e-09
-4.405706976471771389e-09
-4.422292734399277369e-09
-4.438994942866780813e-09
-4.456025783712815674e-09
-4.473179725069988961e-09
-4.490667650068470122e-09
-4.508285484554365542e-09
-4.526242818079160498e-09
-4.544337033734788552e-09
-4.562776432004394545e-09
-4.581359853505307239e-09
-4.600294313521972106e-09
-4.619380111248860849e-09
-4.638822979978472989e-09
-4.658424679332214911e-09
-4.678389663131426778e-09
-4.698521154099176221e-09
-4.719022328396450768e-09
-4.739697875375513348e-09
-4.760749694612902749e-09
-4.781983946499342780e-09
-4.803601254342052831e-09
-4.825409254891191708e-09
-4.847607294712124209e-09
-4.870004493178222176e-09
-4.892798918824901893e-09
-4.915801180887573696e-09
-4.939208067739108831e-09
-4.962831686724156940e-09
-4.986867543045987934e-09
-5.011129251448635629e-09
-5.035811030053140608e-09
-5.060728011371780388e-09
-5.086073121592955303e-09
-5.111663022481773776e-09
-5.137689342472442670e-09
-5.163970285221556845e-09
-5.190696174581829900e-09
-5.217686769933674886e-09
-5.245131082679575405e-09
-5.272850442990685505e-09
-5.310495182889816111e-09
-5.377725933953992050e-09
-5.427852407644483068e-09
-5.498217022363846470e-09
-5.551628845974757814e-09
-5.625300146131595204e-09
-5.682175798372823882e-09
-5.759335772785010895e-09
-5.784981938443185260e-09
-5.829081076980843031e-09
-5.855681440922413908e-09
-5.900708795851441090e-09
-5.928288857111512077e-09
-5.974269713509475089e-09
-6.002855696295574574e-09
-6.049815984311671479e-09
-6.079434858210832844e-09
-6.127401169832807976e-09
-6.158080670576222477e-09
-6.207080276837690214e-09
-6.238848927637696877e-09
-6.288909796278139182e-09
-6.321796929752584075e-09
-6.372947743342551929e-09
-6.406983524042033885e-09
-6.459253698586585675e-09
-6.494469146140400024e-09
-6.547888850174124274e-09
-6.584315863071077627e-09
-6.638916037258425461e-09
-6.676587417279195843e-09
-6.732399794534403662e-09
-6.771349271852471029e-09
-6.828406397993530826e-09
-6.868668656962011539e-09
-6.927003911913959464e-09
-6.968614617556268065e-09
-7.028262237119064277e-09
-7.071258062341668371e-09
-7.132253160538900796e-09
-7.176671814084846777e-09
-7.239050406109571578e-09
-7.284930661271952766e-09
-7.348729687046649417e-09
-7.396111411161637327e-09
-7.461368759529981613e-09
-7.510292944269442264e-09
-7.577047477837678279e-09
-7.627556270322018314e-09
-7.695847850968729610e-09
-7.747984585720846970e-09
-7.817854100794322423e-09
-7.871663332556278263e-09
-7.943152721779084278e-09
-7.998680259213509074e-09
-8.071832542314869880e-09
