0.000000000000000000e+00
5.999999982510378693e+00
1.199999995602866854e+01
1.799999991603461780e+01
2.399999985596272012e+01
2.999999976612198083e+01
3.599999963252428614e+01
4.199999943484564113e+01
4.799999914421517389e+01
5.099999895198469346e+01
5.399999872003194668e+01
5.699999844097080626e+01
5.999999810587396354e+01
6.299999770450754966e+01
6.599999722490835552e+01
6.899999665368457613e+01
7.199999597590527856e+01
7.349999559182185749e+01
7.499999517464505061e+01
7.574999495293528184e+01
7.649999472204999051e+01
7.724999448172357575e+01
7.799999423163221479e+01
7.874999397150605773e+01
7.949999370102878515e+01
8.024999341989598634e+01
8.099999312772621352e+01
8.174999282423117108e+01
8.249999250912965465e+01
8.324999218220111175e+01
8.399999184309935174e+01
8.474999149153377687e+01
8.549999112726293049e+01
8.624999075005867155e+01
8.699999035964387417e+01
8.774998995583582939e+01
8.849998953844807659e+01
8.924998910734164781e+01
8.999998866237345396e+01
9.074998820343562045e+01
9.149998773058699442e+01
9.187498748892559775e+01
9.224998724375105041e+01
9.262498699510973665e+01
9.299998674300599077e+01
9.337498648746820606e+01
9.374998622851342134e+01
9.412498596617288626e+01
9.449998570048778390e+01
9.487498543148446117e+01
9.524998515922544584e+01
9.562498488375143779e+01
9.599998460512512111e+01
9.637498432341776322e+01
9.674998403869480512e+01
9.712498375104566151e+01
9.749998346055691911e+01
9.787498316733021397e+01
9.824998287146868847e+01
9.862498257309994187e+01
9.899998227234429748e+01
9.937498196937347927e+01
9.974998166435666747e+01
1.001249813574556384e+02
1.004999810488022405e+02
1.008749807385000281e+02
1.012499804267623347e+02
1.016249801139013158e+02
1.019999798002301930e+02
1.023749794859614752e+02
1.027499791712873218e+02
1.031249788565197605e+02
1.034999785420660885e+02
1.038749782282144594e+02
1.042499779152761761e+02
1.046249776036560917e+02
1.049999772938163289e+02
1.053749769861520775e+02
1.057499766810826145e+02
1.061249763791640675e+02
1.064999760809198506e+02
1.068749757868519197e+02
1.072499754975872577e+02
1.076249752137675415e+02
1.079999749360345902e+02
1.083749746650902068e+02
1.087499744017180205e+02
1.091249741467046590e+02
1.094999739008633952e+02
1.098749736651412405e+02
1.102499734404785698e+02
1.106249732278661924e+02
1.109999730283632431e+02
1.113749728430712622e+02
1.117499726732506815e+02
1.121249725201000302e+02
1.124999723851069149e+02
1.126874723248438670e+02
1.128749722695716144e+02
1.130624722195487948e+02
1.132499721749672261e+02
1.134374721360260594e+02
1.136249721029353168e+02
1.138124720759106054e+02
1.139999720551647755e+02
1.141874720409356314e+02
1.143749720334450615e+02
1.145624720329391408e+02
1.147499720396658205e+02
1.149374720538710477e+02
1.151249720758271451e+02
1.153124721057940718e+02
1.154999721440504032e+02
1.156874721908888546e+02
1.158749722465849885e+02
1.160624723114636652e+02
1.162499723858121570e+02
1.164374724699665222e+02
1.166249725642499300e+02
1.168124726689941895e+02
1.169999727845645765e+02
1.171874729112963962e+02
1.173749730495844688e+02
1.175624731997836534e+02
1.177499733623085518e+02
1.179374735375411944e+02
1.181249737259139749e+02
1.183124739278410544e+02
1.184999741437691796e+02
1.186874743741514209e+02
1.188749746194480394e+02
1.190624748801499777e+02
1.192499751567406747e+02
1.194374754497406883e+02
1.196249757596664836e+02
1.198124760870675800e+02
1.199999764324925593e+02
1.201874767965276760e+02
1.203749771797516530e+02
1.205624775827892563e+02
1.207499780062573222e+02
1.209374784508134866e+02
1.211249789171216094e+02
1.213124794058735461e+02
1.214999799177783615e+02
1.216874804535729453e+02
1.218749810140071759e+02
1.220624815998688746e+02
1.222499822119548298e+02
1.224374828510996451e+02
1.226249835181582597e+02
1.228124842140109223e+02
1.229999849395729541e+02
1.231874856957802677e+02
1.233749864836034504e+02
1.235624873040444953e+02
1.237499881581311882e+02
1.239374890469309634e+02
1.241249899715408134e+02
1.243124909330883128e+02
1.244999919327481308e+02
1.246874929717113076e+02
1.248749940512271479e+02
1.250624951725652778e+02
1.252499963370445926e+02
1.254374975459932671e+02
1.256249988007334508e+02
1.258125001026965322e+02
1.260000014538272524e+02
1.261875028567239383e+02
1.263750043126308356e+02
1.265625058155976319e+02
1.267500073481029403e+02
1.269375088934986309e+02
1.271250104753944470e+02
1.273125121929979287e+02
1.275000141783234824e+02
1.276875164489096193e+02
1.278750187921458235e+02
1.280625209010072467e+02
1.282500227371639028e+02
1.284375246926120155e+02
1.286250271842138204e+02
1.288125300488807170e+02
1.290000325776410079e+02
1.291875342994868276e+02
1.293750355403314813e+02
1.295625370599597375e+02
1.297500393875436089e+02
1.299375426657564105e+02
1.301250467068000489e+02
1.303125508365165786e+02
1.305000541040118378e+02
1.306875560924645185e+02
1.308750572418110210e+02
1.310625582451831974e+02
1.312500596444739358e+02
1.314375618890383350e+02
1.316250649083406472e+02
1.318125678301757375e+02
1.320000700681920307e+02
1.321875721877431999e+02
1.323750747933628418e+02
1.325625774941738655e+02
1.327500798136140929e+02
1.329375819368895009e+02
1.331250839812192908e+02
1.333125857212784524e+02
1.335000871555851916e+02
1.336875883950739592e+02
1.338750893177452213e+02
1.340625899012066213e+02
1.342500904155295132e+02
1.344375910720393961e+02
1.346250917758177934e+02
1.348125922824513054e+02
1.350000926011932734e+02
1.351875929913870493e+02
1.353750934189374391e+02
1.355625936644179035e+02
1.357500938472915948e+02
1.359375940393100279e+02
1.361250940624987038e+02
1.363125940577955646e+02
1.365000942290111254e+02
1.366875944527656372e+02
1.368750947435346461e+02
1.370625951518008208e+02
1.372500955388849206e+02
1.374375960474328053e+02
1.376250968227735711e+02
1.378125976191793995e+02
1.380000983250529600e+02
1.381875989856508227e+02
1.383750995858438273e+02
1.385626002185608456e+02
1.387501008249308825e+02
1.389376012938381280e+02
1.391251017770981662e+02
1.393126022314694126e+02
1.395001025228422975e+02
1.396876027950606556e+02
1.398751030456929243e+02
1.400626032217791419e+02
1.402501035002637479e+02
1.404376040101195429e+02
1.406251048490562425e+02
1.408126059963363161e+02
1.410001072021977961e+02
1.411876083503174470e+02
1.413751095117896170e+02
1.415626107356358716e+02
1.417501119317439873e+02
1.419376130320457605e+02
1.421251141896260322e+02
1.423126153739368362e+02
1.425001164946122287e+02
1.426876177718846748e+02
1.428751191888243000e+02
1.430626206340953388e+02
1.432501223152480350e+02
1.434376239488252622e+02
1.436251262277344551e+02
1.438126435716173717e+02
1.440001747676454329e+02
1.441877061110698719e+02
1.443752384580140244e+02
1.445627715959002728e+02
1.447503056720677819e+02
1.449378407887460583e+02
1.451253769951680681e+02
1.453129144006415459e+02
1.455004530638460380e+02
1.455942228327439523e+02
1.456879928615393851e+02
1.457817631791968154e+02
1.458755338723926229e+02
1.459693050139019022e+02
1.460630765905128214e+02
1.461568485428022086e+02
1.462506208525479963e+02
1.463443935599470080e+02
1.464381666835191993e+02
1.465319402026407545e+02
1.466257141099779631e+02
1.467194884293591031e+02
1.468132631607212488e+02
1.469070382926313414e+02
1.470008138332176770e+02
1.470945897929997841e+02
1.471883661606502756e+02
1.472821429310760095e+02
1.473759201096261791e+02
1.474696976812599871e+02
1.475634756359173139e+02
1.476572539665130819e+02
1.477510326606904130e+02
1.478448116947012068e+02
1.479385910587902515e+02
1.480323707258087893e+02
1.481261506699511301e+02
1.482199308664280011e+02
1.483137112845633681e+02
1.484074918906275684e+02
1.485012726520601802e+02
1.485950535289692311e+02
1.486888344713103720e+02
1.487826154304231920e+02
1.488763963250898996e+02
1.489701771053480286e+02
1.490639576507624611e+02
1.491577378299130601e+02
1.492515177222645093e+02
1.493452968667868959e+02
1.494390750151341933e+02
1.495328537531473785e+02
1.496266291569803002e+02
1.497204019696150681e+02
1.498141856235851037e+02
1.499079469357062351e+02
1.500016866422003545e+02
