0.000000000000000000e+00
2.231499999999998920e+02
2.231500000000000057e+02
2.231499999999999773e+02
2.231500000000001194e+02
2.231500000000000909e+02
2.231500000000000909e+02
2.231499999999999488e+02
2.231499999999999773e+02
2.231500000000000341e+02
2.231499999999999204e+02
2.231500000000001478e+02
2.231500000000001194e+02
2.231500000000000341e+02
2.231500000000001194e+02
2.231500000000001478e+02
2.231500000000000341e+02
2.231500000000001194e+02
2.231500000000001194e+02
2.231500000000000625e+02
2.231500000000000057e+02
2.231500000000001478e+02
2.231500000000000625e+02
2.231499999999999488e+02
2.231499999999999204e+02
2.231500000000000341e+02
2.231500000000002331e+02
2.231499999999998920e+02
2.231500000000000057e+02
2.231499999999999773e+02
2.231500000000000057e+02
2.231499999999998920e+02
2.231500000000000057e+02
2.231499999999999488e+02
2.231499999999999204e+02
2.231500000000000057e+02
2.231500000000000057e+02
2.231499999999998920e+02
2.231499999999999773e+02
2.231499999999999204e+02
2.231500000000000341e+02
2.231499999999998636e+02
2.231500000000000909e+02
2.231499999999999773e+02
2.231499999999999204e+02
2.231500000000000057e+02
2.231499999999999488e+02
2.231499999999999488e+02
2.231500000000000341e+02
2.231500000000001194e+02
2.231499999999999488e+02
2.231499999999999204e+02
2.231500000000001762e+02
2.231500000000000341e+02
2.231499999999999773e+02
2.231500000000000057e+02
2.231500000000000909e+02
2.231500000000000625e+02
2.231500000000000625e+02
2.231500000000000625e+02
2.231500000000000625e+02
2.231499999999999773e+02
2.231500000000000341e+02
2.231500000000000625e+02
2.231500000000000341e+02
2.231499999999999773e+02
2.231499999999999773e+02
2.231500000000000909e+02
2.231499999999999773e+02
2.231499999999999773e+02
2.231500000000000057e+02
2.231500000000000625e+02
2.231500000000000625e+02
2.231500000000000341e+02
2.231500000000000341e+02
2.231500000000000057e+02
2.231499999999999773e+02
2.231499999999999773e+02
2.231499999999999773e+02
2.231500000000000909e+02
2.231499999999999773e+02
2.231499999999999773e+02
2.231500000000000057e+02
2.231500000000000625e+02
2.231500000000000057e+02
2.231499999999999773e+02
2.231500000000000057e+02
2.231500000000000057e+02
2.231499999999999773e+02
2.231499999999999488e+02
2.231499999999999773e+02
2.231500000000000057e+02
2.231499999999999488e+02
2.231500000000000341e+02
2.231499999999999773e+02
2.231500000000000341e+02
2.231499999999999773e+02
2.231500000000000057e+02
2.231499999999999773e+02
2.231500000000000057e+02
2.231499999999999773e+02
2.231499999999999773e+02
2.231500000000000057e+02
2.231499999999999773e+02
2.231499999999999773e+02
2.231500000000000057e+02
2.231500000000000341e+02
2.231499999999999488e+02
2.231500000000000341e+02
2.231500000000000057e+02
2.231499999999999773e+02
2.231499999999999773e+02
2.231500000000000057e+02
2.231499999999999773e+02
2.231499999999999773e+02
2.231500000000000057e+02
2.231499999999999773e+02
2.231499999999999773e+02
2.231500000000000909e+02
2.231499999999999488e+02
2.231500000000000057e+02
2.231499999999999773e+02
2.231499999999999773e+02
2.231500000000000057e+02
2.231499999999999773e+02
2.231499999999999773e+02
2.231500000000000057e+02
2.231499999999999773e+02
2.231499999999999773e+02
2.231500000000000057e+02
2.231500000000000341e+02
2.231499999999999488e+02
2.231500000000000341e+02
2.231500000000000057e+02
2.231499999999999773e+02
2.231499999999999773e+02
2.231500000000000057e+02
2.231500000000000057e+02
2.231499999999999488e+02
2.231500000000000909e+02
2.231500000000000341e+02
2.231500000000000057e+02
2.231500000000000625e+02
2.231500000000000057e+02
2.231500000000000625e+02
2.231500000000000625e+02
2.231500000000000625e+02
2.231499999999999773e+02
2.231500000000001194e+02
2.231500000000000341e+02
2.231500000000000341e+02
2.231500000000000909e+02
2.231500000000000341e+02
2.231500000000000341e+02
2.231500000000000057e+02
2.231500000000000625e+02
2.231500000000000341e+02
2.231499999999999773e+02
2.231500000000001762e+02
2.231500000000000625e+02
2.231500000000000625e+02
2.231500000000000625e+02
2.231500000000000057e+02
2.231500000000000625e+02
2.231500000000000625e+02
2.231500000000000057e+02
2.231500000000000625e+02
2.231500000000000625e+02
2.231500000000000057e+02
2.231500000000000625e+02
2.231500000000000625e+02
2.231500000000000625e+02
2.231500000000000341e+02
2.231500000000000625e+02
2.231500000000000909e+02
2.231500000000001194e+02
2.231500000000000625e+02
2.231500000000000909e+02
2.231500000000001194e+02
2.231500000000000625e+02
2.231500000000000909e+02
2.231500000000001194e+02
2.231500000000000625e+02
2.231500000000000909e+02
2.231500000000001194e+02
2.231500000000000625e+02
2.231500000000000909e+02
2.231500000000001194e+02
2.231500000000000625e+02
2.231500000000000909e+02
2.231500000000001194e+02
2.231500000000000625e+02
2.231500000000000909e+02
2.231500000000001194e+02
2.231500000000000341e+02
2.231500000000001478e+02
2.231500000000000625e+02
2.231500000000000057e+02
2.231500000000000341e+02
2.231500000000000341e+02
2.231500000000001478e+02
2.231499999999999773e+02
2.231500000000000057e+02
2.231500000000001194e+02
2.231500000000000625e+02
2.231500000000001478e+02
2.231499999999998920e+02
2.231500000000000909e+02
2.231500000000001194e+02
2.231500000000001194e+02
2.231500000000000341e+02
2.231500000000001762e+02
2.231500000000000057e+02
2.231500000000001194e+02
2.231500000000000909e+02
2.231500000000001478e+02
2.231499999999999773e+02
2.231500000000000909e+02
2.231500000000001194e+02
2.231499999999999204e+02
2.231500000000000909e+02
2.231500000000001194e+02
2.231499999999999204e+02
2.231500000000000909e+02
2.231500000000001194e+02
2.231499999999999204e+02
2.231500000000000909e+02
2.231500000000001194e+02
2.231499999999999204e+02
2.231500000000000909e+02
2.231500000000000057e+02
2.231500000000000057e+02
2.231500000000000625e+02
2.231500000000000057e+02
2.231499999999999488e+02
2.231500000000000057e+02
2.231500000000000625e+02
2.231500000000000057e+02
2.231500000000000057e+02
2.231500000000000625e+02
2.231500000000000057e+02
2.231500000000000057e+02
2.231500000000000341e+02
2.231499999999999204e+02
2.231499999999999488e+02
2.231499999999999204e+02
2.231499999999999773e+02
2.231499999999999488e+02
2.231500000000000625e+02
2.231499999999998636e+02
2.231499999999999773e+02
2.231500000000000057e+02
2.231499999999999773e+02
2.231499999999998920e+02
2.231500000000000625e+02
2.231499999999999488e+02
2.231499999999998920e+02
2.231500000000000341e+02
2.231499999999999488e+02
2.231499999999998636e+02
2.231500000000001194e+02
2.231499999999999488e+02
2.231499999999998920e+02
2.231500000000000341e+02
2.231499999999999488e+02
2.231499999999998636e+02
2.231500000000001194e+02
2.231499999999999488e+02
2.231499999999998920e+02
2.231500000000000341e+02
2.231499999999999488e+02
2.231499999999998636e+02
2.231500000000001194e+02
2.231499999999999488e+02
2.231499999999998920e+02
2.231500000000000341e+02
2.231499999999999488e+02
2.231499999999998636e+02
2.231500000000001194e+02
2.231499999999999488e+02
2.231499999999998920e+02
2.231500000000000341e+02
2.231499999999999488e+02
2.231499999999998636e+02
2.231500000000001194e+02
2.231499999999999488e+02
2.231499999999998920e+02
2.231500000000000341e+02
2.231499999999999488e+02
2.231499999999998636e+02
2.231500000000001194e+02
2.231499999999999488e+02
2.231499999999998920e+02
2.231500000000000341e+02
2.231499999999999488e+02
2.231499999999998636e+02
2.231500000000001194e+02
2.231499999999999488e+02
2.231499999999998920e+02
2.231500000000000341e+02
2.231499999999999488e+02
2.231499999999998636e+02
2.231500000000001194e+02
2.231499999999999488e+02
2.231499999999998920e+02
2.231500000000000341e+02
2.231499999999999488e+02
2.231499999999998636e+02
2.231500000000001194e+02
2.231499999999999488e+02
2.231499999999998920e+02
2.231500000000000341e+02
2.231499999999999488e+02
2.231499999999998636e+02
2.231500000000001194e+02
2.231499999999999488e+02
2.231499999999998920e+02
2.231500000000000341e+02
2.231499999999999488e+02
2.231499999999998920e+02
2.231500000000000341e+02
2.231500000000000057e+02
2.231500000000000057e+02
2.231499999999999488e+02
2.231499999999999488e+02
2.231499999999999488e+02
2.231499999999998920e+02
2.231500000000000341e+02
2.231499999999999488e+02
2.231499999999998636e+02
2.231500000000001194e+02
2.231499999999999488e+02
2.231499999999998920e+02
2.231500000000000341e+02
2.231499999999999488e+02
2.231499999999998636e+02
2.231500000000001194e+02
2.231499999999999488e+02
2.231499999999998920e+02
2.231500000000000341e+02
2.231499999999999488e+02
2.231499999999998636e+02
2.231500000000001194e+02
2.231499999999999488e+02
2.231499999999998920e+02
2.231500000000000341e+02
2.231499999999999488e+02
2.231499999999998636e+02
2.231500000000001194e+02
2.231499999999999488e+02
2.231499999999998920e+02
2.231500000000000341e+02
2.231499999999999488e+02
2.231499999999998636e+02
2.231500000000001194e+02
2.231499999999999488e+02
2.231499999999998920e+02
2.231500000000000341e+02
2.231499999999999488e+02
2.231499999999998636e+02
2.231500000000001194e+02
2.231499999999999488e+02
2.231499999999998920e+02
2.231500000000000341e+02
2.231499999999999488e+02
2.231499999999998636e+02
2.231500000000001194e+02
2.231499999999999488e+02
2.231499999999998920e+02
2.231500000000000341e+02
2.231499999999999488e+02
2.231499999999998636e+02
2.231500000000001194e+02
2.231499999999999488e+02
2.231499999999998920e+02
2.231500000000000341e+02
2.231499999999999488e+02
2.231499999999998636e+02
2.231500000000001194e+02
2.231499999999999488e+02
2.231499999999998920e+02
2.231500000000000341e+02
2.231499999999999488e+02
2.231499999999998636e+02
2.231500000000001194e+02
2.231499999999999488e+02
2.231499999999998920e+02
2.231500000000000341e+02
2.231499999999999488e+02
2.231499999999998636e+02
2.231500000000001194e+02
2.231499999999999488e+02
2.231499999999998920e+02
2.231500000000000341e+02
2.231499999999999488e+02
2.231499999999998636e+02
2.231500000000001194e+02
2.231499999999999488e+02
2.231499999999998920e+02
2.231500000000000341e+02
2.231499999999999488e+02
2.231499999999998636e+02
2.231500000000001194e+02
2.231499999999999488e+02
2.231499999999998920e+02
2.231500000000000341e+02
2.231499999999999488e+02
2.231499999999998636e+02
2.231500000000001194e+02
2.231499999999999488e+02
2.231499999999998920e+02
2.231500000000000341e+02
2.231499999999999488e+02
2.231499999999998636e+02
2.231500000000001194e+02
2.231499999999999488e+02
2.231499999999998920e+02
2.231500000000000625e+02
2.231499999999999204e+02
2.231499999999999773e+02
2.231499999999999488e+02
2.231499999999998636e+02
2.231500000000001194e+02
2.231499999999999488e+02
2.231499999999998920e+02
2.231500000000000341e+02
2.231499999999999488e+02
2.231499999999998636e+02
2.231500000000001194e+02
2.231499999999999488e+02
2.231499999999998920e+02
2.231500000000000341e+02
2.231499999999999488e+02
2.231499999999998636e+02
2.231500000000001194e+02
2.231499999999999488e+02
2.231499999999998920e+02
2.231500000000000341e+02
2.231499999999999488e+02
2.231499999999998636e+02
2.231500000000001194e+02
2.231499999999999488e+02
2.231499999999998920e+02
2.231500000000000341e+02
2.231499999999999488e+02
2.231499999999998636e+02
2.231500000000001194e+02
2.231499999999999488e+02
2.231499999999998920e+02
2.231500000000000341e+02
2.231499999999999488e+02
2.231499999999998636e+02
2.231500000000001194e+02
2.231499999999999488e+02
2.231499999999998920e+02
2.231500000000000341e+02
2.231499999999999488e+02
2.231499999999998636e+02
2.231500000000001194e+02
2.231499999999999488e+02
2.231499999999998920e+02
2.231500000000000341e+02
2.231499999999999488e+02
2.231499999999998636e+02
2.231500000000001194e+02
2.231499999999999488e+02
2.231499999999998920e+02
2.231500000000000341e+02
2.231499999999999488e+02
2.231499999999998636e+02
2.231500000000001194e+02
2.231499999999999488e+02
2.231499999999998920e+02
2.231500000000000341e+02
2.231499999999999488e+02
2.231499999999998636e+02
2.231500000000001194e+02
2.231499999999999488e+02
2.231499999999998920e+02
2.231500000000000341e+02
2.231499999999999488e+02
2.231499999999998636e+02
2.231500000000001194e+02
2.231499999999999488e+02
2.231499999999998920e+02
2.231500000000000341e+02
2.231499999999999488e+02
2.231499999999998636e+02
2.231500000000001194e+02
2.231499999999999488e+02
2.231499999999998920e+02
2.231500000000000341e+02
2.231499999999999488e+02
2.231499999999998636e+02
2.231500000000001194e+02
2.231499999999999488e+02
2.231499999999998920e+02
2.231500000000000341e+02
2.231499999999999488e+02
2.231499999999998636e+02
2.231500000000001194e+02
2.231499999999999488e+02
2.231499999999998920e+02
2.231500000000000341e+02
2.231499999999999488e+02
2.231499999999998636e+02
2.231500000000001194e+02
2.231499999999999488e+02
2.231499999999998920e+02
2.231500000000000341e+02
2.231499999999999488e+02
2.231499999999998920e+02
2.231500000000000341e+02
2.231500000000000057e+02
2.231500000000000057e+02
2.231499999999999488e+02
2.231499999999999488e+02
2.231499999999999488e+02
2.231499999999998920e+02
2.231500000000000341e+02
2.231499999999999488e+02
2.231499999999998636e+02
2.231500000000001194e+02
2.231499999999999488e+02
2.231499999999998920e+02
2.231500000000000341e+02
2.231499999999999488e+02
2.231499999999998636e+02
2.231500000000001194e+02
2.231499999999999488e+02
2.231499999999998920e+02
2.231500000000000341e+02
2.231499999999999488e+02
2.231499999999998636e+02
2.231500000000001194e+02
2.231499999999999488e+02
2.231499999999998920e+02
2.231500000000000341e+02
2.231499999999999488e+02
2.231499999999998636e+02
2.231500000000001194e+02
2.231499999999999488e+02
2.231499999999998920e+02
2.231500000000000341e+02
2.231499999999999488e+02
2.231499999999998636e+02
2.231500000000001194e+02
2.231499999999999488e+02
2.231499999999998920e+02
2.231500000000000341e+02
2.231499999999999488e+02
2.231499999999998636e+02
2.231500000000001194e+02
2.231499999999999488e+02
2.231499999999998920e+02
2.231500000000000341e+02
2.231499999999999488e+02
2.231499999999998636e+02
2.231500000000001194e+02
2.231499999999999488e+02
2.231499999999998920e+02
2.231500000000000341e+02
2.231499999999999488e+02
2.231499999999998636e+02
2.231500000000001194e+02
2.231499999999999488e+02
2.231499999999998920e+02
2.231500000000000341e+02
2.231499999999999488e+02
2.231499999999998636e+02
2.231500000000001194e+02
2.231499999999999488e+02
2.231499999999998920e+02
2.231500000000000341e+02
2.231499999999999488e+02
2.231499999999998636e+02
2.231500000000001194e+02
2.231499999999999488e+02
2.231499999999998920e+02
2.231500000000000341e+02
2.231499999999999488e+02
2.231499999999998636e+02
2.231500000000001194e+02
2.231499999999999488e+02
2.231499999999998920e+02
2.231500000000000341e+02
2.231499999999999488e+02
2.231499999999998636e+02
2.231500000000001194e+02
2.231499999999999488e+02
2.231499999999998920e+02
2.231500000000000341e+02
2.231499999999999488e+02
2.231499999999998636e+02
2.231500000000001194e+02
2.231499999999999488e+02
2.231499999999998920e+02
2.231500000000000341e+02
2.231499999999999488e+02
2.231499999999998636e+02
2.231500000000001194e+02
2.231499999999999488e+02
2.231499999999998920e+02
2.231500000000000341e+02
2.231499999999999488e+02
2.231499999999998636e+02
2.231500000000001194e+02
2.231499999999999488e+02
2.231499999999998920e+02
2.231500000000000625e+02
2.231499999999999204e+02
2.231499999999999773e+02
2.231499999999999488e+02
2.231499999999998636e+02
2.231500000000001194e+02
2.231499999999999488e+02
2.231499999999998920e+02
2.231500000000000341e+02
2.231499999999999488e+02
2.231499999999998636e+02
2.231500000000001194e+02
2.231499999999999488e+02
2.231499999999998920e+02
2.231500000000000341e+02
2.231499999999999488e+02
2.231499999999998636e+02
2.231500000000001194e+02
2.231499999999999488e+02
2.231499999999998920e+02
2.231500000000000341e+02
2.231499999999999488e+02
2.231499999999998636e+02
2.231500000000001194e+02
2.231499999999999488e+02
2.231499999999998920e+02
2.231500000000000341e+02
2.231499999999999488e+02
2.231499999999998636e+02
2.231500000000001194e+02
2.231499999999999488e+02
2.231499999999998920e+02
2.231500000000000341e+02
2.231499999999999488e+02
2.231499999999998636e+02
2.231500000000001194e+02
2.231499999999999488e+02
2.231499999999998920e+02
2.231500000000000341e+02
2.231499999999999488e+02
2.231499999999998636e+02
2.231500000000001194e+02
2.231499999999999488e+02
2.231499999999998920e+02
2.231500000000000341e+02
2.231499999999999488e+02
2.231499999999998636e+02
2.231500000000001194e+02
2.231499999999999488e+02
2.231499999999998920e+02
2.231500000000000341e+02
2.231499999999999488e+02
2.231499999999998636e+02
2.231500000000001194e+02
2.231499999999999488e+02
2.231499999999998920e+02
2.231500000000000341e+02
2.231499999999999488e+02
2.231499999999998636e+02
2.231500000000001194e+02
2.231499999999999488e+02
2.231499999999998920e+02
2.231500000000000341e+02
2.231499999999999488e+02
2.231499999999998636e+02
2.231500000000001194e+02
2.231499999999999488e+02
2.231499999999998920e+02
2.231500000000000341e+02
2.231499999999999488e+02
2.231499999999998636e+02
2.231500000000001194e+02
2.231499999999999488e+02
2.231499999999998920e+02
2.231500000000000341e+02
2.231499999999999488e+02
2.231499999999998636e+02
2.231500000000001194e+02
2.231499999999999488e+02
2.231499999999998920e+02
2.231500000000000341e+02
2.231499999999999488e+02
2.231499999999998636e+02
2.231500000000001194e+02
2.231499999999999488e+02
2.231499999999998920e+02
2.231500000000000341e+02
2.231499999999999488e+02
2.231499999999998636e+02
2.231500000000001194e+02
2.231499999999999488e+02
2.231499999999998920e+02
2.231500000000000341e+02
2.231499999999999488e+02
2.231499999999998920e+02
2.231500000000000341e+02
2.231500000000000057e+02
2.231500000000000057e+02
2.231499999999999488e+02
2.231499999999999488e+02
2.231499999999999488e+02
2.231499999999998920e+02
2.231500000000000341e+02
2.231499999999999488e+02
2.231499999999998636e+02
2.231500000000001194e+02
2.231499999999999488e+02
2.231499999999998920e+02
2.231500000000000341e+02
2.231499999999999488e+02
2.231499999999998636e+02
2.231500000000001194e+02
2.231499999999999488e+02
2.231499999999998920e+02
2.231500000000000341e+02
2.231499999999999488e+02
2.231499999999998636e+02
2.231500000000001194e+02
2.231499999999999488e+02
2.231499999999998920e+02
2.231500000000000341e+02
2.231499999999999488e+02
2.231499999999998636e+02
2.231500000000001194e+02
2.231499999999999488e+02
2.231499999999998920e+02
2.231500000000000341e+02
2.231499999999999488e+02
2.231499999999998636e+02
2.231500000000001194e+02
2.231499999999999488e+02
2.231499999999998920e+02
2.231500000000000341e+02
2.231499999999999488e+02
2.231499999999998636e+02
2.231500000000001194e+02
2.231499999999999488e+02
2.231499999999998920e+02
2.231500000000000341e+02
2.231499999999999488e+02
2.231499999999998636e+02
2.231500000000001194e+02
2.231499999999999488e+02
2.231499999999998920e+02
2.231500000000000341e+02
2.231499999999999488e+02
2.231499999999998636e+02
2.231500000000001194e+02
2.231499999999999488e+02
2.231499999999998920e+02
2.231500000000000341e+02
2.231499999999999488e+02
2.231499999999998636e+02
2.231500000000001194e+02
2.231499999999999488e+02
2.231499999999998920e+02
2.231500000000000341e+02
2.231499999999999488e+02
2.231499999999998636e+02
2.231500000000001194e+02
2.231499999999999488e+02
2.231499999999998920e+02
2.231500000000000341e+02
2.231499999999999488e+02
2.231499999999998636e+02
2.231500000000001194e+02
2.231499999999999488e+02
2.231499999999998920e+02
2.231500000000000341e+02
2.231499999999999488e+02
2.231499999999998636e+02
2.231500000000001194e+02
2.231499999999999488e+02
2.231499999999998920e+02
2.231500000000000341e+02
2.231499999999999488e+02
2.231499999999998636e+02
2.231500000000001194e+02
2.231499999999999488e+02
2.231499999999998920e+02
2.231500000000000341e+02
2.231499999999999488e+02
2.231499999999998636e+02
2.231500000000001194e+02
2.231499999999999488e+02
2.231499999999998920e+02
2.231500000000000341e+02
2.231499999999999488e+02
2.231499999999998636e+02
2.231500000000001194e+02
2.231499999999999488e+02
2.231499999999998920e+02
2.231500000000000625e+02
2.231499999999999204e+02
2.231499999999999773e+02
2.231499999999999488e+02
2.231499999999998636e+02
2.231500000000001194e+02
2.231499999999999488e+02
2.231499999999998920e+02
2.231500000000000341e+02
2.231499999999999488e+02
2.231499999999998636e+02
2.231500000000001194e+02
2.231499999999999488e+02
2.231499999999998920e+02
2.231500000000000341e+02
2.231499999999999488e+02
2.231499999999998636e+02
2.231500000000001194e+02
2.231499999999999488e+02
2.231499999999998920e+02
2.231500000000000341e+02
2.231499999999999488e+02
2.231499999999998636e+02
2.231500000000001194e+02
2.231499999999999488e+02
2.231499999999998920e+02
2.231500000000000341e+02
2.231499999999999488e+02
2.231499999999998636e+02
2.231500000000001194e+02
2.231499999999999488e+02
2.231499999999998920e+02
2.231500000000000341e+02
2.231499999999999488e+02
2.231499999999998636e+02
2.231500000000001194e+02
2.231499999999999488e+02
2.231499999999998920e+02
2.231500000000000341e+02
2.231499999999999488e+02
2.231499999999998636e+02
2.231500000000001194e+02
2.231499999999999488e+02
2.231499999999998920e+02
2.231500000000000341e+02
2.231499999999999488e+02
2.231499999999998636e+02
2.231500000000001194e+02
2.231499999999999488e+02
2.231499999999998920e+02
2.231500000000000341e+02
2.231499999999999488e+02
2.231499999999998636e+02
2.231500000000001194e+02
2.231499999999999488e+02
2.231499999999998920e+02
2.231500000000000341e+02
2.231499999999999488e+02
2.231499999999998636e+02
2.231500000000001194e+02
2.231499999999999488e+02
2.231499999999998920e+02
2.231500000000000341e+02
2.231499999999999488e+02
2.231499999999998636e+02
2.231500000000001194e+02
2.231499999999999488e+02
2.231499999999998920e+02
2.231500000000000341e+02
2.231499999999999488e+02
2.231499999999998636e+02
2.231500000000001194e+02
2.231499999999999488e+02
2.231499999999998920e+02
2.231500000000000341e+02
2.231499999999999488e+02
2.231499999999998636e+02
2.231500000000001194e+02
2.231499999999999488e+02
2.231499999999998920e+02
2.231500000000000341e+02
2.231499999999999488e+02
2.231499999999998636e+02
2.231500000000001194e+02
2.231499999999999488e+02
2.231499999999998920e+02
2.231500000000000341e+02
2.231499999999999488e+02
2.231499999999998636e+02
2.231500000000001194e+02
2.231499999999999488e+02
2.231499999999998920e+02
2.231500000000000341e+02
2.231499999999999488e+02
2.231499999999998920e+02
2.231500000000000341e+02
2.231500000000000057e+02
2.231500000000000057e+02
2.231499999999999488e+02
2.231499999999999488e+02
2.231499999999999488e+02
2.231499999999998920e+02
2.231500000000000341e+02
2.231499999999999488e+02
2.231499999999998636e+02
2.231500000000001194e+02
2.231499999999999488e+02
2.231499999999998920e+02
2.231500000000000341e+02
2.231499999999999488e+02
2.231499999999998636e+02
2.231500000000001194e+02
2.231499999999999488e+02
2.231499999999998920e+02
2.231500000000000341e+02
2.231499999999999488e+02
2.231499999999998636e+02
2.231500000000001194e+02
2.231499999999999488e+02
2.231499999999998920e+02
2.231500000000000341e+02
2.231499999999999488e+02
2.231499999999998636e+02
2.231500000000001194e+02
2.231499999999999488e+02
2.231499999999998920e+02
2.231500000000000341e+02
2.231499999999999488e+02
2.231499999999998636e+02
2.231500000000001194e+02
2.231499999999999488e+02
2.231499999999998920e+02
2.231500000000000341e+02
2.231499999999999488e+02
2.231499999999998636e+02
2.231500000000001194e+02
2.231499999999999488e+02
2.231499999999998920e+02
2.231500000000000341e+02
2.231499999999999488e+02
2.231499999999998636e+02
2.231500000000001194e+02
2.231499999999999488e+02
2.231499999999998920e+02
2.231500000000000341e+02
2.231499999999999488e+02
2.231499999999998636e+02
2.231500000000001194e+02
2.231499999999999488e+02
2.231499999999998920e+02
2.231500000000000341e+02
2.231499999999999488e+02
2.231499999999998636e+02
2.231500000000001194e+02
2.231499999999999488e+02
2.231499999999998920e+02
2.231500000000000341e+02
2.231499999999999488e+02
2.231499999999998636e+02
2.231500000000001194e+02
2.231499999999999488e+02
2.231499999999998920e+02
2.231500000000000341e+02
2.231499999999999488e+02
2.231499999999998636e+02
2.231500000000001194e+02
2.231499999999999488e+02
2.231499999999998920e+02
2.231500000000000341e+02
2.231499999999999488e+02
2.231499999999998636e+02
2.231500000000001194e+02
2.231499999999999488e+02
2.231499999999998920e+02
2.231500000000000341e+02
2.231499999999999488e+02
2.231499999999998636e+02
2.231500000000001194e+02
2.231499999999999488e+02
2.231499999999998920e+02
2.231500000000000341e+02
2.231499999999999488e+02
2.231499999999998636e+02
2.231500000000001194e+02
2.231499999999999488e+02
2.231499999999998920e+02
2.231500000000000341e+02
2.231499999999999488e+02
2.231499999999998636e+02
2.231500000000001194e+02
2.231499999999999488e+02
2.231499999999998920e+02
2.231500000000000625e+02
2.231499999999999204e+02
2.231499999999999773e+02
2.231499999999999488e+02
2.231499999999998636e+02
2.231500000000001194e+02
2.231499999999999488e+02
2.231499999999998920e+02
2.231500000000000341e+02
2.231499999999999488e+02
2.231499999999998636e+02
2.231500000000001194e+02
2.231499999999999488e+02
2.231499999999998920e+02
2.231500000000000341e+02
2.231499999999999488e+02
2.231499999999998636e+02
2.231500000000001194e+02
2.231499999999999488e+02
2.231499999999998920e+02
2.231500000000000341e+02
2.231499999999999488e+02
2.231499999999998636e+02
2.231500000000001194e+02
2.231499999999999488e+02
2.231499999999998920e+02
2.231500000000000341e+02
2.231499999999999488e+02
2.231499999999998636e+02
2.231500000000001194e+02
2.231500000000000341e+02
2.231499999999999204e+02
2.231500000000000909e+02
2.231500000000000341e+02
2.231499999999999488e+02
2.231500000000000625e+02
2.231500000000001194e+02
2.231499999999999488e+02
2.231500000000001478e+02
2.231500000000001194e+02
2.231500000000000909e+02
2.231500000000000909e+02
2.231500000000001762e+02
2.231500000000001194e+02
2.231500000000002615e+02
2.231500000000003183e+02
2.231500000000002615e+02
2.231500000000003467e+02
2.231500000000004320e+02
2.231500000000004320e+02
2.231500000000006310e+02
2.231500000000006310e+02
2.231500000000007162e+02
2.231500000000010004e+02
2.231500000000010004e+02
2.231500000000011426e+02
2.231500000000014552e+02
2.231500000000016541e+02
2.231500000000018247e+02
2.231500000000021373e+02
2.231500000000025352e+02
2.231500000000028194e+02
2.231500000000033594e+02
2.231500000000038426e+02
2.231500000000043258e+02
2.231500000000050647e+02
2.231500000000058890e+02
2.231500000000066564e+02
2.231500000000078501e+02
2.231500000000088733e+02
2.231500000000102375e+02
2.231500000000119712e+02
2.231500000000137334e+02
2.231500000000156660e+02
2.231500000000180819e+02
2.231500000000207820e+02
2.231500000000237378e+02
2.231500000000273758e+02
2.231500000000315538e+02
2.231500000000361297e+02
2.231500000000415298e+02
2.231500000000477257e+02
2.231500000000546038e+02
2.231500000000628745e+02
2.231500000000720547e+02
2.231500000000824571e+02
2.231500000000947637e+02
2.231500000001086050e+02
2.231500000001244075e+02
2.231500000001426827e+02
2.231500000001634874e+02
2.231500000001871911e+02
2.231500000002145043e+02
2.231500000002456545e+02
2.231500000002810395e+02
2.231500000003217679e+02
2.231500000003681521e+02
2.231500000004211302e+02
2.231500000004816400e+02
2.231500000005507331e+02
2.231500000006296887e+02
2.231500000007195865e+02
2.231500000008223310e+02
2.231500000009394569e+02
2.231500000010728684e+02
2.231500000012252372e+02
2.231500000013986664e+02
2.231500000015963394e+02
2.231500000018216667e+02
2.231500000020780874e+02
2.231500000023699215e+02
2.231500000027025408e+02
2.231500000030806348e+02
2.231500000035109395e+02
2.231500000040005602e+02
2.231500000045569436e+02
2.231500000051895825e+02
2.231500000059087085e+02
2.231500000067256622e+02
2.231500000076536026e+02
2.231500000087075932e+02
2.231500000099040335e+02
2.231500000112617101e+02
2.231500000128027068e+02
2.231500000145503577e+02
2.231500000165323740e+02
2.231500000187795365e+02
2.231500000213266048e+02
2.231500000242122894e+02
2.231500000274816387e+02
2.231500000311837937e+02
2.231500000353751147e+02
2.231500000401190960e+02
2.231500000454867632e+02
2.231500000515582087e+02
2.231500000584244390e+02
2.231500000661865499e+02
2.231500000749588821e+02
2.231500000848704133e+02
2.231500000960652415e+02
2.231500001087060809e+02
2.231500001229753991e+02
2.231500001390780312e+02
2.231500001572437668e+02
2.231500001777311866e+02
2.231500002008294814e+02
2.231500002268631704e+02
2.231500002561968756e+02
2.231500002892379655e+02
2.231500003264432905e+02
2.231500003683248110e+02
2.231500004154549686e+02
2.231500004684743885e+02
2.231500005281008043e+02
2.231500005951343724e+02
2.231500006704716839e+02
2.231500007551136378e+02
2.231500008501778041e+02
2.231500009569125496e+02
2.231500010767105948e+02
2.231500012111258116e+02
2.231500013618910430e+02
2.231500015309381979e+02
2.231500017204192261e+02
2.231500019327317546e+02
2.231500021705455765e+02
2.231500024368309312e+02
2.231500027348932633e+02
2.231500030684083811e+02
2.231500034414614220e+02
2.231500038585928394e+02
2.231500043248449003e+02
2.231500048458158005e+02
2.231500054277180993e+02
2.231500060774442602e+02
2.231500068026350618e+02
2.231500076117606284e+02
2.231500085142046714e+02
2.231500095203576279e+02
2.231500106417218490e+02
2.231500118910232686e+02
2.231500132823358911e+02
2.231500148312177032e+02
2.231500165548596328e+02
2.231500184722475240e+02
2.231500206043414209e+02
2.231500229742686940e+02
2.231500256075372874e+02
2.231500285322676405e+02
2.231500317794454702e+02
2.231500353831973769e+02
2.231500393810921139e+02
2.231500438144674945e+02
2.231500487287862029e+02
2.231500541740240635e+02
2.231500602050898578e+02
2.231500668822843920e+02
2.231500742717946366e+02
2.231500824462333696e+02
2.231500914852229585e+02
2.231501014760270891e+02
2.231501125142339959e+02
2.231501247044985234e+02
2.231501381613404362e+02
2.231501530100095465e+02
2.231501693874171224e+02
2.231501874431431531e+02
2.231502073405183353e+02
2.231502292577931712e+02
2.231502533893921338e+02
2.231502799472648348e+02
2.231503091623351622e+02
2.231503412860597564e+02
2.231503765920946023e+02
2.231504153780868194e+02
2.231504579675869877e+02
2.231505047120978702e+02
2.231505559932634526e+02
2.231506122252046111e+02
2.231506738570103323e+02
2.231507413753935225e+02
2.231508153075162397e+02
2.231508962239943514e+02
2.231509847420886956e+02
2.231510815290916696e+02
2.231511873059151583e+02
2.231513028508889818e+02
2.231514290037783894e+02
2.231515666700232146e+02
2.231517168252129579e+02
2.231518805197962365e+02
2.231520588840362791e+02
2.231522531332163624e+02
2.231524645730970917e+02
2.231526946056320639e+02
2.231529447349434179e+02
2.231532165735593196e+02
2.231535118489096305e+02
2.231538324100851867e+02
2.231541802348498607e+02
2.231545574369041276e+02
2.231549662733940522e+02
2.231554091526498667e+02
2.231558886421488808e+02
2.231564074766812098e+02
2.231569685667036538e+02
2.231575750068557511e+02
2.231582300846164912e+02
2.231589372890668415e+02
2.231597003197256015e+02
2.231605230954203307e+02
2.231614097631450875e+02
2.231623647068561525e+02
2.231633925561504554e+02
2.231644981947643203e+02
2.231656867688156183e+02
2.231669636947256663e+02
2.231683346667226147e+02
2.231698056638429932e+02
2.231713829563267382e+02
2.231730731112955652e+02
2.231748829975953754e+02
2.231768197896769834e+02
2.231788909703705315e+02
2.231811043324081822e+02
2.231834679785342530e+02
2.231859903200319479e+02
2.231886800734803558e+02
2.231915462555549539e+02
2.231945981756593085e+02
2.231978454261737852e+02
2.232012978700934411e+02
2.232049656258114396e+02
2.232088590487972795e+02
2.232129887099080179e+02
2.232173653700557736e+02
2.232219999509469517e+02
2.232269035016013277e+02
2.232320871603441788e+02
2.232375621119623190e+02
2.232433395397030154e+02
2.232494305717949885e+02
2.232558462221574587e+02
2.232625973249716935e+02
2.232696944627793414e+02
2.232771478877767777e+02
2.232849674359819403e+02
2.232931624339499592e+02
2.233017415977284941e+02
2.233107129237550055e+02
2.233200835714126811e+02
2.233298597369849290e+02
2.233400465187702082e+02
2.233452951765235071e+02
2.233506478522097609e+02
2.233561048100138180e+02
2.233616662169194740e+02
2.233673321374087095e+02
2.233731025280141864e+02
2.233789772317225868e+02
2.233849559722282550e+02
2.233910383480422581e+02
2.233972238264469752e+02
2.234035117373109927e+02
2.234099012667517741e+02
2.234163914506559081e+02
2.234229811680581861e+02
2.234296691343743930e+02
2.234364538944989533e+02
2.234433338157660955e+02
2.234503070807740244e+02
2.234573716800831846e+02
2.234645254047863716e+02
2.234717658389552071e+02
2.234790903519723031e+02
2.234864960907487728e+02
2.234939799718346194e+02
2.235015386734301615e+02
2.235091686273017046e+02
2.235168660106101868e+02
2.235246267376604976e+02
2.235324464515801992e+02
2.235403205159335300e+02
2.235482440062839089e+02
2.235562117017139769e+02
2.235642180763100555e+02
2.235722572906279311e+02
2.235803231831501421e+02
2.235884092617416741e+02
2.235965086951298417e+02
2.236046143044090968e+02
2.236127185545942098e+02
2.236208135462358371e+02
2.236288910071131397e+02
2.236369422840209324e+02
2.236449583346724808e+02
2.236529297197353117e+02
2.236608465950143056e+02
2.236686987038166592e+02
2.236764753695040042e+02
2.236841654882657622e+02
2.236917575221338268e+02
2.236992394922615119e+02
2.237065989724930262e+02
2.237138230832526915e+02
2.237208984857773544e+02
2.237278113767212346e+02
2.237345474831653576e+02
2.237410920580605307e+02
2.237474298761314344e+02
2.237535452302824410e+02
2.237594219285317649e+02
2.237650432915104375e+02
2.237703921505645042e+02
2.237754508464950050e+02
2.237802012289707250e+02
2.237846246566589343e+02
2.237887019981109802e+02
2.237924136334391392e+02
2.237957394568371967e+02
2.237986588799778644e+02
2.238011508363355233e+02
2.238031937864824670e+02
2.238047657243978392e+02
2.238058441848419875e+02
2.238064062518438675e+02
2.238064285683486503e+02
2.238058873470756680e+02
2.238047583826410403e+02
2.238030170649935826e+02
2.238006383942162074e+02
2.237975969967508547e+02
2.237938671430957243e+02
2.237894227670322209e+02
2.237842374864392525e+02
2.237782846257456697e+02
2.237715372400811873e+02
2.237639681411820334e+02
2.237555499251086530e+02
2.237462550018270235e+02
2.237360556267228446e+02
2.237249239340918336e+02
2.237128319726724044e+02
2.236997517432739926e+02
2.236856552385586383e+02
2.236705144850269562e+02
2.236543015872707372e+02
2.236369887745408107e+02
2.236185484496833737e+02
2.235989532405023681e+02
2.235781760535936371e+02
2.235561901307031860e+02
2.235329691076621259e+02
2.235084870759422131e+02
2.234827186468808975e+02
2.234556390186271528e+02
2.234272240458474528e+02
2.233974503122417445e+02
2.233662952059155486e+02
2.233337369976506750e+02
2.232997549221194618e+02
2.232643292620915361e+02
2.232274414356749617e+02
2.231890740866332692e+02
2.231492111778351273e+02
2.231078380878650478e+02
2.230649417108500359e+02
2.230205105595366888e+02
2.229745348716575961e+02
2.229270067196147806e+02
2.228779201235128653e+02
2.228272711675441542e+02
2.227750581197360589e+02
2.227212815550423954e+02
2.226659444817414908e+02
2.226090524710801901e+02
2.225506137900801775e+02
2.224906395373784278e+02
2.224291437819434520e+02
2.223661437044787874e+02
2.223016597412619433e+02
2.222357157301510142e+02
2.221683390584407789e+02
2.220995608122221938e+02
2.220294159268808016e+02
2.219579433383729565e+02
2.218851861349261583e+02
2.218111917088665734e+02
2.217360119083609220e+02
2.216597031889758682e+02
2.215823267651352921e+02
2.215039487617866314e+02
2.214246403668457788e+02
2.213444779853311388e+02
2.212635433964593688e+02
2.211819239153540479e+02
2.210997125614186984e+02
2.210170082357556396e+02
2.209339159102553936e+02
2.208505468310615640e+02
2.207670187389333023e+02
2.206834561084802147e+02
2.205999904072329514e+02
2.205167603738891557e+02
2.204339123127203663e+02
2.203516003979495679e+02
2.202699869778446384e+02
2.201892428633160534e+02
2.201095475801356542e+02
2.200310895577918586e+02
2.199540662220300362e+02
2.198786839532104125e+02
2.198051578700566040e+02
2.197337113999528526e+02
2.196645756051365481e+02
2.195979882518712429e+02
2.195341926405238553e+02
2.194734362622898232e+02
2.194159694168000669e+02
2.193620440166729679e+02
2.193119129204431488e+02
2.192658302694146357e+02
2.192240534433343271e+02
2.191868473665619490e+02
2.191544919399620710e+02
2.191272932556583726e+02
2.191055988409384270e+02
2.190898162457789624e+02
2.190804324047732905e+02
2.190780286336222105e+02
2.190832786934391834e+02
2.190969168174149786e+02
2.191196319636426892e+02
2.191517328953689514e+02
2.191928984311968520e+02
2.192491760364416962e+02
2.193452746070542503e+02
2.196148283163727797e+02
2.200598300562505187e+02
