0.000000000000000000e+00
-5.147009635823053066e-24
3.248079475588806455e-24
-1.215864746282992927e-23
-1.174285861603756990e-23
-1.608738456308836403e-23
1.735335110144410260e-24
1.483131877012877948e-24
1.207542007356944171e-24
-3.772171918570127402e-24
1.745607523544442763e-23
-2.484326970892688976e-23
-3.946235236331984023e-24
-5.877920960502189973e-24
-6.526309640478411325e-24
-1.294644499569110007e-23
-3.254981681303247938e-24
-1.289913491130328809e-23
-6.542153129200435263e-24
-5.861857090001856248e-24
3.645977752938224105e-24
-1.303539311804885620e-23
-6.563803098777416546e-24
-5.638999004947848725e-24
2.776195382299514355e-24
-7.882547395642123616e-24
-1.730856181387645776e-23
1.440215924713714659e-24
-5.529164432526613951e-25
7.105726485979231343e-24
-4.605437637668259199e-25
1.373927848213489848e-23
-4.288777852583407200e-24
1.077774196700797926e-24
-3.691126318771269412e-25
3.986763308077054307e-25
3.212109621422731396e-24
7.706617104380124962e-24
-4.682525131923500665e-25
6.834946223753840147e-24
-9.492730029465280292e-24
1.551002142537070140e-23
-1.707808780892700462e-23
1.627460509121422176e-23
-2.520421308299583097e-24
-4.514564614400766659e-24
-1.177915337979332019e-23
1.406965183380054863e-23
-1.699085830312343033e-23
-8.709459518936856202e-24
-2.039161975684688223e-24
8.340422431922325005e-24
-1.840817418182496225e-23
-3.933497754778167440e-24
-1.327869882856678945e-23
8.496568737522151066e-24
-6.486874206474926578e-24
-1.333037796066852081e-23
-6.196387568172605817e-24
-1.314795292242997522e-23
-7.216574359429091303e-24
3.592319328550712226e-24
-1.318921962714887448e-23
-5.894838637989824199e-24
-3.549931177393130287e-24
-2.406023262422864968e-24
2.010429346506353085e-24
-1.773630868187673920e-23
-5.248859528416903393e-24
-5.877810494306553296e-24
-1.919902883340768791e-23
-5.137847004054717383e-24
-1.974877447520380759e-23
-3.505431078293955553e-24
-7.316088603442580692e-24
-1.871231474501563096e-23
-5.993218946144268911e-24
-1.750969911429357862e-24
1.833503711283497084e-24
-1.768365949197881385e-23
-5.282530652785749519e-24
-5.795775186729093405e-24
-1.949349893934867327e-23
-4.042001887868235118e-24
-1.175935753868276659e-23
3.323532602376875715e-24
-5.674715218293919722e-24
7.180023003589945497e-24
-4.204270696021544370e-25
8.359619125009770806e-25
1.514281732374594738e-24
1.982315783553510743e-24
-5.352636251469476367e-24
-6.915374513944901632e-24
1.490138153356779466e-23
-2.829153005793667994e-24
8.372120606596360073e-24
-1.774497585041205223e-23
1.541436647888826546e-23
-1.322771821248400076e-23
2.919683659756500625e-24
2.020140387594241411e-24
-1.035569154716879257e-23
2.334543578391598609e-24
1.662070896567203345e-24
-6.615096025618532582e-24
-2.678242026400928100e-24
-5.172522478762830884e-24
2.937716505201876228e-24
-1.244146336559096878e-23
2.714114938415338819e-24
2.056160426065830213e-24
-1.029420297971398561e-23
2.052569270100788914e-24
2.728479562275667847e-24
-1.249533070506745225e-23
3.138821239247460125e-24
4.112025622137764749e-25
-3.459291753261373212e-25
7.306790776773076537e-24
4.689091593984953050e-24
-1.351367304325092683e-23
1.478877786772743797e-23
-1.306009225009594300e-23
2.874768421365075783e-24
2.032175378771877880e-24
-1.035891627348791287e-23
2.335407492490442958e-24
1.661839966490948079e-24
-6.615036219412356232e-24
-2.678250321149381906e-24
-5.172549105975195683e-24
2.937831308799791431e-24
-1.244189595277026479e-23
2.715730483534608773e-24
2.050130832768045306e-24
-1.027170015164211520e-23
1.968587551111091826e-24
-1.395798702613831339e-24
-1.323365125362855873e-23
-2.452171576983807400e-24
-5.965922534932423497e-24
-3.057267840500588716e-24
-4.305592713050262976e-24
-1.207819445299475248e-23
-4.510998466739484976e-24
-1.226628821028337943e-23
-3.553217683895741209e-24
-6.052071048658400764e-24
-6.222726840289625837e-24
-3.041250309002400270e-24
-4.112858533686042172e-24
-2.834505317410023102e-24
-7.049706806659175649e-24
3.556777311738426868e-24
-1.954819575035189053e-23
3.112537934024223276e-24
1.234924190708213560e-24
-1.571514694235493743e-23
1.243503440696559749e-24
3.078220934070594604e-24
-1.941950700052531098e-23
3.076339312385756791e-24
1.251029927435503067e-24
-1.574337126762562200e-23
1.340295005052634258e-24
2.719279001917102352e-24
-1.808053083626742125e-23
8.434526406756153244e-24
-2.743221220577624831e-24
-5.987326514199062903e-24
-2.680602279839984803e-24
-5.964247825254929672e-24
-7.446635137959277261e-24
3.663133983178498054e-24
-1.957669410481220003e-23
3.120174680425016497e-24
1.232875559565309216e-24
-1.571458916418410703e-23
1.243320959156620590e-24
3.078393082059615249e-24
-1.942001311094149370e-23
3.078191606061103023e-24
1.244126863150264686e-24
-1.571761130416001397e-23
1.244158215475296719e-24
3.078066196760820604e-24
-1.941954282606498942e-23
3.076637351853884928e-24
1.249873595102635900e-24
-1.573904397776228000e-23
1.324142177931992551e-24
2.779563020536322408e-24
-1.830551408362369852e-23
9.274175377561823694e-24
-1.410768481903223107e-23
4.939116204725807512e-24
-1.991614763483429993e-23
3.202006578966388038e-24
1.245001495421937831e-24
-1.584492480615208928e-23
1.350635845178830983e-23
-1.609145757165030935e-23
2.470430040536700789e-24
-6.237670846427956673e-24
-1.783825201132553722e-23
8.191509992745564059e-24
-6.624533551082411218e-24
-6.140405199779803372e-24
-7.409173530222865306e-24
3.689444926757408752e-24
-1.971939948686481020e-23
3.664685265056586514e-24
-7.310134883419604273e-24
-1.900700963686968207e-24
-1.409532135832876043e-23
9.730262065477793240e-24
-1.422477678951872258e-23
-5.993978400531826976e-24
7.419384342599830999e-24
-1.108925262794340693e-23
-7.131573617111339090e-24
8.834241047342587315e-24
-1.398468865721260830e-23
-6.058309911621072303e-24
7.436622254650728882e-24
-1.109387276505774431e-23
-7.130330980704890369e-24
8.833890638831126879e-24
-1.398452965957321674e-23
-6.058595493666970904e-24
7.437605585195068382e-24
-1.109752050518922576e-23
-7.116723350722791296e-24
8.783107859034369250e-24
-1.379500617036795323e-23
-2.154807509086451628e-24
-6.594023889782369066e-24
8.694972818457222355e-24
-1.396516546900019489e-23
-5.997134435585160407e-24
7.172397162294842742e-24
-1.009814787167009035e-23
-4.454217545702648863e-24
-4.616211940045012849e-24
1.186560731219150828e-24
-4.768246824889317533e-25
7.055014636418751893e-24
-3.337881262886772069e-25
6.144145064182605698e-25
2.313832413391546368e-24
-7.502013020942150895e-24
2.114238762974991194e-24
-4.921487529597566148e-24
-2.858904080834278432e-24
-6.143482757050314442e-24
7.596904859277392328e-24
-6.403682964029483534e-24
-6.429202414523264503e-24
7.673463210758939478e-24
-6.424196712482752194e-24
-6.423705772191494567e-24
7.671990389885066682e-24
-6.423802071319070618e-24
-6.423811515972582437e-24
7.672018723845805647e-24
-6.423809663380899670e-24
-6.423809481685768625e-24
7.672018178760303044e-24
-6.423809517325748621e-24
-6.423809520821107522e-24
7.672018189246579581e-24
-6.423809520135470320e-24
-6.423809520068265838e-24
7.672018189044864750e-24
-6.423809520081490885e-24
-6.423809520082707521e-24
7.672018189048724780e-24
-6.423809520082454055e-24
-6.423809520082470953e-24
7.672018189048668944e-24
-6.423809520082508422e-24
-6.423809520082434219e-24
7.672018189048651311e-24
-6.423809520082434219e-24
-6.423809520082476096e-24
7.672018189048671882e-24
-6.423809520082509891e-24
-6.423809520082434219e-24
7.672018189048651311e-24
-6.423809520082434219e-24
-6.423809520082476096e-24
7.672018189048671882e-24
-6.423809520082509891e-24
-6.423809520082434219e-24
7.672018189048649842e-24
-6.423809520082427607e-24
-6.423809520082503279e-24
7.672018189048773269e-24
-6.423809520082894131e-24
-6.423809520081002320e-24
7.672018189043307220e-24
-6.423809520062483876e-24
-6.423809520156937051e-24
7.672018189326560216e-24
-6.423809521119603007e-24
-6.423809516211951561e-24
7.672018174603812325e-24
-6.423809466173558728e-24
-6.423809721273144215e-24
7.672018939902466664e-24
-6.423812322307023839e-24
-6.423799062038173210e-24
7.671979159096121959e-24
-6.423663858316576347e-24
-6.424353137193379698e-24
7.674046995726426950e-24
-6.431381129682631701e-24
-6.395551888359704249e-24
7.566559271757830468e-24
-6.030231482641977792e-24
-3.281563590948320677e-24
-3.344100763549025579e-24
-5.842619964840578301e-24
-2.658548934302545608e-24
-6.197167756762954323e-24
7.611289711596054460e-24
-6.407537373591508343e-24
-6.428169628593820784e-24
7.673186476603189412e-24
-6.424122561789200792e-24
-6.423725640809952311e-24
7.671995713665335969e-24
-6.423803497821695900e-24
-6.423811133742355738e-24
7.672018621427524867e-24
-6.423809635938003982e-24
-6.423809489039070598e-24
7.672018180730615247e-24
-6.423809517853693256e-24
-6.423809520679644124e-24
7.672018189208672827e-24
-6.423809520125313314e-24
-6.423809520070987108e-24
7.672018189045592087e-24
-6.423809520081683372e-24
-6.423809520082656093e-24
7.672018189048711555e-24
-6.423809520082450382e-24
-6.423809520082472422e-24
7.672018189048670413e-24
-6.423809520082509891e-24
-6.423809520082434219e-24
7.672018189048651311e-24
-6.423809520082434219e-24
-6.423809520082476096e-24
7.672018189048671882e-24
-6.423809520082509891e-24
-6.423809520082434219e-24
7.672018189048651311e-24
-6.423809520082434219e-24
-6.423809520082476096e-24
7.672018189048671882e-24
-6.423809520082509891e-24
-6.423809520082434219e-24
7.672018189048651311e-24
-6.423809520082434219e-24
-6.423809520082476096e-24
7.672018189048671882e-24
-6.423809520082509891e-24
-6.423809520082434219e-24
7.672018189048651311e-24
-6.423809520082434219e-24
-6.423809520082476096e-24
7.672018189048671882e-24
-6.423809520082509891e-24
-6.423809520082434219e-24
7.672018189048651311e-24
-6.423809520082434219e-24
-6.423809520082476096e-24
7.672018189048671882e-24
-6.423809520082509891e-24
-6.423809520082434219e-24
7.672018189048651311e-24
-6.423809520082434219e-24
-6.423809520082476096e-24
7.672018189048671882e-24
-6.423809520082509891e-24
-6.423809520082434219e-24
7.672018189048651311e-24
-6.423809520082434219e-24
-6.423809520082476096e-24
7.672018189048671882e-24
-6.423809520082512830e-24
-6.423809520082425403e-24
7.672018189048620455e-24
-6.423809520082315200e-24
-6.423809520082919845e-24
7.672018189050326391e-24
-6.423809520088692257e-24
-6.423809520059362938e-24
7.672018188962550758e-24
-6.423809519761098144e-24
-6.423809521281718371e-24
7.672018193524300502e-24
-6.423809536785786501e-24
-6.423809457744957135e-24
7.672017956402021054e-24
-6.423808651833387336e-24
-6.423812760432034103e-24
7.672030282197853356e-24
-6.423854652329686596e-24
-6.423641084242913281e-24
7.671389577937745000e-24
-6.421463511478328444e-24
-6.432564943387995089e-24
7.704693873666650897e-24
-6.545756835248879773e-24
-5.968695944034937380e-24
-3.563688107430268808e-24
-2.277138236228917785e-24
7.842922809448377994e-24
-6.469603275101289705e-24
-6.411539120406782302e-24
7.668730345364761743e-24
-6.422928545022566067e-24
-6.424045576638297905e-24
7.672081440212163703e-24
-6.423826468180617896e-24
-6.423804978853254515e-24
7.672016972229968502e-24
-6.423809194036920888e-24
-6.423809607446086115e-24
7.672018212457672096e-24
-6.423809526354862524e-24
-6.423809518401784395e-24
7.672018188598331180e-24
-6.423809519961840988e-24
-6.423809520114766926e-24
7.672018189057316174e-24
-6.423809520084756555e-24
-6.423809520081853818e-24
7.672018189048504374e-24
-6.423809520082465810e-24
-6.423809520082446708e-24
7.672018189048654250e-24
-6.423809520082434219e-24
-6.423809520082476096e-24
7.672018189048671882e-24
-6.423809520082509891e-24
-6.423809520082434219e-24
7.672018189048651311e-24
-6.423809520082434219e-24
-6.423809520082476096e-24
7.672018189048671882e-24
-6.423809520082509891e-24
-6.423809520082434219e-24
7.672018189048651311e-24
-6.423809520082434219e-24
-6.423809520082476096e-24
7.672018189048671882e-24
-6.423809520082509891e-24
-6.423809520082434219e-24
7.672018189048651311e-24
-6.423809520082434219e-24
-6.423809520082476096e-24
7.672018189048671882e-24
-6.423809520082509891e-24
-6.423809520082434219e-24
7.672018189048651311e-24
-6.423809520082434219e-24
-6.423809520082476096e-24
7.672018189048671882e-24
-6.423809520082509891e-24
-6.423809520082434219e-24
7.672018189048651311e-24
-6.423809520082434219e-24
-6.423809520082476096e-24
7.672018189048671882e-24
-6.423809520082509891e-24
-6.423809520082434219e-24
7.672018189048651311e-24
-6.423809520082434219e-24
-6.423809520082476096e-24
7.672018189048671882e-24
-6.423809520082509891e-24
-6.423809520082434219e-24
7.672018189048649842e-24
-6.423809520082427607e-24
-6.423809520082503279e-24
7.672018189048773269e-24
-6.423809520082894131e-24
-6.423809520081002320e-24
7.672018189043307220e-24
-6.423809520062483876e-24
-6.423809520156937051e-24
7.672018189326560216e-24
-6.423809521119603007e-24
-6.423809516211951561e-24
7.672018174603812325e-24
-6.423809466173558728e-24
-6.423809721273144215e-24
7.672018939902466664e-24
-6.423812322307023839e-24
-6.423799062038173210e-24
7.671979159096121959e-24
-6.423663858316576347e-24
-6.424353137193379698e-24
7.674046995726426950e-24
-6.431381129682631701e-24
-6.395551888359704249e-24
7.566559271757830468e-24
-6.030231482641977792e-24
-3.281563590948320677e-24
-3.344100763549025579e-24
-5.842619964840578301e-24
-2.658548934302545608e-24
-6.197167756762954323e-24
7.611289711596054460e-24
-6.407537373591508343e-24
-6.428169628593820784e-24
7.673186476603189412e-24
-6.424122561789200792e-24
-6.423725640809952311e-24
7.671995713665335969e-24
-6.423803497821695900e-24
-6.423811133742355738e-24
7.672018621427524867e-24
-6.423809635938003982e-24
-6.423809489039070598e-24
7.672018180730615247e-24
-6.423809517853693256e-24
-6.423809520679644124e-24
7.672018189208672827e-24
-6.423809520125313314e-24
-6.423809520070987108e-24
7.672018189045592087e-24
-6.423809520081683372e-24
-6.423809520082656093e-24
7.672018189048711555e-24
-6.423809520082450382e-24
-6.423809520082472422e-24
7.672018189048670413e-24
-6.423809520082509891e-24
-6.423809520082434219e-24
7.672018189048651311e-24
-6.423809520082434219e-24
-6.423809520082476096e-24
7.672018189048671882e-24
-6.423809520082509891e-24
-6.423809520082434219e-24
7.672018189048651311e-24
-6.423809520082434219e-24
-6.423809520082476096e-24
7.672018189048671882e-24
-6.423809520082509891e-24
-6.423809520082434219e-24
7.672018189048651311e-24
-6.423809520082434219e-24
-6.423809520082476096e-24
7.672018189048671882e-24
-6.423809520082509891e-24
-6.423809520082434219e-24
7.672018189048651311e-24
-6.423809520082434219e-24
-6.423809520082476096e-24
7.672018189048671882e-24
-6.423809520082509891e-24
-6.423809520082434219e-24
7.672018189048651311e-24
-6.423809520082434219e-24
-6.423809520082476096e-24
7.672018189048671882e-24
-6.423809520082509891e-24
-6.423809520082434219e-24
7.672018189048651311e-24
-6.423809520082434219e-24
-6.423809520082476096e-24
7.672018189048671882e-24
-6.423809520082509891e-24
-6.423809520082434219e-24
7.672018189048651311e-24
-6.423809520082434219e-24
-6.423809520082476096e-24
7.672018189048671882e-24
-6.423809520082512830e-24
-6.423809520082425403e-24
7.672018189048620455e-24
-6.423809520082315200e-24
-6.423809520082919845e-24
7.672018189050326391e-24
-6.423809520088692257e-24
-6.423809520059362938e-24
7.672018188962550758e-24
-6.423809519761098144e-24
-6.423809521281718371e-24
7.672018193524300502e-24
-6.423809536785786501e-24
-6.423809457744957135e-24
7.672017956402021054e-24
-6.423808651833387336e-24
-6.423812760432034103e-24
7.672030282197853356e-24
-6.423854652329686596e-24
-6.423641084242913281e-24
7.671389577937745000e-24
-6.421463511478328444e-24
-6.432564943387995089e-24
7.704693873666650897e-24
-6.545756835248879773e-24
-5.968695944034937380e-24
-3.563688107430268808e-24
-2.277138236228917785e-24
7.842922809448377994e-24
-6.469603275101289705e-24
-6.411539120406782302e-24
7.668730345364761743e-24
-6.422928545022566067e-24
-6.424045576638297905e-24
7.672081440212163703e-24
-6.423826468180617896e-24
-6.423804978853254515e-24
7.672016972229968502e-24
-6.423809194036920888e-24
-6.423809607446086115e-24
7.672018212457672096e-24
-6.423809526354862524e-24
-6.423809518401784395e-24
7.672018188598331180e-24
-6.423809519961840988e-24
-6.423809520114766926e-24
7.672018189057316174e-24
-6.423809520084756555e-24
-6.423809520081853818e-24
7.672018189048504374e-24
-6.423809520082465810e-24
-6.423809520082446708e-24
7.672018189048654250e-24
-6.423809520082434219e-24
-6.423809520082476096e-24
7.672018189048671882e-24
-6.423809520082509891e-24
-6.423809520082434219e-24
7.672018189048651311e-24
-6.423809520082434219e-24
-6.423809520082476096e-24
7.672018189048671882e-24
-6.423809520082509891e-24
-6.423809520082434219e-24
7.672018189048651311e-24
-6.423809520082434219e-24
-6.423809520082476096e-24
7.672018189048671882e-24
-6.423809520082509891e-24
-6.423809520082434219e-24
7.672018189048651311e-24
-6.423809520082434219e-24
-6.423809520082476096e-24
7.672018189048671882e-24
-6.423809520082509891e-24
-6.423809520082434219e-24
7.672018189048651311e-24
-6.423809520082434219e-24
-6.423809520082476096e-24
7.672018189048671882e-24
-6.423809520082509891e-24
-6.423809520082434219e-24
7.672018189048651311e-24
-6.423809520082434219e-24
-6.423809520082476096e-24
7.672018189048671882e-24
-6.423809520082509891e-24
-6.423809520082434219e-24
7.672018189048651311e-24
-6.423809520082434219e-24
-6.423809520082476096e-24
7.672018189048671882e-24
-6.423809520082509891e-24
-6.423809520082434219e-24
7.672018189048649842e-24
-6.423809520082427607e-24
-6.423809520082503279e-24
7.672018189048773269e-24
-6.423809520082894131e-24
-6.423809520081002320e-24
7.672018189043307220e-24
-6.423809520062483876e-24
-6.423809520156937051e-24
7.672018189326560216e-24
-6.423809521119603007e-24
-6.423809516211951561e-24
7.672018174603812325e-24
-6.423809466173558728e-24
-6.423809721273144215e-24
7.672018939902466664e-24
-6.423812322307023839e-24
-6.423799062038173210e-24
7.671979159096121959e-24
-6.423663858316576347e-24
-6.424353137193379698e-24
7.674046995726426950e-24
-6.431381129682631701e-24
-6.395551888359704249e-24
7.566559271757830468e-24
-6.030231482641977792e-24
-3.281563590948320677e-24
-3.344100763549025579e-24
-5.842619964840578301e-24
-2.658548934302545608e-24
-6.197167756762954323e-24
7.611289711596054460e-24
-6.407537373591508343e-24
-6.428169628593820784e-24
7.673186476603189412e-24
-6.424122561789200792e-24
-6.423725640809952311e-24
7.671995713665335969e-24
-6.423803497821695900e-24
-6.423811133742355738e-24
7.672018621427524867e-24
-6.423809635938003982e-24
-6.423809489039070598e-24
7.672018180730615247e-24
-6.423809517853693256e-24
-6.423809520679644124e-24
7.672018189208672827e-24
-6.423809520125313314e-24
-6.423809520070987108e-24
7.672018189045592087e-24
-6.423809520081683372e-24
-6.423809520082656093e-24
7.672018189048711555e-24
-6.423809520082450382e-24
-6.423809520082472422e-24
7.672018189048670413e-24
-6.423809520082509891e-24
-6.423809520082434219e-24
7.672018189048651311e-24
-6.423809520082434219e-24
-6.423809520082476096e-24
7.672018189048671882e-24
-6.423809520082509891e-24
-6.423809520082434219e-24
7.672018189048651311e-24
-6.423809520082434219e-24
-6.423809520082476096e-24
7.672018189048671882e-24
-6.423809520082509891e-24
-6.423809520082434219e-24
7.672018189048651311e-24
-6.423809520082434219e-24
-6.423809520082476096e-24
7.672018189048671882e-24
-6.423809520082509891e-24
-6.423809520082434219e-24
7.672018189048651311e-24
-6.423809520082434219e-24
-6.423809520082476096e-24
7.672018189048671882e-24
-6.423809520082509891e-24
-6.423809520082434219e-24
7.672018189048651311e-24
-6.423809520082434219e-24
-6.423809520082476096e-24
7.672018189048671882e-24
-6.423809520082509891e-24
-6.423809520082434219e-24
7.672018189048651311e-24
-6.423809520082434219e-24
-6.423809520082476096e-24
7.672018189048671882e-24
-6.423809520082509891e-24
-6.423809520082434219e-24
7.672018189048651311e-24
-6.423809520082434219e-24
-6.423809520082476096e-24
7.672018189048671882e-24
-6.423809520082512830e-24
-6.423809520082425403e-24
7.672018189048620455e-24
-6.423809520082315200e-24
-6.423809520082919845e-24
7.672018189050326391e-24
-6.423809520088692257e-24
-6.423809520059362938e-24
7.672018188962550758e-24
-6.423809519761098144e-24
-6.423809521281718371e-24
7.672018193524300502e-24
-6.423809536785786501e-24
-6.423809457744957135e-24
7.672017956402021054e-24
-6.423808651833387336e-24
-6.423812760432034103e-24
7.672030282197853356e-24
-6.423854652329686596e-24
-6.423641084242913281e-24
7.671389577937745000e-24
-6.421463511478328444e-24
-6.432564943387995089e-24
7.704693873666650897e-24
-6.545756835248879773e-24
-5.968695944034937380e-24
-3.563688107430268808e-24
-2.277138236228917785e-24
7.842922809448377994e-24
-6.469603275101289705e-24
-6.411539120406782302e-24
7.668730345364761743e-24
-6.422928545022566067e-24
-6.424045576638297905e-24
7.672081440212163703e-24
-6.423826468180617896e-24
-6.423804978853254515e-24
7.672016972229968502e-24
-6.423809194036920888e-24
-6.423809607446086115e-24
7.672018212457672096e-24
-6.423809526354862524e-24
-6.423809518401784395e-24
7.672018188598331180e-24
-6.423809519961840988e-24
-6.423809520114766926e-24
7.672018189057316174e-24
-6.423809520084756555e-24
-6.423809520081853818e-24
7.672018189048504374e-24
-6.423809520082465810e-24
-6.423809520082446708e-24
7.672018189048654250e-24
-6.423809520082434219e-24
-6.423809520082476096e-24
7.672018189048671882e-24
-6.423809520082509891e-24
-6.423809520082434219e-24
7.672018189048651311e-24
-6.423809520082434219e-24
-6.423809520082476096e-24
7.672018189048671882e-24
-6.423809520082509891e-24
-6.423809520082434219e-24
7.672018189048651311e-24
-6.423809520082434219e-24
-6.423809520082476096e-24
7.672018189048671882e-24
-6.423809520082509891e-24
-6.423809520082434219e-24
7.672018189048651311e-24
-6.423809520082434219e-24
-6.423809520082476096e-24
7.672018189048671882e-24
-6.423809520082509891e-24
-6.423809520082434219e-24
7.672018189048651311e-24
-6.423809520082434219e-24
-6.423809520082476096e-24
7.672018189048671882e-24
-6.423809520082509891e-24
-6.423809520082434219e-24
7.672018189048651311e-24
-6.423809520082434219e-24
-6.423809520082476096e-24
7.672018189048671882e-24
-6.423809520082509891e-24
-6.423809520082434219e-24
7.672018189048651311e-24
-6.423809520082434219e-24
-6.423809520082476096e-24
7.672018189048671882e-24
-6.423809520082509891e-24
-6.423809520082434219e-24
7.672018189048649842e-24
-6.423809520082427607e-24
-6.423809520082503279e-24
7.672018189048773269e-24
-6.423809520082894131e-24
-6.423809520081002320e-24
7.672018189043307220e-24
-6.423809520062483876e-24
-6.423809520156937051e-24
7.672018189326560216e-24
-6.423809521119603007e-24
-6.423809516211951561e-24
7.672018174603812325e-24
-6.423809466173558728e-24
-6.423809721273144215e-24
7.672018939902466664e-24
-6.423812322307023839e-24
-6.423799062038173210e-24
7.671979159096121959e-24
-6.423663858316576347e-24
-6.424353137193379698e-24
7.674046995726426950e-24
-6.431381129682631701e-24
-6.395551888359704249e-24
7.566559271757830468e-24
-6.030231482641977792e-24
-3.281563590948320677e-24
-3.344100763549025579e-24
-5.842619964840578301e-24
-2.658548934302545608e-24
-6.197167756762954323e-24
7.611289711596054460e-24
-6.407537373591508343e-24
-6.428169628593820784e-24
7.673186476603189412e-24
-6.424122561789200792e-24
-6.423725640809952311e-24
7.671995713665335969e-24
-6.423803497821695900e-24
-6.423811133742355738e-24
7.672018621427524867e-24
-6.423809635938003982e-24
-6.423809489039070598e-24
7.672018180730615247e-24
-6.423809517853693256e-24
-6.423809520679644124e-24
7.672018189208672827e-24
-6.423809520125313314e-24
-6.423809520070987108e-24
7.672018189045592087e-24
-6.423809520081683372e-24
-6.423809520082656093e-24
7.672018189048711555e-24
-6.423809520082450382e-24
-6.423809520082472422e-24
7.672018189048670413e-24
-6.423809520082509891e-24
-6.423809520082434219e-24
7.672018189048651311e-24
-6.423809520082434219e-24
-6.423809520082476096e-24
7.672018189048671882e-24
-6.423809520082509891e-24
-6.423809520082434219e-24
7.672018189048651311e-24
-6.423809520082434219e-24
-6.423809520082476096e-24
7.672018189048671882e-24
-6.423809520082509891e-24
-6.423809520082434219e-24
7.672018189048651311e-24
-6.423809520082434219e-24
-6.423809520082476096e-24
7.672018189048671882e-24
-6.423809520082509891e-24
-6.423809520082434219e-24
7.672018189048651311e-24
-6.423809520082434219e-24
-6.423809520082476096e-24
7.672018189048671882e-24
-6.423809520082509891e-24
-6.423809520082434219e-24
7.672018189048651311e-24
-6.423809520082434219e-24
-6.423809520082476096e-24
7.672018189048671882e-24
-6.423809520082509891e-24
-6.423809520082434219e-24
7.672018189048651311e-24
-6.423809520082434219e-24
-6.423809520082476096e-24
7.672018189048671882e-24
-6.423809520082509891e-24
-6.423809520082434219e-24
7.672018189048651311e-24
-6.423809520082434219e-24
-6.423809520082476096e-24
7.672018189048671882e-24
-6.423809520082512830e-24
-6.423809520082425403e-24
7.672018189048620455e-24
-6.423809520082315200e-24
-6.423809520082919845e-24
7.672018189050326391e-24
-6.423809520088692257e-24
-6.423809520059362938e-24
7.672018188962550758e-24
-6.423809519761098144e-24
-6.423809521281718371e-24
7.672018193524300502e-24
-6.423809536785786501e-24
-6.423809457744957135e-24
7.672017956402021054e-24
-6.423808651833387336e-24
-6.423812760432034103e-24
7.672030282197853356e-24
-6.423854652329686596e-24
-6.423641084242913281e-24
7.671389577937745000e-24
-6.421463511478328444e-24
-6.432564943387995089e-24
7.704693873666650897e-24
-6.545756835248879773e-24
-5.968695944034937380e-24
-3.563688107430268808e-24
-2.277138236228917785e-24
7.842922809448377994e-24
-6.469603275101289705e-24
-6.411539120406782302e-24
7.668730345364761743e-24
-6.422928545022566067e-24
-6.424045576638297905e-24
7.672081440212163703e-24
-6.423826468180617896e-24
-6.423804978853254515e-24
7.672016972229968502e-24
-6.423809194036920888e-24
-6.423809607446086115e-24
7.672018212457672096e-24
-6.423809526354862524e-24
-6.423809518401784395e-24
7.672018188598331180e-24
-6.423809519961840988e-24
-6.423809520114766926e-24
7.672018189057316174e-24
-6.423809520084756555e-24
-6.423809520081853818e-24
7.672018189048504374e-24
-6.423809520082465810e-24
-6.423809520082446708e-24
7.672018189048652781e-24
-6.423809520082427607e-24
-6.423809520082523116e-24
7.672018189048721841e-24
-6.423809520082537809e-24
-6.423809520082456259e-24
7.672018189048711555e-24
-6.423809520082513565e-24
-6.423809520082542952e-24
7.672018189048776208e-24
-6.423809520082560584e-24
-6.423809520082551768e-24
7.672018189048833513e-24
-6.423809520082567931e-24
-6.423809520082628175e-24
7.672018189048912859e-24
-6.423809520082686950e-24
-6.423809520082739847e-24
7.672018189049050979e-24
-6.423809520082790540e-24
-6.423809520082897070e-24
7.672018189049264038e-24
-6.423809520082972007e-24
-6.423809520083074863e-24
7.672018189049566728e-24
-6.423809520083293799e-24
-6.423809520083506857e-24
7.672018189050069251e-24
-6.423809520083744160e-24
-6.423809520084051258e-24
7.672018189050795119e-24
-6.423809520084373784e-24
-6.423809520084949777e-24
7.672018189051905961e-24
-6.423809520085392791e-24
-6.423809520086242086e-24
7.672018189053641285e-24
-6.423809520086962811e-24
-6.423809520088244834e-24
7.672018189056202393e-24
-6.423809520089323350e-24
-6.423809520091254100e-24
7.672018189060150585e-24
-6.423809520092931383e-24
-6.423809520095941384e-24
7.672018189066294012e-24
-6.423809520098771386e-24
-6.423809520101374371e-24
7.672018189069914535e-24
-6.423809520086639550e-24
-6.423809520187821695e-24
7.672018189366860571e-24
-6.423809521156187329e-24
-6.423809516258747991e-24
7.672018174664811666e-24
-6.423809466228953899e-24
-6.423809721343785548e-24
7.672018939994463791e-24
-6.423812322390535366e-24
-6.423799062144723691e-24
7.671979159234849394e-24
-6.423663858442493098e-24
-6.424353137353667903e-24
7.674046995935088952e-24
-6.431381129872177961e-24
-6.395551888599389017e-24
7.566559272067011931e-24
-6.030231482911417995e-24
-3.281563591132803495e-24
-3.344100763743888747e-24
-5.842619965254618268e-24
-2.658548934505751847e-24
-6.197167757350290810e-24
7.611289712389680655e-24
-6.407537374315820779e-24
-6.428169629514503959e-24
7.673186477798373294e-24
-6.424122562871958190e-24
-6.423725642179498738e-24
7.671995715443293215e-24
-6.423803499431865287e-24
-6.423811135776561936e-24
7.672018624067065105e-24
-6.423809638327562123e-24
-6.423809492053878592e-24
7.672018184640726759e-24
-6.423809521391912885e-24
-6.423809525138007670e-24
7.672018194988183290e-24
-6.423809525352976934e-24
-6.423809526649130637e-24
7.672018197568969382e-24
-6.423809527787879034e-24
-6.423809529766547533e-24
7.672018201589981438e-24
-6.423809531416386915e-24
-6.423809534305336198e-24
7.672018207458936736e-24
-6.423809536712958748e-24
-6.423809540922715524e-24
7.672018216010775688e-24
-6.423809544427019937e-24
-6.423809550545858885e-24
7.672018228440351567e-24
-6.423809555633613698e-24
-6.423809564504481082e-24
7.672018246459789528e-24
-6.423809571871908823e-24
-6.423809584699291827e-24
7.672018272515020013e-24
-6.423809595339967343e-24
-6.423809613839253853e-24
7.672018310089792446e-24
-6.423809629166399797e-24
-6.423809655774021525e-24
7.672018364131404024e-24
-6.423809677791824175e-24
-6.423809715956700650e-24
7.672018441643589679e-24
-6.423809747498621546e-24
-6.423809802088657810e-24
7.672018552510512762e-24
-6.423809847147859345e-24
-6.423809925011027042e-24
7.672018710636663955e-24
-6.423809989196775036e-24
-6.423810099935986536e-24
7.672018935518970354e-24
-6.423810191101999723e-24
-6.423810348137827743e-24
7.672019254404566695e-24
-6.423810477243851212e-24
-6.423810699269791562e-24
7.672019705244138220e-24
-6.423810881557407759e-24
-6.423811194521374901e-24
7.672020340713729126e-24
-6.423811451113380505e-24
-6.423811890907167366e-24
7.672021233672440885e-24
-6.423812250973466448e-24
-6.423812867065235754e-24
7.672022484534843341e-24
-6.423813370742789048e-24
-6.423814231065125609e-24
7.672024231189628536e-24
-6.423814933384370543e-24
-6.423816130846589749e-24
7.672026662184400569e-24
-6.423817106647810378e-24
-6.423818769501184533e-24
7.672030039349557255e-24
-6.423820137135234194e-24
-6.423822355245227902e-24
7.672034465376483446e-24
-6.423823416048084119e-24
-6.423830690225554429e-24
7.672053216969159956e-24
-6.423875150912881242e-24
-6.423665927725235021e-24
7.671421329777356221e-24
-6.421491853420635847e-24
-6.432599351187406483e-24
7.704738050893124676e-24
-6.545797246640808274e-24
-5.968738387522245248e-24
-3.563716453316523593e-24
-2.277159180371305660e-24
7.842998992410889605e-24
-6.469670117342292557e-24
-6.411618862221250327e-24
7.668832132903589894e-24
-6.423019265157589762e-24
-6.424154525248623969e-24
7.672220231184053742e-24
-6.423950055659084774e-24
-6.423953070339276794e-24
7.672205488515543195e-24
-6.423976944743972696e-24
-6.424010192099251844e-24
7.672273355036870659e-24
-6.424036405352681525e-24
-6.424080219698513361e-24
7.672362250854347820e-24
-6.424115250808127159e-24
-6.424173505084852893e-24
7.672480449133102137e-24
-6.424219983403746874e-24
-6.424297106741287745e-24
7.672636925434018932e-24
-6.424358522311644365e-24
-6.424460203301317241e-24
7.672843217441045878e-24
-6.424541016903427542e-24
-6.424674508636956902e-24
7.673114034977253716e-24
-6.424780393497221705e-24
-6.424954893001473262e-24
7.673468029287786084e-24
-6.425093023793918704e-24
-6.425320126483097880e-24
7.673928714143519213e-24
-6.425499524072254868e-24
-6.425793762901761314e-24
7.674525558532356403e-24
-6.426025701294168780e-24
-6.426405179503431977e-24
7.675295268907113654e-24
-6.426703660820206609e-24
-6.427190785695908772e-24
7.676283276003599830e-24
-6.427573087612565169e-24
-6.428195410139761977e-24
7.677545436031016967e-24
-6.428682708001675658e-24
-6.429473869263070229e-24
7.679149947910677059e-24
-6.430091931718564330e-24
-6.431092711102786356e-24
7.681179476464386860e-24
-6.431872663340298017e-24
-6.433132115594371394e-24
7.683733455183129643e-24
-6.434111257817547220e-24
-6.435687915304169655e-24
7.686930520555969737e-24
-6.436910575617999303e-24
-6.438873678327824570e-24
7.690911001945890547e-24
-6.440392068400771830e-24
-6.442822766867084587e-24
7.695839355713378426e-24
-6.444697795253993311e-24
-6.447690250026755128e-24
7.701906388742101801e-24
-6.449992231558895458e-24
-6.453654506895345070e-24
7.709331063819667622e-24
-6.456463686768846561e-24
-6.460918305259619517e-24
7.718361616639110274e-24
-6.464325093098386948e-24
-6.469709081872201127e-24
7.729275641186229636e-24
-6.473813865070491359e-24
-6.480278076825065085e-24
7.742378698707214695e-24
-6.485190393303729773e-24
-6.492898134962087245e-24
7.758001800085348069e-24
-6.498737976540107381e-24
-6.507847499741977294e-24
7.776451726904955150e-24
-6.514594192644095563e-24
-6.526011401062473328e-24
7.800273614500967126e-24
-6.541221334242303715e-24
-6.517227818429352513e-24
7.716141546101301531e-24
-6.154654540990103507e-24
-3.354410786810047583e-24
-3.428182245954909723e-24
-5.963663653617324849e-24
-2.822911473665916823e-24
-6.017146842951394026e-24
-3.533177038384972811e-24
-1.331753016867483292e-23
-6.580533659758650828e-24
-6.647951524049636584e-24
-6.624149002111534326e-24
-6.684568615953649358e-24
-6.499947365192524290e-24
-2.443249779868377170e-24
-1.374238817731673509e-23
-1.177674414004491448e-23
-5.102857055736965999e-24
-1.178482984924502643e-23
3.341643827033881381e-24
-5.881858096772268217e-24
-1.381806460603714567e-23
3.826363765851313414e-24
-7.777938335348564376e-24
-1.384352181684863458e-24
1.478080061243181184e-24
-4.890893686159466999e-24
-4.662140619796157410e-24
1.955175844499010087e-24
-7.318774150377936068e-24
-1.529315322192248340e-24
1.524072537881654742e-24
-4.932247765068598418e-24
-4.690109989821501102e-24
1.967430237231507598e-24
-7.367285121834552426e-24
-1.539735989154125839e-24
1.534451433199303383e-24
-4.965831989413878614e-24
-4.722362749465319797e-24
1.981038672519480230e-24
-7.418366891577150059e-24
-1.550515965813543535e-24
1.545203821484258875e-24
-5.000639945452092814e-24
-4.755555554128311706e-24
1.994971214007002865e-24
-7.470550436692377000e-24
-1.561400287492595138e-24
1.556031203811690690e-24
-5.035656477984867164e-24
-4.788632813336037974e-24
2.008759847607829515e-24
-7.522044082660393517e-24
-1.571970974890446654e-24
1.566507768202394502e-24
-5.069492674954604334e-24
-4.820174286643945866e-24
2.021779665127513078e-24
-7.570461802815071644e-24
-1.581679772312549318e-24
1.576076805562140115e-24
-5.100334760823221125e-24
-4.848344308328959933e-24
2.033228472292529316e-24
-7.612748968444339435e-24
-1.589834196085403676e-24
1.584037212875343768e-24
-5.125900899407035984e-24
-4.870855314584838760e-24
2.042112987148976972e-24
-7.645133047093628762e-24
-1.595590073868932255e-24
1.589536774973021802e-24
-5.143420297076105803e-24
-4.884955765985644236e-24
2.047246228668639205e-24
-7.663117715774935706e-24
-1.597954825175520743e-24
1.591576513683099130e-24
-5.149648549009520458e-24
-4.887456416937244838e-24
2.047262132437909470e-24
-7.661543284117325081e-24
-1.595806539997165919e-24
1.589031181907809329e-24
-5.140935704602070304e-24
-4.874810976864763745e-24
2.040654198377184812e-24
-7.634739023321294219e-24
-1.587934256913081055e-24
1.580691263468145170e-24
-5.113364374125691750e-24
-4.843267358107874450e-24
2.025844826757423578e-24
-7.576792104044685412e-24
-1.573104257565245740e-24
1.565331158423080439e-24
-5.062972878291590746e-24
-4.789102436279141074e-24
2.001290297672085477e-24
-7.481950954247613244e-24
-1.550155161378383548e-24
1.541806071703308923e-24
-4.986071286469915607e-24
-4.708944998800166825e-24
1.965622458053694512e-24
-7.345165597679528244e-24
-1.518120680530874242e-24
1.509176059443801464e-24
-4.879644859762507824e-24
-4.600177280747138550e-24
1.917821743009362086e-24
-7.162742722479636876e-24
-1.476373000791129387e-24
1.466849692185261183e-24
-4.741819872329007030e-24
-4.461385680992307359e-24
1.857407557183312324e-24
-6.933060565927809069e-24
-1.424772571132644881e-24
1.414732625637496477e-24
-4.572343575244870119e-24
-4.292809157655989674e-24
1.784622878961822321e-24
-6.657254566525692985e-24
-1.363803347729326218e-24
1.353359830142735056e-24
-4.373009110487511889e-24
-4.096715772053618910e-24
1.700583061969685708e-24
-6.339760016287833152e-24
-1.294668715977826616e-24
1.283986776076365037e-24
-4.147945421990533787e-24
-3.877631317794937315e-24
1.607357200353484317e-24
-5.988593715112576406e-24
-1.219324397480539222e-24
1.208616370626799382e-24
-3.903697550372146749e-24
-3.642353454368753879e-24
1.507955676428910377e-24
-5.615278304027840005e-24
-1.140431354553768849e-24
1.129945598605460462e-24
-3.649046423214274917e-24
-3.399712894063046691e-24
1.406211142438744376e-24
-5.234366919528047692e-24
-1.061226689735222051e-24
1.051231751918827380e-24
-3.394570050073929996e-24
-3.160108658357716699e-24
1.306578460790432246e-24
-4.862676137475916133e-24
-9.852453298281494105e-25
9.757421934400065522e-25
-3.150678713664051318e-24
-2.940176901448562727e-24
1.233325153097126486e-24
-4.590919517850629331e-24
-6.459400077009151477e-25
-1.019403150200566537e-25
8.368113210381964968e-25
-1.681012654149888241e-23
5.365678851996650225e-23
-2.001362859849576933e-22
7.200860854404010665e-22
-2.690920281480737214e-21
1.013452126305300649e-20
-3.878312923307004700e-20
1.493875057793159521e-19
-5.714099420112484785e-19
2.128857156165271084e-18
-7.583390237235768114e-18
2.565733583287124219e-17
-8.488852787555254645e-17
3.023162928994017819e-16
-1.293008153976946229e-15
6.328117805469654225e-15
-2.955376619169121967e-14
1.103277908276335848e-13
-2.589454200364903718e-13
9.116753383665537516e-14
1.530760911330482637e-13
2.110516751225172182e-11
-1.732489063454909026e-10
2.452555290229542997e-10
2.302544398195241570e-09
1.963941884701162810e-08
3.117283245607352498e-08
3.232182837795573071e-08
