0.000000000000000000e+00
0.000000000000000000e+00
1.333333333333333393e+01
2.666666666666666785e+01
4.000000000000000000e+01
5.333333333333333570e+01
6.666666666666667140e+01
8.000000000000000000e+01
9.333333333333332860e+01
1.066666666666666714e+02
1.200000000000000000e+02
1.333333333333333428e+02
1.466666666666666572e+02
1.600000000000000000e+02
1.733333333333333428e+02
1.866666666666666572e+02
2.000000000000000000e+02
2.133333333333333428e+02
2.266666666666666572e+02
2.400000000000000000e+02
2.533333333333333428e+02
2.666666666666666856e+02
2.800000000000000000e+02
2.933333333333333144e+02
3.066666666666666856e+02
3.200000000000000000e+02
3.333333333333333144e+02
3.400000000000000000e+02
3.466666666666666856e+02
3.533333333333333712e+02
3.600000000000000000e+02
3.666666666666666288e+02
3.733333333333333144e+02
3.800000000000000000e+02
3.866666666666666856e+02
3.933333333333333712e+02
4.000000000000000000e+02
4.066666666666666288e+02
4.133333333333333144e+02
4.200000000000000000e+02
4.266666666666666856e+02
4.333333333333333712e+02
4.400000000000000000e+02
4.466666666666666288e+02
4.533333333333333144e+02
4.600000000000000000e+02
4.666666666666666856e+02
4.733333333333333712e+02
4.800000000000000000e+02
4.866666666666666288e+02
4.900000000000000000e+02
4.933333333333333144e+02
4.966666666666666288e+02
5.000000000000000000e+02
5.033333333333333712e+02
5.066666666666666856e+02
5.100000000000000000e+02
5.133333333333333712e+02
5.166666666666667425e+02
5.200000000000000000e+02
5.233333333333333712e+02
5.266666666666667425e+02
5.300000000000000000e+02
5.333333333333333712e+02
5.366666666666667425e+02
5.400000000000000000e+02
5.433333333333332575e+02
5.466666666666666288e+02
5.500000000000000000e+02
5.533333333333332575e+02
5.566666666666666288e+02
5.600000000000000000e+02
5.633333333333333712e+02
5.666666666666667425e+02
5.700000000000000000e+02
5.733333333333333712e+02
5.766666666666667425e+02
5.800000000000000000e+02
5.833333333333332575e+02
5.866666666666666288e+02
5.900000000000000000e+02
5.933333333333332575e+02
5.966666666666666288e+02
6.000000000000000000e+02
6.033333333333333712e+02
6.050000000000000000e+02
6.066666666666667425e+02
6.083333333333333712e+02
6.100000000000000000e+02
6.116666666666667425e+02
6.133333333333333712e+02
6.150000000000000000e+02
6.166666666666667425e+02
6.183333333333333712e+02
6.200000000000000000e+02
6.216666666666666288e+02
6.233333333333332575e+02
6.250000000000000000e+02
6.266666666666666288e+02
6.283333333333332575e+02
6.300000000000000000e+02
6.316666666666666288e+02
6.333333333333332575e+02
6.350000000000000000e+02
6.366666666666666288e+02
6.383333333333332575e+02
6.400000000000000000e+02
6.416666666666667425e+02
6.433333333333333712e+02
6.450000000000000000e+02
6.466666666666667425e+02
6.483333333333333712e+02
6.500000000000000000e+02
6.516666666666667425e+02
6.533333333333333712e+02
6.550000000000000000e+02
6.566666666666667425e+02
6.583333333333333712e+02
6.600000000000000000e+02
6.616666666666666288e+02
6.633333333333332575e+02
6.650000000000000000e+02
6.666666666666666288e+02
6.683333333333332575e+02
6.700000000000000000e+02
6.716666666666666288e+02
6.733333333333332575e+02
6.750000000000000000e+02
6.766666666666666288e+02
6.783333333333332575e+02
6.800000000000000000e+02
6.816666666666667425e+02
6.833333333333333712e+02
6.850000000000000000e+02
6.866666666666667425e+02
6.883333333333333712e+02
6.900000000000000000e+02
6.916666666666667425e+02
6.933333333333333712e+02
6.941666666666667425e+02
6.950000000000000000e+02
6.958333333333333712e+02
6.966666666666667425e+02
6.975000000000000000e+02
6.983333333333333712e+02
6.991666666666667425e+02
7.000000000000000000e+02
7.008333333333332575e+02
7.016666666666666288e+02
7.025000000000000000e+02
7.033333333333332575e+02
7.041666666666666288e+02
7.050000000000000000e+02
7.058333333333332575e+02
7.066666666666666288e+02
7.075000000000000000e+02
7.083333333333332575e+02
7.091666666666666288e+02
7.100000000000000000e+02
7.108333333333332575e+02
7.116666666666666288e+02
7.125000000000000000e+02
7.133333333333332575e+02
7.141666666666666288e+02
7.150000000000000000e+02
7.158333333333332575e+02
7.166666666666666288e+02
7.175000000000000000e+02
7.183333333333332575e+02
7.191666666666666288e+02
7.200000000000000000e+02
7.208333333333333712e+02
7.216666666666667425e+02
7.225000000000000000e+02
7.233333333333333712e+02
7.241666666666667425e+02
7.250000000000000000e+02
7.258333333333333712e+02
7.266666666666667425e+02
7.275000000000000000e+02
7.283333333333333712e+02
7.291666666666667425e+02
7.300000000000000000e+02
7.308333333333333712e+02
7.316666666666667425e+02
7.325000000000000000e+02
7.333333333333333712e+02
7.341666666666667425e+02
7.350000000000000000e+02
7.358333333333333712e+02
7.366666666666667425e+02
7.375000000000000000e+02
7.383333333333333712e+02
7.391666666666667425e+02
7.400000000000000000e+02
7.408333333333332575e+02
7.416666666666666288e+02
7.425000000000000000e+02
7.433333333333332575e+02
7.441666666666666288e+02
7.450000000000000000e+02
7.458333333333332575e+02
7.466666666666666288e+02
7.470833333333332575e+02
7.475000000000000000e+02
7.479166666666666288e+02
7.483333333333332575e+02
7.487500000000000000e+02
7.491666666666666288e+02
7.495833333333332575e+02
7.500000000000000000e+02
7.504166666666666288e+02
7.508333333333332575e+02
7.512500000000000000e+02
7.516666666666666288e+02
7.520833333333332575e+02
7.525000000000000000e+02
7.529166666666666288e+02
7.533333333333332575e+02
7.537500000000000000e+02
7.541666666666666288e+02
7.545833333333332575e+02
7.550000000000000000e+02
7.554166666666666288e+02
7.558333333333332575e+02
7.562500000000000000e+02
7.566666666666666288e+02
7.570833333333332575e+02
7.575000000000000000e+02
7.579166666666666288e+02
7.583333333333332575e+02
7.587500000000000000e+02
7.591666666666666288e+02
7.595833333333332575e+02
7.600000000000000000e+02
7.604166666666667425e+02
7.608333333333333712e+02
7.612500000000000000e+02
7.616666666666667425e+02
7.620833333333333712e+02
7.625000000000000000e+02
7.629166666666667425e+02
7.633333333333333712e+02
7.635416666666667425e+02
7.637500000000000000e+02
7.639583333333333712e+02
7.641666666666667425e+02
7.643750000000000000e+02
7.645833333333333712e+02
7.647916666666667425e+02
7.650000000000000000e+02
7.652083333333333712e+02
7.654166666666667425e+02
7.656250000000000000e+02
7.658333333333333712e+02
7.660416666666667425e+02
7.662500000000000000e+02
7.664583333333333712e+02
7.666666666666667425e+02
7.668750000000000000e+02
7.670833333333333712e+02
7.672916666666667425e+02
7.675000000000000000e+02
7.677083333333333712e+02
7.679166666666667425e+02
7.681250000000000000e+02
7.683333333333333712e+02
7.685416666666667425e+02
7.687500000000000000e+02
7.689583333333333712e+02
7.691666666666667425e+02
7.693750000000000000e+02
7.695833333333333712e+02
7.697916666666667425e+02
7.700000000000000000e+02
7.702083333333333712e+02
7.704166666666667425e+02
7.706250000000000000e+02
7.708333333333333712e+02
7.710416666666667425e+02
7.712500000000000000e+02
7.714583333333333712e+02
7.716666666666667425e+02
7.718750000000000000e+02
7.720833333333333712e+02
7.722916666666667425e+02
7.725000000000000000e+02
7.727083333333333712e+02
7.729166666666667425e+02
7.731250000000000000e+02
7.733333333333333712e+02
7.735416666666667425e+02
7.737500000000000000e+02
7.739583333333333712e+02
7.741666666666667425e+02
7.743750000000000000e+02
7.745833333333333712e+02
7.747916666666667425e+02
7.750000000000000000e+02
7.752083333333333712e+02
7.754166666666667425e+02
7.756250000000000000e+02
7.758333333333333712e+02
7.760416666666667425e+02
7.762500000000000000e+02
7.764583333333333712e+02
7.766666666666667425e+02
7.768750000000000000e+02
7.770833333333333712e+02
7.772916666666667425e+02
7.775000000000000000e+02
7.777083333333333712e+02
7.779166666666667425e+02
7.781250000000000000e+02
7.783333333333333712e+02
7.785416666666667425e+02
7.787500000000000000e+02
7.789583333333333712e+02
7.791666666666667425e+02
7.793750000000000000e+02
7.795833333333333712e+02
7.797916666666667425e+02
7.800000000000000000e+02
7.802083333333332575e+02
7.804166666666666288e+02
7.806250000000000000e+02
7.808333333333332575e+02
7.810416666666666288e+02
7.812500000000000000e+02
7.814583333333332575e+02
7.816666666666666288e+02
7.818750000000000000e+02
7.820833333333332575e+02
7.822916666666666288e+02
7.825000000000000000e+02
7.827083333333332575e+02
7.829166666666666288e+02
7.831250000000000000e+02
7.833333333333332575e+02
7.835416666666666288e+02
7.837500000000000000e+02
7.839583333333332575e+02
7.841666666666666288e+02
7.843750000000000000e+02
7.845833333333332575e+02
7.847916666666666288e+02
7.850000000000000000e+02
7.852083333333332575e+02
7.854166666666666288e+02
7.856250000000000000e+02
7.858333333333332575e+02
7.860416666666666288e+02
7.862500000000000000e+02
7.864583333333332575e+02
7.866666666666666288e+02
7.868750000000000000e+02
7.870833333333332575e+02
7.872916666666666288e+02
7.875000000000000000e+02
7.877083333333332575e+02
7.879166666666666288e+02
7.881250000000000000e+02
7.883333333333332575e+02
7.885416666666666288e+02
7.887500000000000000e+02
7.889583333333332575e+02
7.891666666666666288e+02
7.893750000000000000e+02
7.895833333333332575e+02
7.897916666666666288e+02
7.900000000000000000e+02
7.902083333333332575e+02
7.904166666666666288e+02
7.906250000000000000e+02
7.908333333333332575e+02
7.910416666666666288e+02
7.912500000000000000e+02
7.914583333333332575e+02
7.916666666666666288e+02
7.918750000000000000e+02
7.920833333333332575e+02
7.922916666666666288e+02
7.925000000000000000e+02
7.927083333333332575e+02
7.929166666666666288e+02
7.931250000000000000e+02
7.933333333333332575e+02
7.935416666666666288e+02
7.937500000000000000e+02
7.939583333333332575e+02
7.941666666666666288e+02
7.943750000000000000e+02
7.945833333333332575e+02
7.947916666666666288e+02
7.950000000000000000e+02
7.952083333333332575e+02
7.954166666666666288e+02
7.956250000000000000e+02
7.958333333333332575e+02
7.960416666666666288e+02
7.962500000000000000e+02
7.964583333333332575e+02
7.966666666666666288e+02
7.968750000000000000e+02
7.970833333333332575e+02
7.972916666666666288e+02
7.975000000000000000e+02
7.977083333333332575e+02
7.979166666666666288e+02
7.981250000000000000e+02
7.983333333333332575e+02
7.985416666666666288e+02
7.987500000000000000e+02
7.989583333333332575e+02
7.991666666666666288e+02
7.993750000000000000e+02
7.995833333333332575e+02
7.997916666666666288e+02
8.000000000000000000e+02
8.002083333333333712e+02
8.004166666666667425e+02
8.006250000000000000e+02
8.008333333333333712e+02
8.010416666666667425e+02
8.012500000000000000e+02
8.014583333333333712e+02
8.016666666666667425e+02
8.018750000000000000e+02
8.020833333333333712e+02
8.022916666666667425e+02
8.025000000000000000e+02
8.027083333333333712e+02
8.029166666666667425e+02
8.031250000000000000e+02
8.033333333333333712e+02
8.035416666666667425e+02
8.037500000000000000e+02
8.039583333333333712e+02
8.041666666666667425e+02
8.043750000000000000e+02
8.045833333333333712e+02
8.047916666666667425e+02
8.050000000000000000e+02
8.052083333333333712e+02
8.054166666666667425e+02
8.056250000000000000e+02
8.058333333333333712e+02
8.060416666666667425e+02
8.062500000000000000e+02
8.064583333333333712e+02
8.066666666666667425e+02
8.068750000000000000e+02
8.070833333333333712e+02
8.072916666666667425e+02
8.075000000000000000e+02
8.077083333333333712e+02
8.079166666666667425e+02
8.081250000000000000e+02
8.083333333333333712e+02
8.085416666666667425e+02
8.087500000000000000e+02
8.089583333333333712e+02
8.091666666666667425e+02
8.093750000000000000e+02
8.095833333333333712e+02
8.097916666666667425e+02
8.100000000000000000e+02
8.102083333333333712e+02
8.104166666666667425e+02
8.106250000000000000e+02
8.108333333333333712e+02
8.110416666666667425e+02
8.112500000000000000e+02
8.114583333333333712e+02
8.116666666666667425e+02
8.118750000000000000e+02
8.120833333333333712e+02
8.122916666666667425e+02
8.125000000000000000e+02
8.127083333333333712e+02
8.129166666666667425e+02
8.131250000000000000e+02
8.133333333333333712e+02
8.135416666666667425e+02
8.137500000000000000e+02
8.139583333333333712e+02
8.141666666666667425e+02
8.143750000000000000e+02
8.145833333333333712e+02
8.147916666666667425e+02
8.150000000000000000e+02
8.152083333333333712e+02
8.154166666666667425e+02
8.156250000000000000e+02
8.158333333333333712e+02
8.160416666666667425e+02
8.162500000000000000e+02
8.164583333333333712e+02
8.166666666666667425e+02
8.168750000000000000e+02
8.170833333333333712e+02
8.172916666666667425e+02
8.175000000000000000e+02
8.177083333333333712e+02
8.179166666666667425e+02
8.181250000000000000e+02
8.183333333333333712e+02
8.185416666666667425e+02
8.187500000000000000e+02
8.189583333333333712e+02
8.191666666666667425e+02
8.193750000000000000e+02
8.195833333333333712e+02
8.197916666666667425e+02
8.200000000000000000e+02
8.202083333333332575e+02
8.204166666666666288e+02
8.206250000000000000e+02
8.208333333333332575e+02
8.210416666666666288e+02
8.212500000000000000e+02
8.214583333333332575e+02
8.216666666666666288e+02
8.218750000000000000e+02
8.220833333333332575e+02
8.222916666666666288e+02
8.225000000000000000e+02
8.227083333333332575e+02
8.229166666666666288e+02
8.231250000000000000e+02
8.233333333333332575e+02
8.235416666666666288e+02
8.237500000000000000e+02
8.239583333333332575e+02
8.241666666666666288e+02
8.243750000000000000e+02
8.245833333333332575e+02
8.247916666666666288e+02
8.250000000000000000e+02
8.252083333333332575e+02
8.254166666666666288e+02
8.256250000000000000e+02
8.258333333333332575e+02
8.260416666666666288e+02
8.262500000000000000e+02
8.264583333333332575e+02
8.266666666666666288e+02
8.268750000000000000e+02
8.270833333333332575e+02
8.272916666666666288e+02
8.275000000000000000e+02
8.277083333333332575e+02
8.279166666666666288e+02
8.281250000000000000e+02
8.283333333333332575e+02
8.285416666666666288e+02
8.287500000000000000e+02
8.289583333333332575e+02
8.291666666666666288e+02
8.293750000000000000e+02
8.295833333333332575e+02
8.297916666666666288e+02
8.300000000000000000e+02
8.302083333333332575e+02
8.304166666666666288e+02
8.306250000000000000e+02
8.308333333333332575e+02
8.310416666666666288e+02
8.312500000000000000e+02
8.314583333333332575e+02
8.316666666666666288e+02
8.318750000000000000e+02
8.320833333333332575e+02
8.322916666666666288e+02
8.325000000000000000e+02
8.327083333333332575e+02
8.329166666666666288e+02
8.331250000000000000e+02
8.333333333333332575e+02
8.335416666666666288e+02
8.337500000000000000e+02
8.339583333333332575e+02
8.341666666666666288e+02
8.343750000000000000e+02
8.345833333333332575e+02
8.347916666666666288e+02
8.350000000000000000e+02
8.352083333333332575e+02
8.354166666666666288e+02
8.356250000000000000e+02
8.358333333333332575e+02
8.360416666666666288e+02
8.362500000000000000e+02
8.364583333333332575e+02
8.366666666666666288e+02
8.368750000000000000e+02
8.370833333333332575e+02
8.372916666666666288e+02
8.375000000000000000e+02
8.377083333333332575e+02
8.379166666666666288e+02
8.381250000000000000e+02
8.383333333333332575e+02
8.385416666666666288e+02
8.387500000000000000e+02
8.389583333333332575e+02
8.391666666666666288e+02
8.393750000000000000e+02
8.395833333333332575e+02
8.397916666666666288e+02
8.400000000000000000e+02
8.402083333333333712e+02
8.404166666666667425e+02
8.406250000000000000e+02
8.408333333333333712e+02
8.410416666666667425e+02
8.412500000000000000e+02
8.414583333333333712e+02
8.416666666666667425e+02
8.418750000000000000e+02
8.420833333333333712e+02
8.422916666666667425e+02
8.425000000000000000e+02
8.427083333333333712e+02
8.429166666666667425e+02
8.431250000000000000e+02
8.433333333333333712e+02
8.435416666666667425e+02
8.437500000000000000e+02
8.439583333333333712e+02
8.441666666666667425e+02
8.443750000000000000e+02
8.445833333333333712e+02
8.447916666666667425e+02
8.450000000000000000e+02
8.452083333333333712e+02
8.454166666666667425e+02
8.456250000000000000e+02
8.458333333333333712e+02
8.460416666666667425e+02
8.462500000000000000e+02
8.464583333333333712e+02
8.466666666666667425e+02
8.468750000000000000e+02
8.470833333333333712e+02
8.472916666666667425e+02
8.475000000000000000e+02
8.477083333333333712e+02
8.479166666666667425e+02
8.481250000000000000e+02
8.483333333333333712e+02
8.485416666666667425e+02
8.487500000000000000e+02
8.489583333333333712e+02
8.491666666666667425e+02
8.493750000000000000e+02
8.495833333333333712e+02
8.497916666666667425e+02
8.500000000000000000e+02
8.502083333333333712e+02
8.504166666666667425e+02
8.506250000000000000e+02
8.508333333333333712e+02
8.510416666666667425e+02
8.512500000000000000e+02
8.514583333333333712e+02
8.516666666666667425e+02
8.518750000000000000e+02
8.520833333333333712e+02
8.522916666666667425e+02
8.525000000000000000e+02
8.527083333333333712e+02
8.529166666666667425e+02
8.531250000000000000e+02
8.533333333333333712e+02
8.535416666666667425e+02
8.537500000000000000e+02
8.539583333333333712e+02
8.541666666666667425e+02
8.543750000000000000e+02
8.545833333333333712e+02
8.547916666666667425e+02
8.550000000000000000e+02
8.552083333333333712e+02
8.554166666666667425e+02
8.556250000000000000e+02
8.558333333333333712e+02
8.560416666666667425e+02
8.562500000000000000e+02
8.564583333333333712e+02
8.566666666666667425e+02
8.568750000000000000e+02
8.570833333333333712e+02
8.572916666666667425e+02
8.575000000000000000e+02
8.577083333333333712e+02
8.579166666666667425e+02
8.581250000000000000e+02
8.583333333333333712e+02
8.585416666666667425e+02
8.587500000000000000e+02
8.589583333333333712e+02
8.591666666666667425e+02
8.593750000000000000e+02
8.595833333333333712e+02
8.597916666666667425e+02
8.600000000000000000e+02
8.602083333333332575e+02
8.604166666666666288e+02
8.606250000000000000e+02
8.608333333333332575e+02
8.610416666666666288e+02
8.612500000000000000e+02
8.614583333333332575e+02
8.616666666666666288e+02
8.618750000000000000e+02
8.620833333333332575e+02
8.622916666666666288e+02
8.625000000000000000e+02
8.627083333333332575e+02
8.629166666666666288e+02
8.631250000000000000e+02
8.633333333333332575e+02
8.635416666666666288e+02
8.637500000000000000e+02
8.639583333333332575e+02
8.641666666666666288e+02
8.643750000000000000e+02
8.645833333333332575e+02
8.647916666666666288e+02
8.650000000000000000e+02
8.652083333333332575e+02
8.654166666666666288e+02
8.656250000000000000e+02
8.658333333333332575e+02
8.660416666666666288e+02
8.662500000000000000e+02
8.664583333333332575e+02
8.666666666666666288e+02
8.668750000000000000e+02
8.670833333333332575e+02
8.672916666666666288e+02
8.675000000000000000e+02
8.677083333333332575e+02
8.679166666666666288e+02
8.681250000000000000e+02
8.683333333333332575e+02
8.685416666666666288e+02
8.687500000000000000e+02
8.689583333333332575e+02
8.691666666666666288e+02
8.693750000000000000e+02
8.695833333333332575e+02
8.697916666666666288e+02
8.700000000000000000e+02
8.702083333333332575e+02
8.704166666666666288e+02
8.706250000000000000e+02
8.708333333333332575e+02
8.710416666666666288e+02
8.712500000000000000e+02
8.714583333333332575e+02
8.716666666666666288e+02
8.718750000000000000e+02
8.720833333333332575e+02
8.722916666666666288e+02
8.725000000000000000e+02
8.727083333333332575e+02
8.729166666666666288e+02
8.731250000000000000e+02
8.733333333333332575e+02
8.735416666666666288e+02
8.737500000000000000e+02
8.739583333333332575e+02
8.741666666666666288e+02
8.743750000000000000e+02
8.745833333333332575e+02
8.747916666666666288e+02
8.750000000000000000e+02
8.752083333333332575e+02
8.754166666666666288e+02
8.756250000000000000e+02
8.758333333333332575e+02
8.760416666666666288e+02
8.762500000000000000e+02
8.764583333333332575e+02
8.766666666666666288e+02
8.768750000000000000e+02
8.770833333333332575e+02
8.772916666666666288e+02
8.775000000000000000e+02
8.777083333333332575e+02
8.779166666666666288e+02
8.781250000000000000e+02
8.783333333333332575e+02
8.785416666666666288e+02
8.787500000000000000e+02
8.789583333333332575e+02
8.791666666666666288e+02
8.793750000000000000e+02
8.795833333333332575e+02
8.797916666666666288e+02
8.800000000000000000e+02
8.802083333333333712e+02
8.804166666666667425e+02
8.806250000000000000e+02
8.808333333333333712e+02
8.810416666666667425e+02
8.812500000000000000e+02
8.814583333333333712e+02
8.816666666666667425e+02
8.818750000000000000e+02
8.820833333333333712e+02
8.822916666666667425e+02
8.825000000000000000e+02
8.827083333333333712e+02
8.829166666666667425e+02
8.831250000000000000e+02
8.833333333333333712e+02
8.835416666666667425e+02
8.837500000000000000e+02
8.839583333333333712e+02
8.841666666666667425e+02
8.843750000000000000e+02
8.845833333333333712e+02
8.847916666666667425e+02
8.850000000000000000e+02
8.852083333333333712e+02
8.854166666666667425e+02
8.856250000000000000e+02
8.858333333333333712e+02
8.860416666666667425e+02
8.862500000000000000e+02
8.864583333333333712e+02
8.866666666666667425e+02
8.868750000000000000e+02
8.870833333333333712e+02
8.872916666666667425e+02
8.875000000000000000e+02
8.877083333333333712e+02
8.879166666666667425e+02
8.881250000000000000e+02
8.883333333333333712e+02
8.885416666666667425e+02
8.887500000000000000e+02
8.889583333333333712e+02
8.891666666666667425e+02
8.893750000000000000e+02
8.895833333333333712e+02
8.897916666666667425e+02
8.900000000000000000e+02
8.902083333333333712e+02
8.904166666666667425e+02
8.906250000000000000e+02
8.908333333333333712e+02
8.910416666666667425e+02
8.912500000000000000e+02
8.914583333333333712e+02
8.916666666666667425e+02
8.918750000000000000e+02
8.920833333333333712e+02
8.922916666666667425e+02
8.925000000000000000e+02
8.927083333333333712e+02
8.929166666666667425e+02
8.931250000000000000e+02
8.933333333333333712e+02
8.935416666666667425e+02
8.937500000000000000e+02
8.939583333333333712e+02
8.941666666666667425e+02
8.943750000000000000e+02
8.945833333333333712e+02
8.947916666666667425e+02
8.950000000000000000e+02
8.952083333333333712e+02
8.954166666666667425e+02
8.956250000000000000e+02
8.958333333333333712e+02
8.960416666666667425e+02
8.962500000000000000e+02
8.964583333333333712e+02
8.966666666666667425e+02
8.968750000000000000e+02
8.970833333333333712e+02
8.972916666666667425e+02
8.975000000000000000e+02
8.977083333333333712e+02
8.979166666666667425e+02
8.981250000000000000e+02
8.983333333333333712e+02
8.985416666666667425e+02
8.987500000000000000e+02
8.989583333333333712e+02
8.991666666666667425e+02
8.993750000000000000e+02
8.995833333333333712e+02
8.997916666666667425e+02
9.000000000000000000e+02
9.002083333333332575e+02
9.004166666666666288e+02
9.006250000000000000e+02
9.008333333333332575e+02
9.010416666666666288e+02
9.012500000000000000e+02
9.014583333333332575e+02
9.016666666666666288e+02
9.018750000000000000e+02
9.020833333333332575e+02
9.022916666666666288e+02
9.025000000000000000e+02
9.027083333333332575e+02
9.029166666666666288e+02
9.031250000000000000e+02
9.033333333333332575e+02
9.035416666666666288e+02
9.037500000000000000e+02
9.039583333333332575e+02
9.041666666666666288e+02
9.043750000000000000e+02
9.045833333333332575e+02
9.047916666666666288e+02
9.050000000000000000e+02
9.052083333333332575e+02
9.054166666666666288e+02
9.056250000000000000e+02
9.058333333333332575e+02
9.060416666666666288e+02
9.062500000000000000e+02
9.064583333333332575e+02
9.066666666666666288e+02
9.068750000000000000e+02
9.070833333333332575e+02
9.072916666666666288e+02
9.075000000000000000e+02
9.077083333333332575e+02
9.079166666666666288e+02
9.081250000000000000e+02
9.083333333333332575e+02
9.085416666666666288e+02
9.087500000000000000e+02
9.089583333333332575e+02
9.091666666666666288e+02
9.093750000000000000e+02
9.095833333333332575e+02
9.097916666666666288e+02
9.100000000000000000e+02
9.102083333333332575e+02
9.104166666666666288e+02
9.106250000000000000e+02
9.108333333333332575e+02
9.110416666666666288e+02
9.112500000000000000e+02
9.114583333333332575e+02
9.116666666666666288e+02
9.118750000000000000e+02
9.120833333333332575e+02
9.122916666666666288e+02
9.125000000000000000e+02
9.127083333333332575e+02
9.129166666666666288e+02
9.131250000000000000e+02
9.133333333333332575e+02
9.135416666666666288e+02
9.137500000000000000e+02
9.139583333333332575e+02
9.141666666666666288e+02
9.143750000000000000e+02
9.145833333333332575e+02
9.147916666666666288e+02
9.150000000000000000e+02
9.152083333333332575e+02
9.154166666666666288e+02
9.156250000000000000e+02
9.158333333333332575e+02
9.160416666666666288e+02
9.162500000000000000e+02
9.164583333333332575e+02
9.166666666666666288e+02
9.168750000000000000e+02
9.170833333333332575e+02
9.172916666666666288e+02
9.175000000000000000e+02
9.177083333333332575e+02
9.179166666666666288e+02
9.181250000000000000e+02
9.183333333333332575e+02
9.185416666666666288e+02
9.187500000000000000e+02
9.189583333333332575e+02
9.191666666666666288e+02
9.193750000000000000e+02
9.195833333333332575e+02
9.197916666666666288e+02
9.200000000000000000e+02
9.202083333333333712e+02
9.204166666666667425e+02
9.206250000000000000e+02
9.208333333333333712e+02
9.210416666666667425e+02
9.212500000000000000e+02
9.214583333333333712e+02
9.216666666666667425e+02
9.218750000000000000e+02
9.220833333333333712e+02
9.222916666666667425e+02
9.225000000000000000e+02
9.227083333333333712e+02
9.229166666666667425e+02
9.231250000000000000e+02
9.233333333333333712e+02
9.235416666666667425e+02
9.237500000000000000e+02
9.239583333333333712e+02
9.241666666666667425e+02
9.243750000000000000e+02
9.245833333333333712e+02
9.247916666666667425e+02
9.250000000000000000e+02
9.252083333333333712e+02
9.254166666666667425e+02
9.256250000000000000e+02
9.258333333333333712e+02
9.260416666666667425e+02
9.262500000000000000e+02
9.264583333333333712e+02
9.266666666666667425e+02
9.268750000000000000e+02
9.270833333333333712e+02
9.272916666666667425e+02
9.275000000000000000e+02
9.277083333333333712e+02
9.279166666666667425e+02
9.281250000000000000e+02
9.283333333333333712e+02
9.285416666666667425e+02
9.287500000000000000e+02
9.289583333333333712e+02
9.291666666666667425e+02
9.293750000000000000e+02
9.295833333333333712e+02
9.297916666666667425e+02
9.300000000000000000e+02
9.302083333333333712e+02
9.304166666666667425e+02
9.306250000000000000e+02
9.308333333333333712e+02
9.310416666666667425e+02
9.312500000000000000e+02
9.314583333333333712e+02
9.316666666666667425e+02
9.318750000000000000e+02
9.320833333333333712e+02
9.322916666666667425e+02
9.325000000000000000e+02
9.327083333333333712e+02
9.329166666666667425e+02
9.331250000000000000e+02
9.333333333333333712e+02
9.335416666666667425e+02
9.337500000000000000e+02
9.339583333333333712e+02
9.341666666666667425e+02
9.343750000000000000e+02
9.345833333333333712e+02
9.347916666666667425e+02
9.350000000000000000e+02
9.352083333333333712e+02
9.354166666666667425e+02
9.356250000000000000e+02
9.358333333333333712e+02
9.360416666666667425e+02
9.362500000000000000e+02
9.364583333333333712e+02
9.366666666666667425e+02
9.368750000000000000e+02
9.370833333333333712e+02
9.372916666666667425e+02
9.375000000000000000e+02
9.377083333333333712e+02
9.379166666666667425e+02
9.381250000000000000e+02
9.383333333333333712e+02
9.385416666666667425e+02
9.387500000000000000e+02
9.389583333333333712e+02
9.391666666666667425e+02
9.393750000000000000e+02
9.395833333333333712e+02
9.397916666666667425e+02
9.400000000000000000e+02
9.402083333333332575e+02
9.404166666666666288e+02
9.406250000000000000e+02
9.408333333333332575e+02
9.410416666666666288e+02
9.412500000000000000e+02
9.414583333333332575e+02
9.416666666666666288e+02
9.418750000000000000e+02
9.420833333333332575e+02
9.422916666666666288e+02
9.425000000000000000e+02
9.427083333333332575e+02
9.429166666666666288e+02
9.431250000000000000e+02
9.433333333333332575e+02
9.435416666666666288e+02
9.437500000000000000e+02
9.439583333333332575e+02
9.441666666666666288e+02
9.443750000000000000e+02
9.445833333333332575e+02
9.447916666666666288e+02
9.450000000000000000e+02
9.452083333333332575e+02
9.454166666666666288e+02
9.456250000000000000e+02
9.458333333333332575e+02
9.460416666666666288e+02
9.462500000000000000e+02
9.464583333333332575e+02
9.466666666666666288e+02
9.468750000000000000e+02
9.470833333333332575e+02
9.472916666666666288e+02
9.475000000000000000e+02
9.477083333333332575e+02
9.479166666666666288e+02
9.481250000000000000e+02
9.483333333333332575e+02
9.485416666666666288e+02
9.487500000000000000e+02
9.489583333333332575e+02
9.491666666666666288e+02
9.493750000000000000e+02
9.495833333333332575e+02
9.497916666666666288e+02
9.500000000000000000e+02
9.502083333333332575e+02
9.504166666666666288e+02
9.506250000000000000e+02
9.508333333333332575e+02
9.510416666666666288e+02
9.512500000000000000e+02
9.514583333333332575e+02
9.516666666666666288e+02
9.518750000000000000e+02
9.520833333333332575e+02
9.522916666666666288e+02
9.525000000000000000e+02
9.527083333333332575e+02
9.529166666666666288e+02
9.531250000000000000e+02
9.533333333333332575e+02
9.535416666666666288e+02
9.537500000000000000e+02
9.539583333333332575e+02
9.541666666666666288e+02
9.543750000000000000e+02
9.545833333333332575e+02
9.547916666666666288e+02
9.550000000000000000e+02
9.552083333333332575e+02
9.554166666666666288e+02
9.556250000000000000e+02
9.558333333333332575e+02
9.560416666666666288e+02
9.562500000000000000e+02
9.564583333333332575e+02
9.566666666666666288e+02
9.568750000000000000e+02
9.570833333333332575e+02
9.572916666666666288e+02
9.575000000000000000e+02
9.577083333333332575e+02
9.579166666666666288e+02
9.581250000000000000e+02
9.583333333333332575e+02
9.585416666666666288e+02
9.587500000000000000e+02
9.589583333333332575e+02
9.591666666666666288e+02
9.593750000000000000e+02
9.595833333333332575e+02
9.597916666666666288e+02
9.600000000000000000e+02
9.602083333333333712e+02
9.604166666666667425e+02
9.606250000000000000e+02
9.608333333333333712e+02
9.610416666666667425e+02
9.612500000000000000e+02
9.614583333333333712e+02
9.616666666666667425e+02
9.618750000000000000e+02
9.620833333333333712e+02
9.622916666666667425e+02
9.625000000000000000e+02
9.627083333333333712e+02
9.629166666666667425e+02
9.631250000000000000e+02
9.633333333333333712e+02
9.635416666666667425e+02
9.637500000000000000e+02
9.639583333333333712e+02
9.641666666666667425e+02
9.643750000000000000e+02
9.645833333333333712e+02
9.647916666666667425e+02
9.650000000000000000e+02
9.652083333333333712e+02
9.654166666666667425e+02
9.656250000000000000e+02
9.658333333333333712e+02
9.660416666666667425e+02
9.662500000000000000e+02
9.664583333333333712e+02
9.666666666666667425e+02
9.668750000000000000e+02
9.670833333333333712e+02
9.672916666666667425e+02
9.675000000000000000e+02
9.677083333333333712e+02
9.679166666666667425e+02
9.681250000000000000e+02
9.683333333333333712e+02
9.685416666666667425e+02
9.687500000000000000e+02
9.689583333333333712e+02
9.691666666666667425e+02
9.693750000000000000e+02
9.695833333333333712e+02
9.697916666666667425e+02
9.700000000000000000e+02
9.702083333333333712e+02
9.704166666666667425e+02
9.706250000000000000e+02
9.708333333333333712e+02
9.710416666666667425e+02
9.712500000000000000e+02
9.714583333333333712e+02
9.716666666666667425e+02
9.718750000000000000e+02
9.720833333333333712e+02
9.722916666666667425e+02
9.725000000000000000e+02
9.727083333333333712e+02
9.729166666666667425e+02
9.731250000000000000e+02
9.733333333333333712e+02
9.735416666666667425e+02
9.737500000000000000e+02
9.739583333333333712e+02
9.741666666666667425e+02
9.743750000000000000e+02
9.745833333333333712e+02
9.747916666666667425e+02
9.750000000000000000e+02
9.752083333333333712e+02
9.754166666666667425e+02
9.756250000000000000e+02
9.758333333333333712e+02
9.760416666666667425e+02
9.762500000000000000e+02
9.764583333333333712e+02
9.766666666666667425e+02
9.768750000000000000e+02
9.770833333333333712e+02
9.772916666666667425e+02
9.775000000000000000e+02
9.777083333333333712e+02
9.779166666666667425e+02
9.781250000000000000e+02
9.783333333333333712e+02
9.785416666666667425e+02
9.787500000000000000e+02
9.789583333333333712e+02
9.791666666666667425e+02
9.793750000000000000e+02
9.795833333333333712e+02
9.797916666666667425e+02
9.800000000000000000e+02
9.802083333333332575e+02
9.804166666666666288e+02
9.806250000000000000e+02
9.807291666666666288e+02
9.808333333333332575e+02
9.809375000000000000e+02
9.810416666666666288e+02
9.811458333333332575e+02
9.812500000000000000e+02
9.813541666666666288e+02
9.814583333333332575e+02
9.815625000000000000e+02
9.816666666666666288e+02
9.817708333333332575e+02
9.818750000000000000e+02
9.819791666666666288e+02
9.820833333333332575e+02
9.821875000000000000e+02
9.822916666666666288e+02
9.823958333333332575e+02
9.825000000000000000e+02
9.826041666666666288e+02
9.827083333333332575e+02
9.828125000000000000e+02
9.829166666666666288e+02
9.830208333333332575e+02
9.831250000000000000e+02
9.832291666666666288e+02
9.833333333333332575e+02
9.834375000000000000e+02
9.835416666666666288e+02
9.836458333333332575e+02
9.837500000000000000e+02
9.838541666666666288e+02
9.839583333333332575e+02
9.840625000000000000e+02
9.841666666666666288e+02
9.842708333333332575e+02
9.843750000000000000e+02
9.844791666666666288e+02
9.845833333333332575e+02
9.846875000000000000e+02
9.847916666666666288e+02
9.848958333333332575e+02
9.850000000000000000e+02
9.851041666666666288e+02
9.852083333333332575e+02
9.853125000000000000e+02
9.854166666666666288e+02
9.855208333333332575e+02
9.856250000000000000e+02
9.857291666666666288e+02
9.858333333333332575e+02
9.859375000000000000e+02
9.860416666666666288e+02
9.861458333333332575e+02
9.862500000000000000e+02
9.863541666666666288e+02
9.864583333333332575e+02
9.865625000000000000e+02
9.866666666666666288e+02
9.867708333333332575e+02
9.868750000000000000e+02
9.869791666666666288e+02
9.870833333333332575e+02
9.871875000000000000e+02
9.872916666666666288e+02
9.873958333333332575e+02
9.875000000000000000e+02
9.876041666666666288e+02
9.877083333333332575e+02
9.878125000000000000e+02
9.879166666666666288e+02
9.880208333333332575e+02
9.881250000000000000e+02
9.882291666666666288e+02
9.883333333333332575e+02
9.884375000000000000e+02
9.885416666666666288e+02
9.886458333333332575e+02
9.887500000000000000e+02
9.888541666666666288e+02
9.889583333333332575e+02
9.890625000000000000e+02
9.891666666666666288e+02
9.892708333333332575e+02
9.893750000000000000e+02
9.894791666666666288e+02
9.895833333333332575e+02
9.896875000000000000e+02
9.897916666666666288e+02
9.898958333333332575e+02
9.900000000000000000e+02
9.901041666666666288e+02
9.902083333333332575e+02
9.903125000000000000e+02
9.904166666666666288e+02
9.905208333333332575e+02
9.906250000000000000e+02
9.907291666666666288e+02
9.908333333333332575e+02
9.909375000000000000e+02
9.910416666666666288e+02
9.911458333333332575e+02
9.912500000000000000e+02
9.913541666666666288e+02
9.914583333333332575e+02
9.915625000000000000e+02
9.916666666666666288e+02
9.917708333333332575e+02
9.918750000000000000e+02
9.919791666666666288e+02
9.920833333333332575e+02
9.921875000000000000e+02
9.922916666666666288e+02
9.923958333333332575e+02
9.925000000000000000e+02
9.926041666666666288e+02
9.927083333333332575e+02
9.928125000000000000e+02
9.929166666666666288e+02
9.930208333333332575e+02
9.931250000000000000e+02
9.932291666666666288e+02
9.933333333333332575e+02
9.934375000000000000e+02
9.935416666666666288e+02
9.936458333333332575e+02
9.937500000000000000e+02
9.938541666666666288e+02
9.939583333333332575e+02
9.940625000000000000e+02
9.941666666666666288e+02
9.942708333333332575e+02
9.943750000000000000e+02
9.944791666666666288e+02
9.945833333333332575e+02
9.946875000000000000e+02
9.947916666666666288e+02
9.948958333333332575e+02
9.950000000000000000e+02
9.951041666666666288e+02
9.952083333333332575e+02
9.953125000000000000e+02
9.954166666666666288e+02
9.955208333333332575e+02
9.956250000000000000e+02
9.957291666666666288e+02
9.958333333333332575e+02
9.959375000000000000e+02
9.960416666666666288e+02
9.961458333333332575e+02
9.962500000000000000e+02
9.963541666666666288e+02
9.964583333333332575e+02
9.965625000000000000e+02
9.966666666666666288e+02
9.967708333333332575e+02
9.968750000000000000e+02
9.969791666666666288e+02
9.970833333333332575e+02
9.971875000000000000e+02
9.972916666666666288e+02
9.973958333333332575e+02
9.975000000000000000e+02
9.976041666666666288e+02
9.977083333333332575e+02
9.978125000000000000e+02
9.979166666666666288e+02
9.980208333333332575e+02
9.981250000000000000e+02
9.982291666666666288e+02
9.983333333333332575e+02
9.984375000000000000e+02
9.985416666666666288e+02
9.986458333333332575e+02
9.987500000000000000e+02
9.988541666666666288e+02
9.989583333333332575e+02
9.990625000000000000e+02
9.991666666666666288e+02
9.992708333333332575e+02
9.993750000000000000e+02
9.994791666666666288e+02
9.995833333333332575e+02
9.996875000000000000e+02
9.997916666666666288e+02
9.998958333333332575e+02
1.000000000000000000e+03
