0.000000000000000000e+00
3.155692700000001118e+07
3.155692700000001118e+07
3.155692700000001118e+07
3.155692700000001118e+07
3.155692700000001118e+07
3.155692700000001118e+07
3.155692700000001118e+07
3.155692700000001118e+07
3.155692700000000745e+07
3.155692700000001118e+07
3.155692700000000745e+07
3.155692700000000745e+07
3.155692700000001118e+07
3.155692700000000745e+07
3.155692700000001118e+07
3.155692700000000745e+07
3.155692700000000745e+07
3.155692700000001118e+07
3.155692700000000745e+07
3.155692700000001118e+07
3.155692700000001118e+07
3.155692700000000373e+07
3.155692700000001118e+07
3.155692700000001118e+07
3.155692700000000745e+07
3.155692700000001118e+07
3.155692700000000745e+07
3.155692700000001118e+07
3.155692700000000745e+07
3.155692700000000745e+07
3.155692700000001118e+07
3.155692700000001118e+07
3.155692700000000745e+07
3.155692700000001118e+07
3.155692700000001118e+07
3.155692700000000745e+07
3.155692700000000745e+07
3.155692700000001118e+07
3.155692700000001118e+07
3.155692700000000745e+07
3.155692700000001118e+07
3.155692700000001118e+07
3.155692700000001118e+07
3.155692700000001118e+07
3.155692700000001118e+07
3.155692700000000745e+07
3.155692700000001118e+07
3.155692700000001118e+07
3.155692700000001118e+07
3.155692700000001118e+07
3.155692700000001118e+07
3.155692700000000745e+07
3.155692700000001118e+07
3.155692700000001118e+07
3.155692700000001118e+07
3.155692700000001118e+07
3.155692700000001118e+07
3.155692700000001118e+07
3.155692700000001118e+07
3.155692700000001118e+07
3.155692700000001118e+07
3.155692700000001118e+07
3.155692700000001118e+07
3.155692700000001118e+07
3.155692700000001118e+07
3.155692700000001118e+07
3.155692700000001118e+07
3.155692700000001118e+07
3.155692700000001118e+07
3.155692700000001118e+07
3.155692700000001118e+07
3.155692700000000745e+07
3.155692700000001118e+07
3.155692700000001118e+07
3.155692700000001118e+07
3.155692700000001118e+07
3.155692700000000745e+07
3.155692700000001118e+07
3.155692700000001118e+07
3.155692700000000745e+07
3.155692700000001118e+07
3.155692700000001118e+07
3.155692700000001118e+07
3.155692700000001118e+07
3.155692700000001118e+07
3.155692700000001118e+07
3.155692700000000745e+07
3.155692700000001118e+07
3.155692700000001118e+07
3.155692700000000745e+07
3.155692700000001118e+07
3.155692700000001118e+07
3.155692700000001118e+07
3.155692700000001118e+07
3.155692700000001118e+07
3.155692700000001118e+07
3.155692700000001118e+07
3.155692700000000745e+07
3.155692700000001118e+07
3.155692700000001118e+07
3.155692700000000745e+07
3.155692700000001118e+07
3.155692700000001118e+07
3.155692700000001118e+07
3.155692700000000745e+07
3.155692700000001118e+07
3.155692700000001118e+07
3.155692700000000745e+07
3.155692700000001118e+07
3.155692700000001118e+07
3.155692700000000745e+07
3.155692700000001118e+07
3.155692700000001118e+07
3.155692700000000745e+07
3.155692700000001118e+07
3.155692700000001118e+07
3.155692700000001118e+07
3.155692700000001118e+07
3.155692700000001118e+07
3.155692700000001118e+07
3.155692700000001118e+07
3.155692700000000745e+07
3.155692700000001118e+07
3.155692700000001118e+07
3.155692700000001118e+07
3.155692700000000745e+07
3.155692700000001118e+07
3.155692700000001118e+07
3.155692700000000745e+07
3.155692700000001118e+07
3.155692700000001118e+07
3.155692700000000745e+07
3.155692700000000745e+07
3.155692700000001118e+07
3.155692700000001118e+07
3.155692700000000745e+07
3.155692700000001118e+07
3.155692700000001118e+07
3.155692700000001118e+07
3.155692700000001118e+07
3.155692700000001118e+07
3.155692700000001118e+07
3.155692700000000745e+07
3.155692700000001118e+07
3.155692700000001118e+07
3.155692700000000373e+07
3.155692700000001118e+07
3.155692700000000745e+07
3.155692700000001118e+07
3.155692700000001118e+07
3.155692700000001118e+07
3.155692700000001118e+07
3.155692700000001118e+07
3.155692700000001118e+07
3.155692700000001118e+07
3.155692700000001118e+07
3.155692700000001118e+07
3.155692700000001118e+07
3.155692700000001118e+07
3.155692700000001118e+07
3.155692700000001118e+07
3.155692700000001118e+07
3.155692700000001118e+07
3.155692700000001118e+07
3.155692700000001118e+07
3.155692700000001118e+07
3.155692700000001118e+07
3.155692700000001118e+07
3.155692700000001118e+07
3.155692700000001118e+07
3.155692700000001118e+07
3.155692700000001118e+07
3.155692700000001118e+07
3.155692700000001118e+07
3.155692700000001118e+07
3.155692700000001118e+07
3.155692700000001118e+07
3.155692700000001118e+07
3.155692700000001118e+07
3.155692700000001118e+07
3.155692700000001118e+07
3.155692700000001118e+07
3.155692700000001118e+07
3.155692700000001118e+07
3.155692700000001118e+07
3.155692700000001118e+07
3.155692700000001118e+07
3.155692700000000745e+07
3.155692700000001118e+07
3.155692700000000745e+07
3.155692700000001118e+07
3.155692700000001118e+07
3.155692700000001118e+07
3.155692700000000373e+07
3.155692700000001118e+07
3.155692700000000745e+07
3.155692700000001118e+07
3.155692700000000745e+07
3.155692700000001118e+07
3.155692700000000373e+07
3.155692700000001118e+07
3.155692700000001118e+07
3.155692700000001118e+07
3.155692700000001118e+07
3.155692700000000745e+07
3.155692700000001118e+07
3.155692700000000373e+07
3.155692700000000745e+07
3.155692700000001118e+07
3.155692700000001118e+07
3.155692700000000745e+07
3.155692700000001118e+07
3.155692700000001118e+07
3.155692700000000745e+07
3.155692700000001118e+07
3.155692700000001118e+07
3.155692700000000745e+07
3.155692700000001118e+07
3.155692700000001118e+07
3.155692700000000745e+07
3.155692700000001118e+07
3.155692700000001118e+07
3.155692700000000745e+07
3.155692700000001118e+07
3.155692700000001118e+07
3.155692700000000745e+07
3.155692700000001118e+07
3.155692700000001118e+07
3.155692700000000745e+07
3.155692700000001118e+07
3.155692700000001118e+07
3.155692700000000745e+07
3.155692700000001118e+07
3.155692700000001118e+07
3.155692700000001118e+07
3.155692700000000745e+07
3.155692700000001118e+07
3.155692700000001118e+07
3.155692700000000745e+07
3.155692700000001118e+07
3.155692700000000745e+07
3.155692700000001118e+07
3.155692700000001118e+07
3.155692700000001118e+07
3.155692700000001118e+07
3.155692700000001118e+07
3.155692700000001118e+07
3.155692700000001118e+07
3.155692700000001118e+07
3.155692700000001118e+07
3.155692700000001118e+07
3.155692700000001118e+07
3.155692700000001118e+07
3.155692700000001118e+07
3.155692700000001118e+07
3.155692700000001118e+07
3.155692700000001118e+07
3.155692700000001118e+07
3.155692700000001118e+07
3.155692700000001118e+07
3.155692700000001118e+07
3.155692700000001118e+07
3.155692700000001118e+07
3.155692700000001118e+07
3.155692700000001118e+07
3.155692700000001118e+07
3.155692700000001118e+07
3.155692700000001118e+07
3.155692700000001118e+07
3.155692700000001118e+07
3.155692700000001118e+07
3.155692700000001118e+07
3.155692700000001118e+07
3.155692700000001118e+07
3.155692700000001118e+07
3.155692700000001118e+07
3.155692700000001118e+07
3.155692700000001118e+07
3.155692700000001118e+07
3.155692700000001118e+07
3.155692700000001118e+07
3.155692700000001118e+07
3.155692700000001118e+07
3.155692700000001118e+07
3.155692700000000745e+07
3.155692700000001118e+07
3.155692700000001118e+07
3.155692700000001118e+07
3.155692700000001118e+07
3.155692700000001118e+07
3.155692700000000745e+07
3.155692700000001118e+07
3.155692700000001118e+07
3.155692700000001118e+07
3.155692700000001118e+07
3.155692700000001118e+07
3.155692700000000745e+07
3.155692700000001118e+07
3.155692700000001118e+07
3.155692700000001118e+07
3.155692700000001118e+07
3.155692700000001118e+07
3.155692700000000745e+07
3.155692700000001118e+07
3.155692700000001118e+07
3.155692700000001118e+07
3.155692700000001118e+07
3.155692700000001118e+07
3.155692700000001118e+07
3.155692700000001118e+07
3.155692700000001118e+07
3.155692700000001118e+07
3.155692700000001118e+07
3.155692700000000745e+07
3.155692700000001118e+07
3.155692700000001118e+07
3.155692700000001118e+07
3.155692700000001118e+07
3.155692700000001118e+07
3.155692700000001118e+07
3.155692700000001118e+07
3.155692700000001118e+07
3.155692700000001118e+07
3.155692700000000745e+07
3.155692700000001118e+07
3.155692700000001118e+07
3.155692700000001118e+07
3.155692700000001118e+07
3.155692700000001118e+07
3.155692700000001118e+07
3.155692700000001118e+07
3.155692700000001118e+07
3.155692700000001118e+07
3.155692700000001118e+07
3.155692700000001118e+07
3.155692700000001118e+07
3.155692700000001118e+07
3.155692700000001118e+07
3.155692700000000745e+07
3.155692700000001118e+07
3.155692700000001118e+07
3.155692700000001118e+07
3.155692700000001118e+07
3.155692700000001118e+07
3.155692700000000745e+07
3.155692700000001118e+07
3.155692700000001118e+07
3.155692700000001118e+07
3.155692700000001118e+07
3.155692700000001118e+07
3.155692700000000745e+07
3.155692700000001118e+07
3.155692700000001118e+07
3.155692700000001118e+07
3.155692700000001118e+07
3.155692700000001118e+07
3.155692700000001118e+07
3.155692700000001118e+07
3.155692700000001118e+07
3.155692700000000745e+07
3.155692700000001118e+07
3.155692700000001118e+07
3.155692700000000745e+07
3.155692700000001118e+07
3.155692700000001118e+07
3.155692700000000745e+07
3.155692700000001118e+07
3.155692700000001118e+07
3.155692700000000745e+07
3.155692700000001118e+07
3.155692700000001118e+07
3.155692700000000745e+07
3.155692700000001118e+07
3.155692700000001118e+07
3.155692700000001118e+07
3.155692700000001118e+07
3.155692700000001118e+07
3.155692700000000745e+07
3.155692700000001118e+07
3.155692700000001118e+07
3.155692700000001118e+07
3.155692700000001118e+07
3.155692700000001118e+07
3.155692700000000745e+07
3.155692700000001118e+07
3.155692700000001118e+07
3.155692700000001118e+07
3.155692700000001118e+07
3.155692700000001118e+07
3.155692700000000745e+07
3.155692700000001118e+07
3.155692700000001118e+07
3.155692700000001118e+07
3.155692700000001118e+07
3.155692700000001118e+07
3.155692700000000745e+07
3.155692700000001118e+07
3.155692700000001118e+07
3.155692700000001118e+07
3.155692700000001118e+07
3.155692700000001118e+07
3.155692700000000745e+07
3.155692700000001118e+07
3.155692700000001118e+07
3.155692700000001118e+07
3.155692700000001118e+07
3.155692700000001118e+07
3.155692700000000745e+07
3.155692700000001118e+07
3.155692700000001118e+07
3.155692700000001118e+07
3.155692700000001118e+07
3.155692700000001118e+07
3.155692700000000745e+07
3.155692700000001118e+07
3.155692700000001118e+07
3.155692700000001118e+07
3.155692700000001118e+07
3.155692700000001118e+07
3.155692700000001118e+07
3.155692700000001118e+07
3.155692700000000745e+07
3.155692700000001118e+07
3.155692700000001118e+07
3.155692700000001118e+07
3.155692700000001118e+07
3.155692700000001118e+07
3.155692700000000745e+07
3.155692700000001118e+07
3.155692700000001118e+07
3.155692700000001118e+07
3.155692700000001118e+07
3.155692700000001118e+07
3.155692700000000745e+07
3.155692700000001118e+07
3.155692700000001118e+07
3.155692700000001118e+07
3.155692700000001118e+07
3.155692700000001118e+07
3.155692700000000745e+07
3.155692700000001118e+07
3.155692700000001118e+07
3.155692700000001118e+07
3.155692700000001118e+07
3.155692700000001118e+07
3.155692700000000745e+07
3.155692700000001118e+07
3.155692700000001118e+07
3.155692700000001118e+07
3.155692700000001118e+07
3.155692700000001118e+07
3.155692700000000745e+07
3.155692700000001118e+07
3.155692700000001118e+07
3.155692700000001118e+07
3.155692700000001118e+07
3.155692700000001118e+07
3.155692700000001118e+07
3.155692700000001118e+07
3.155692700000001118e+07
3.155692700000001118e+07
3.155692700000001118e+07
3.155692700000001118e+07
3.155692700000001118e+07
3.155692700000001118e+07
3.155692700000001118e+07
3.155692700000001118e+07
3.155692700000001118e+07
3.155692700000001118e+07
3.155692700000001118e+07
3.155692700000001118e+07
3.155692700000001118e+07
3.155692700000001118e+07
3.155692700000001118e+07
3.155692700000001118e+07
3.155692700000001118e+07
3.155692700000001118e+07
3.155692700000001118e+07
3.155692700000001118e+07
3.155692700000001118e+07
3.155692700000001118e+07
3.155692700000000745e+07
3.155692700000001118e+07
3.155692700000001118e+07
3.155692700000001118e+07
3.155692700000001118e+07
3.155692700000001118e+07
3.155692700000000745e+07
3.155692700000001118e+07
3.155692700000001118e+07
3.155692700000001118e+07
3.155692700000001118e+07
3.155692700000001118e+07
3.155692700000000745e+07
3.155692700000000745e+07
3.155692700000001118e+07
3.155692700000001118e+07
3.155692700000001118e+07
3.155692700000001118e+07
3.155692700000000745e+07
3.155692700000000745e+07
3.155692700000001118e+07
3.155692700000001118e+07
3.155692700000001118e+07
3.155692700000001118e+07
3.155692700000000745e+07
3.155692700000000745e+07
3.155692700000001118e+07
3.155692700000001118e+07
3.155692700000001118e+07
3.155692700000000745e+07
3.155692700000001118e+07
3.155692700000000745e+07
3.155692700000000745e+07
3.155692700000000745e+07
3.155692700000000745e+07
3.155692700000000745e+07
3.155692700000001118e+07
3.155692700000001118e+07
3.155692700000001118e+07
3.155692700000001118e+07
3.155692700000000745e+07
3.155692700000001118e+07
3.155692700000001118e+07
3.155692700000001118e+07
3.155692700000001118e+07
3.155692700000001118e+07
3.155692700000000745e+07
3.155692700000000745e+07
3.155692700000000745e+07
3.155692700000001118e+07
3.155692700000001118e+07
3.155692700000001118e+07
3.155692700000000745e+07
3.155692700000000745e+07
3.155692700000000745e+07
3.155692700000001118e+07
3.155692700000001118e+07
3.155692700000001118e+07
3.155692700000000745e+07
3.155692700000000373e+07
3.155692700000000745e+07
3.155692700000001118e+07
3.155692700000001118e+07
3.155692700000001118e+07
3.155692700000000745e+07
3.155692700000000745e+07
3.155692700000001118e+07
3.155692700000001118e+07
3.155692700000001118e+07
3.155692700000001118e+07
3.155692700000000745e+07
3.155692700000000745e+07
3.155692700000001118e+07
3.155692700000001118e+07
3.155692700000001118e+07
3.155692700000001118e+07
3.155692700000000745e+07
3.155692700000000745e+07
3.155692700000001118e+07
3.155692700000001118e+07
3.155692700000001118e+07
3.155692700000001118e+07
3.155692700000000745e+07
3.155692700000000745e+07
3.155692700000001118e+07
3.155692700000000745e+07
3.155692700000001118e+07
3.155692700000001118e+07
3.155692700000000745e+07
3.155692700000000745e+07
3.155692700000001118e+07
3.155692700000000745e+07
3.155692700000001118e+07
3.155692700000001118e+07
3.155692700000000745e+07
3.155692700000000745e+07
3.155692700000001118e+07
3.155692700000000745e+07
3.155692700000001118e+07
3.155692700000001118e+07
3.155692700000000745e+07
3.155692700000000745e+07
3.155692700000001118e+07
3.155692700000001118e+07
3.155692700000001118e+07
3.155692700000001118e+07
3.155692700000000745e+07
3.155692700000000745e+07
3.155692700000001118e+07
3.155692700000001118e+07
3.155692700000001118e+07
3.155692700000001118e+07
3.155692700000000745e+07
3.155692700000000745e+07
3.155692700000001118e+07
3.155692700000001118e+07
3.155692700000001118e+07
3.155692700000001118e+07
3.155692700000000745e+07
3.155692700000000745e+07
3.155692700000001118e+07
3.155692700000001118e+07
3.155692700000001118e+07
3.155692700000001118e+07
3.155692700000000745e+07
3.155692700000000745e+07
3.155692700000001118e+07
3.155692700000001118e+07
3.155692700000001118e+07
3.155692700000001118e+07
3.155692700000001118e+07
3.155692700000001118e+07
3.155692700000000745e+07
3.155692700000000745e+07
3.155692700000001118e+07
3.155692700000001118e+07
3.155692700000001118e+07
3.155692700000001118e+07
3.155692700000000745e+07
3.155692700000000745e+07
3.155692700000001118e+07
3.155692700000001118e+07
3.155692700000001118e+07
3.155692700000001118e+07
3.155692700000000745e+07
3.155692700000000745e+07
3.155692700000001118e+07
3.155692700000001118e+07
3.155692700000001118e+07
3.155692700000001118e+07
3.155692700000000745e+07
3.155692700000000745e+07
3.155692700000001118e+07
3.155692700000001118e+07
3.155692700000001118e+07
3.155692700000001118e+07
3.155692700000000745e+07
3.155692700000000745e+07
3.155692700000001118e+07
3.155692700000001118e+07
3.155692700000001118e+07
3.155692700000001118e+07
3.155692700000000745e+07
3.155692700000000745e+07
3.155692700000001118e+07
3.155692700000001118e+07
3.155692700000001118e+07
3.155692700000001118e+07
3.155692700000000745e+07
3.155692700000000745e+07
3.155692700000001118e+07
3.155692700000001118e+07
3.155692700000001118e+07
3.155692700000001118e+07
3.155692700000000745e+07
3.155692700000000373e+07
3.155692700000000745e+07
3.155692700000001118e+07
3.155692700000001118e+07
3.155692700000001118e+07
3.155692700000000745e+07
3.155692700000000373e+07
3.155692700000000745e+07
3.155692700000001118e+07
3.155692700000001118e+07
3.155692700000001118e+07
3.155692700000000745e+07
3.155692700000000745e+07
3.155692700000001118e+07
3.155692700000001118e+07
3.155692700000001118e+07
3.155692700000001118e+07
3.155692700000000745e+07
3.155692700000000745e+07
3.155692700000001118e+07
3.155692700000001118e+07
3.155692700000001118e+07
3.155692700000001118e+07
3.155692700000000745e+07
3.155692700000000745e+07
3.155692700000001118e+07
3.155692700000001118e+07
3.155692700000001118e+07
3.155692700000001118e+07
3.155692700000000745e+07
3.155692700000000745e+07
3.155692700000001118e+07
3.155692700000001118e+07
3.155692700000001118e+07
3.155692700000001118e+07
3.155692700000000745e+07
3.155692700000000745e+07
3.155692700000001118e+07
3.155692700000001118e+07
3.155692700000001118e+07
3.155692700000001118e+07
3.155692700000000745e+07
3.155692700000000745e+07
3.155692700000001118e+07
3.155692700000001118e+07
3.155692700000001118e+07
3.155692700000000745e+07
3.155692700000001118e+07
3.155692700000000745e+07
3.155692700000000745e+07
3.155692700000000745e+07
3.155692700000000745e+07
3.155692700000000745e+07
3.155692700000001118e+07
3.155692700000001118e+07
3.155692700000001118e+07
3.155692700000001118e+07
3.155692700000000745e+07
3.155692700000000745e+07
3.155692700000001118e+07
3.155692700000001118e+07
3.155692700000001118e+07
3.155692700000001118e+07
3.155692700000000745e+07
3.155692700000000745e+07
3.155692700000001118e+07
3.155692700000001118e+07
3.155692700000001118e+07
3.155692700000001118e+07
3.155692700000000745e+07
3.155692700000000745e+07
3.155692700000001118e+07
3.155692700000001118e+07
3.155692700000001118e+07
3.155692700000001118e+07
3.155692700000000745e+07
3.155692700000000745e+07
3.155692700000001118e+07
3.155692700000001118e+07
3.155692700000001118e+07
3.155692700000001118e+07
3.155692700000000745e+07
3.155692700000000745e+07
3.155692700000001118e+07
3.155692700000001118e+07
3.155692700000001118e+07
3.155692700000001118e+07
3.155692700000000745e+07
3.155692700000000745e+07
3.155692700000001118e+07
3.155692700000001118e+07
3.155692700000001118e+07
3.155692700000001118e+07
3.155692700000000745e+07
3.155692700000000745e+07
3.155692700000001118e+07
3.155692700000001118e+07
3.155692700000001118e+07
3.155692700000001118e+07
3.155692700000000745e+07
3.155692700000000745e+07
3.155692700000001118e+07
3.155692700000001118e+07
3.155692700000001118e+07
3.155692700000001118e+07
3.155692700000000745e+07
3.155692700000000745e+07
3.155692700000001118e+07
3.155692700000001118e+07
3.155692700000001118e+07
3.155692700000001118e+07
3.155692700000000745e+07
3.155692700000000745e+07
3.155692700000001118e+07
3.155692700000001118e+07
3.155692700000001118e+07
3.155692700000001118e+07
3.155692700000000745e+07
3.155692700000000745e+07
3.155692700000001118e+07
3.155692700000001118e+07
3.155692700000001118e+07
3.155692700000001118e+07
3.155692700000000745e+07
3.155692700000000745e+07
3.155692700000001118e+07
3.155692700000001118e+07
3.155692700000001118e+07
3.155692700000001118e+07
3.155692700000000745e+07
3.155692700000000745e+07
3.155692700000001118e+07
3.155692700000001118e+07
3.155692700000001118e+07
3.155692700000001118e+07
3.155692700000000745e+07
3.155692700000000745e+07
3.155692700000001118e+07
3.155692700000001118e+07
3.155692700000001118e+07
3.155692700000001118e+07
3.155692700000000745e+07
3.155692700000000745e+07
3.155692700000001118e+07
3.155692700000001118e+07
3.155692700000001118e+07
3.155692700000001118e+07
3.155692700000000745e+07
3.155692700000001118e+07
3.155692700000000745e+07
3.155692700000001118e+07
3.155692700000001118e+07
3.155692700000001118e+07
3.155692700000000745e+07
3.155692700000001118e+07
3.155692700000000745e+07
3.155692700000001118e+07
3.155692700000001118e+07
3.155692700000001118e+07
3.155692700000000745e+07
3.155692700000001118e+07
3.155692700000000745e+07
3.155692700000001118e+07
3.155692700000001118e+07
3.155692700000001118e+07
3.155692700000001118e+07
3.155692700000001118e+07
3.155692700000000745e+07
3.155692700000001118e+07
3.155692700000001118e+07
3.155692700000001118e+07
3.155692700000001118e+07
3.155692700000001118e+07
3.155692700000000745e+07
3.155692700000001118e+07
3.155692700000001118e+07
3.155692700000001118e+07
3.155692700000001118e+07
3.155692700000001118e+07
3.155692700000000745e+07
3.155692700000001118e+07
3.155692700000001118e+07
3.155692700000001118e+07
3.155692700000001118e+07
3.155692700000001118e+07
3.155692700000000745e+07
3.155692700000001118e+07
3.155692700000001118e+07
3.155692700000001118e+07
3.155692700000001118e+07
3.155692700000001118e+07
3.155692700000000745e+07
3.155692700000001118e+07
3.155692700000001118e+07
3.155692700000001118e+07
3.155692700000001118e+07
3.155692700000001118e+07
3.155692700000000745e+07
3.155692700000001118e+07
3.155692700000001118e+07
3.155692700000000745e+07
3.155692700000001118e+07
3.155692700000001118e+07
3.155692700000000745e+07
3.155692700000001118e+07
3.155692700000001118e+07
3.155692700000000745e+07
3.155692700000001118e+07
3.155692700000001118e+07
3.155692700000000745e+07
3.155692700000001118e+07
3.155692700000001118e+07
3.155692700000000745e+07
3.155692700000001118e+07
3.155692700000001118e+07
3.155692700000000745e+07
3.155692700000001118e+07
3.155692700000001118e+07
3.155692700000000745e+07
3.155692700000000745e+07
3.155692700000001118e+07
3.155692700000000745e+07
3.155692700000001118e+07
3.155692700000001118e+07
3.155692700000000745e+07
3.155692700000001118e+07
3.155692700000001118e+07
3.155692700000000745e+07
3.155692700000001118e+07
3.155692700000001118e+07
3.155692700000000745e+07
3.155692700000001118e+07
3.155692700000001118e+07
3.155692700000000745e+07
3.155692700000001118e+07
3.155692700000001118e+07
3.155692700000000745e+07
3.155692700000001118e+07
3.155692700000001118e+07
3.155692700000000745e+07
3.155692700000001118e+07
3.155692700000001118e+07
3.155692700000001118e+07
3.155692700000000745e+07
3.155692700000001118e+07
3.155692700000001118e+07
3.155692700000000745e+07
3.155692700000001118e+07
3.155692700000001118e+07
3.155692700000000745e+07
3.155692700000001118e+07
3.155692700000001118e+07
3.155692700000000745e+07
3.155692700000001118e+07
3.155692700000001118e+07
3.155692700000000745e+07
3.155692700000001118e+07
3.155692700000001118e+07
3.155692700000000745e+07
3.155692700000001118e+07
3.155692700000001118e+07
3.155692700000000745e+07
3.155692700000000745e+07
3.155692700000001118e+07
3.155692700000000745e+07
3.155692700000001118e+07
3.155692700000001118e+07
3.155692700000000745e+07
3.155692700000000745e+07
3.155692700000001118e+07
3.155692700000000745e+07
3.155692700000001118e+07
3.155692700000001118e+07
3.155692700000000745e+07
3.155692700000000745e+07
3.155692700000001118e+07
3.155692700000000745e+07
3.155692700000001118e+07
3.155692700000001118e+07
3.155692700000000745e+07
3.155692700000000745e+07
3.155692700000001118e+07
3.155692700000000745e+07
3.155692700000001118e+07
3.155692700000001118e+07
3.155692700000000745e+07
3.155692700000000745e+07
3.155692700000001118e+07
3.155692700000000745e+07
3.155692700000001118e+07
3.155692700000001118e+07
3.155692700000000745e+07
3.155692700000000745e+07
3.155692700000001118e+07
3.155692700000000745e+07
3.155692700000001118e+07
3.155692700000001118e+07
3.155692700000000745e+07
3.155692700000000745e+07
3.155692700000001118e+07
3.155692700000000745e+07
3.155692700000001118e+07
3.155692700000001118e+07
3.155692700000000745e+07
3.155692700000001118e+07
3.155692700000001118e+07
3.155692700000000745e+07
3.155692700000001118e+07
3.155692700000001118e+07
3.155692700000000745e+07
3.155692700000000745e+07
3.155692700000001118e+07
3.155692700000000745e+07
3.155692700000001118e+07
3.155692700000001118e+07
3.155692700000000745e+07
3.155692700000000745e+07
3.155692700000001118e+07
3.155692700000000745e+07
3.155692700000001118e+07
3.155692700000001118e+07
3.155692700000000745e+07
3.155692700000001118e+07
3.155692700000001118e+07
3.155692700000000745e+07
3.155692700000000745e+07
3.155692700000001118e+07
3.155692700000000745e+07
3.155692700000001118e+07
3.155692700000001118e+07
3.155692700000000745e+07
3.155692700000000745e+07
3.155692700000001118e+07
3.155692700000000745e+07
3.155692700000001118e+07
3.155692700000001118e+07
3.155692700000001118e+07
3.155692700000000745e+07
3.155692700000000745e+07
3.155692700000000745e+07
3.155692700000001118e+07
3.155692700000000745e+07
3.155692700000001118e+07
3.155692700000001118e+07
3.155692700000000745e+07
3.155692700000000745e+07
3.155692700000001118e+07
3.155692700000000745e+07
3.155692700000001118e+07
3.155692700000001118e+07
3.155692700000000745e+07
3.155692700000000745e+07
3.155692700000001118e+07
3.155692700000000745e+07
3.155692700000001118e+07
3.155692700000001118e+07
3.155692700000000745e+07
3.155692700000000745e+07
3.155692700000001118e+07
3.155692700000000745e+07
3.155692700000001118e+07
3.155692700000001118e+07
3.155692700000000745e+07
3.155692700000000745e+07
3.155692700000001118e+07
3.155692700000000745e+07
3.155692700000001118e+07
3.155692700000001118e+07
3.155692700000000745e+07
3.155692700000000745e+07
3.155692700000001118e+07
3.155692700000000745e+07
3.155692700000001118e+07
3.155692700000001118e+07
3.155692700000000745e+07
3.155692700000000745e+07
3.155692700000001118e+07
3.155692700000000745e+07
3.155692700000001118e+07
3.155692700000001118e+07
3.155692700000000745e+07
3.155692700000000745e+07
3.155692700000001118e+07
3.155692700000000745e+07
3.155692700000001118e+07
3.155692700000001118e+07
3.155692700000000745e+07
3.155692700000000745e+07
3.155692700000001118e+07
3.155692700000000745e+07
3.155692700000001118e+07
3.155692700000001118e+07
3.155692700000000745e+07
3.155692700000000745e+07
3.155692700000001118e+07
3.155692700000000745e+07
3.155692700000001118e+07
3.155692700000001118e+07
3.155692700000000745e+07
3.155692700000000745e+07
3.155692700000001118e+07
3.155692700000000745e+07
3.155692700000001118e+07
3.155692700000001118e+07
3.155692700000000745e+07
3.155692700000000745e+07
3.155692700000001118e+07
3.155692700000000745e+07
3.155692700000001118e+07
3.155692700000001118e+07
3.155692700000000745e+07
3.155692700000000745e+07
3.155692700000001118e+07
3.155692700000000745e+07
3.155692700000001118e+07
3.155692700000001118e+07
3.155692700000000745e+07
3.155692700000000745e+07
3.155692700000001118e+07
3.155692700000000745e+07
3.155692700000001118e+07
3.155692700000001118e+07
3.155692700000000745e+07
3.155692700000000745e+07
3.155692700000001118e+07
3.155692700000000745e+07
3.155692700000001118e+07
3.155692700000001118e+07
3.155692700000000745e+07
3.155692700000000745e+07
3.155692700000001118e+07
3.155692700000001118e+07
3.155692700000001118e+07
3.155692700000000745e+07
3.155692700000001118e+07
3.155692700000000745e+07
3.155692700000001118e+07
3.155692700000001118e+07
3.155692700000000745e+07
3.155692700000000745e+07
3.155692700000001118e+07
3.155692700000000745e+07
3.155692700000001118e+07
3.155692700000001118e+07
3.155692700000000745e+07
3.155692700000000745e+07
3.155692700000001118e+07
3.155692700000000745e+07
3.155692700000001118e+07
3.155692700000001118e+07
3.155692700000000745e+07
3.155692700000001118e+07
3.155692700000001118e+07
3.155692700000000745e+07
3.155692700000001118e+07
3.155692700000001118e+07
3.155692700000000745e+07
3.155692700000001118e+07
3.155692700000001118e+07
3.155692700000000745e+07
3.155692700000001118e+07
3.155692700000001118e+07
3.155692700000000745e+07
3.155692700000001118e+07
3.155692700000001118e+07
3.155692700000000745e+07
3.155692700000001118e+07
3.155692700000001118e+07
3.155692700000000745e+07
3.155692700000001118e+07
3.155692700000001118e+07
3.155692700000000745e+07
3.155692700000001118e+07
3.155692700000001118e+07
3.155692700000000745e+07
3.155692700000001118e+07
3.155692700000001118e+07
3.155692700000000745e+07
3.155692700000001118e+07
3.155692700000001118e+07
3.155692700000000745e+07
3.155692700000001118e+07
3.155692700000001118e+07
3.155692700000000745e+07
3.155692700000001118e+07
3.155692700000001118e+07
3.155692700000000745e+07
3.155692700000001118e+07
3.155692700000001118e+07
3.155692700000000745e+07
3.155692700000001118e+07
3.155692700000001118e+07
3.155692700000000745e+07
3.155692700000001118e+07
3.155692700000001118e+07
3.155692700000000745e+07
3.155692700000001118e+07
3.155692700000001118e+07
3.155692700000000745e+07
3.155692700000001118e+07
3.155692700000001118e+07
3.155692700000000745e+07
3.155692700000001118e+07
3.155692700000001118e+07
3.155692700000000745e+07
3.155692700000001118e+07
3.155692700000001118e+07
3.155692700000000745e+07
3.155692700000001118e+07
3.155692700000001118e+07
3.155692700000000745e+07
3.155692700000001118e+07
3.155692700000001118e+07
3.155692700000000745e+07
3.155692700000001118e+07
3.155692700000001118e+07
3.155692700000000745e+07
3.155692700000001118e+07
3.155692700000001118e+07
3.155692700000000745e+07
3.155692700000001118e+07
3.155692700000001118e+07
3.155692700000000745e+07
3.155692700000001118e+07
3.155692700000001118e+07
3.155692700000000745e+07
3.155692700000001118e+07
3.155692700000001118e+07
3.155692700000001118e+07
3.155692700000001118e+07
3.155692700000001118e+07
3.155692700000001118e+07
3.155692700000001118e+07
3.155692700000000745e+07
3.155692700000001118e+07
3.155692700000001118e+07
3.155692700000000745e+07
3.155692700000001118e+07
3.155692700000001118e+07
3.155692700000001118e+07
3.155692700000001118e+07
3.155692700000001118e+07
3.155692700000000745e+07
3.155692700000001118e+07
3.155692700000001118e+07
3.155692700000001118e+07
3.155692700000001118e+07
3.155692700000001118e+07
3.155692700000000745e+07
3.155692700000001118e+07
3.155692700000001118e+07
3.155692700000001118e+07
3.155692700000001118e+07
3.155692700000001118e+07
3.155692700000000745e+07
3.155692700000001118e+07
3.155692700000001118e+07
3.155692700000001118e+07
3.155692700000001118e+07
3.155692700000001118e+07
3.155692700000000745e+07
3.155692700000001118e+07
3.155692700000001118e+07
3.155692700000001118e+07
3.155692700000001118e+07
3.155692700000001118e+07
3.155692700000000745e+07
3.155692700000001118e+07
3.155692700000001118e+07
3.155692700000001118e+07
3.155692700000001118e+07
3.155692700000001118e+07
3.155692700000000745e+07
3.155692700000001118e+07
3.155692700000001118e+07
3.155692700000001118e+07
3.155692700000001118e+07
3.155692700000001118e+07
3.155692700000000745e+07
3.155692700000001118e+07
3.155692700000001118e+07
3.155692700000001118e+07
3.155692700000001118e+07
3.155692700000001118e+07
3.155692700000000745e+07
3.155692700000001118e+07
3.155692700000001118e+07
3.155692700000001118e+07
3.155692700000001118e+07
3.155692700000001118e+07
3.155692700000000745e+07
3.155692700000001118e+07
3.155692700000001118e+07
3.155692700000001118e+07
3.155692700000001118e+07
3.155692700000001118e+07
3.155692700000000745e+07
3.155692700000001118e+07
3.155692700000001118e+07
3.155692700000001118e+07
3.155692700000001118e+07
3.155692700000001118e+07
3.155692700000000745e+07
3.155692700000001118e+07
3.155692700000001118e+07
3.155692700000001118e+07
3.155692700000001118e+07
3.155692700000001118e+07
3.155692700000000745e+07
3.155692700000001118e+07
3.155692700000001118e+07
3.155692700000001118e+07
3.155692700000001118e+07
3.155692700000001118e+07
3.155692700000000745e+07
3.155692700000000745e+07
3.155692700000000745e+07
3.155692700000001118e+07
3.155692700000001118e+07
3.155692700000001118e+07
3.155692700000001118e+07
3.155692700000000745e+07
3.155692700000001118e+07
3.155692700000001118e+07
3.155692700000001118e+07
3.155692700000001118e+07
3.155692700000001118e+07
3.155692700000001118e+07
3.155692700000001118e+07
3.155692700000001118e+07
3.155692700000000745e+07
3.155692700000001118e+07
3.155692700000000745e+07
3.155692700000000745e+07
3.155692700000000745e+07
3.155692700000001118e+07
3.155692700000000745e+07
3.155692700000001118e+07
3.155692700000000745e+07
3.155692700000001118e+07
3.155692700000001118e+07
3.155692700000000745e+07
3.155692700000001118e+07
3.155692700000001118e+07
3.155692700000000745e+07
3.155692700000000745e+07
3.155692700000000745e+07
3.155692700000001118e+07
3.155692700000000745e+07
3.155692700000001118e+07
3.155692700000000745e+07
3.155692700000001118e+07
3.155692700000001118e+07
3.155692700000000745e+07
3.155692700000000745e+07
3.155692700000001118e+07
3.155692700000000745e+07
3.155692700000000745e+07
3.155692700000000745e+07
3.155692700000001118e+07
3.155692700000000745e+07
3.155692700000001118e+07
3.155692700000000745e+07
3.155692700000000745e+07
3.155692700000000745e+07
3.155692700000001118e+07
3.155692700000000745e+07
3.155692700000001118e+07
3.155692700000000745e+07
3.155692700000001118e+07
3.155692700000001118e+07
3.155692700000000745e+07
3.155692700000000745e+07
3.155692700000001118e+07
3.155692700000000745e+07
3.155692700000000745e+07
3.155692700000000745e+07
3.155692700000001118e+07
3.155692700000000745e+07
3.155692700000001118e+07
3.155692700000000745e+07
3.155692700000001118e+07
3.155692700000001118e+07
3.155692700000000745e+07
3.155692700000000745e+07
3.155692700000001118e+07
3.155692700000000745e+07
3.155692700000001118e+07
3.155692700000001118e+07
3.155692700000000745e+07
3.155692700000000745e+07
3.155692700000001118e+07
3.155692700000000745e+07
3.155692700000001118e+07
3.155692700000001118e+07
3.155692700000000745e+07
3.155692700000000745e+07
3.155692700000001118e+07
3.155692700000000745e+07
3.155692700000000745e+07
3.155692700000000745e+07
3.155692700000001118e+07
3.155692700000000745e+07
3.155692700000001118e+07
3.155692700000000745e+07
3.155692700000000745e+07
3.155692700000000745e+07
3.155692700000001118e+07
3.155692700000000373e+07
3.155692700000001118e+07
3.155692700000000745e+07
3.155692700000000745e+07
3.155692700000000745e+07
3.155692700000001118e+07
3.155692700000000373e+07
3.155692700000001118e+07
3.155692700000000745e+07
3.155692700000000745e+07
3.155692700000000745e+07
3.155692700000000745e+07
3.155692700000000745e+07
3.155692700000001118e+07
3.155692700000000745e+07
3.155692700000000745e+07
3.155692700000000745e+07
3.155692700000000745e+07
3.155692700000000745e+07
3.155692700000000745e+07
3.155692700000000745e+07
3.155692700000000745e+07
3.155692700000001118e+07
3.155692700000001118e+07
3.155692700000000745e+07
3.155692700000001118e+07
3.155692700000000745e+07
3.155692700000000745e+07
3.155692700000001118e+07
3.155692700000000745e+07
3.155692700000000373e+07
3.155692700000000745e+07
3.155692700000000745e+07
3.155692700000000745e+07
3.155692700000001118e+07
3.155692700000001118e+07
3.155692700000000373e+07
3.155692700000000745e+07
3.155692700000000745e+07
3.155692700000000745e+07
3.155692700000001118e+07
3.155692700000001118e+07
3.155692700000000373e+07
3.155692700000000745e+07
3.155692700000000745e+07
3.155692700000000745e+07
3.155692700000001118e+07
3.155692700000000745e+07
3.155692700000000745e+07
3.155692700000001118e+07
3.155692700000000745e+07
3.155692700000000745e+07
3.155692700000001118e+07
3.155692700000001118e+07
3.155692700000000745e+07
3.155692700000001118e+07
3.155692700000000745e+07
3.155692700000000745e+07
3.155692700000001118e+07
3.155692700000001118e+07
3.155692700000000373e+07
3.155692700000000745e+07
3.155692700000000745e+07
3.155692700000000745e+07
3.155692700000001118e+07
3.155692700000001118e+07
3.155692700000000373e+07
3.155692700000000745e+07
3.155692700000000745e+07
3.155692700000000745e+07
3.155692700000001118e+07
3.155692700000001118e+07
3.155692700000000745e+07
3.155692700000001118e+07
3.155692700000000745e+07
3.155692700000000745e+07
3.155692700000001118e+07
3.155692700000001118e+07
3.155692700000000745e+07
3.155692700000000000e+07
3.155692700000001118e+07
3.155692699999997020e+07
3.155692699999999255e+07
3.155692700000048056e+07
3.155692699999687821e+07
3.155692700001300126e+07
3.155692699996452406e+07
3.155692700002295151e+07
3.155692700041918457e+07
3.155692699698556960e+07
3.155692701201049238e+07
3.155692697528079525e+07
3.155692695285082236e+07
3.155692768200920522e+07
3.155692388049075007e+07
3.155693289964421093e+07
3.155694815911251679e+07
3.155671912963226438e+07
3.155754815074344352e+07
3.155789225456381217e+07
3.154195724949540943e+07
3.158636593225809559e+07
3.178551805583313853e+07
3.075286884285799786e+07
2.483489788701113313e+07
1.313534343990536034e+07
0.000000000000000000e+00
