0.000000000000000000e+00
9.170000000000000000e+02
9.169999999999997726e+02
9.170000000000001137e+02
9.170000000000004547e+02
9.170000000000003411e+02
9.169999999999998863e+02
9.169999999999998863e+02
9.169999999999997726e+02
9.170000000000001137e+02
9.169999999999990905e+02
9.170000000000006821e+02
9.170000000000003411e+02
9.169999999999997726e+02
9.170000000000005684e+02
9.170000000000004547e+02
9.170000000000000000e+02
9.170000000000002274e+02
9.170000000000003411e+02
9.170000000000001137e+02
9.169999999999998863e+02
9.170000000000002274e+02
9.170000000000001137e+02
9.170000000000001137e+02
9.170000000000000000e+02
9.169999999999998863e+02
9.170000000000010232e+02
9.169999999999995453e+02
9.170000000000003411e+02
9.169999999999995453e+02
9.170000000000000000e+02
9.169999999999994316e+02
9.170000000000001137e+02
9.169999999999998863e+02
9.170000000000000000e+02
9.169999999999998863e+02
9.170000000000000000e+02
9.169999999999995453e+02
9.169999999999997726e+02
9.170000000000000000e+02
9.170000000000002274e+02
9.169999999999994316e+02
9.170000000000007958e+02
9.169999999999994316e+02
9.169999999999998863e+02
9.170000000000000000e+02
9.170000000000002274e+02
9.169999999999994316e+02
9.170000000000006821e+02
9.170000000000000000e+02
9.170000000000001137e+02
9.169999999999996589e+02
9.170000000000007958e+02
9.170000000000000000e+02
9.170000000000003411e+02
9.169999999999996589e+02
9.170000000000003411e+02
9.170000000000004547e+02
9.170000000000001137e+02
9.170000000000002274e+02
9.170000000000001137e+02
9.169999999999998863e+02
9.170000000000002274e+02
9.170000000000001137e+02
9.170000000000000000e+02
9.170000000000000000e+02
9.169999999999998863e+02
9.170000000000003411e+02
9.170000000000000000e+02
9.170000000000001137e+02
9.170000000000006821e+02
9.169999999999996589e+02
9.170000000000005684e+02
9.170000000000000000e+02
9.170000000000001137e+02
9.170000000000005684e+02
9.170000000000000000e+02
9.170000000000000000e+02
9.169999999999998863e+02
9.170000000000003411e+02
9.170000000000000000e+02
9.170000000000001137e+02
9.170000000000005684e+02
9.169999999999997726e+02
9.170000000000004547e+02
9.169999999999995453e+02
9.170000000000001137e+02
9.169999999999998863e+02
9.169999999999995453e+02
9.169999999999998863e+02
9.169999999999998863e+02
9.169999999999997726e+02
9.170000000000001137e+02
9.170000000000002274e+02
9.169999999999992042e+02
9.170000000000002274e+02
9.169999999999993179e+02
9.170000000000003411e+02
9.169999999999996589e+02
9.170000000000002274e+02
9.169999999999998863e+02
9.169999999999998863e+02
9.170000000000002274e+02
9.169999999999998863e+02
9.169999999999998863e+02
9.170000000000001137e+02
9.170000000000000000e+02
9.170000000000000000e+02
9.169999999999998863e+02
9.170000000000002274e+02
9.169999999999998863e+02
9.169999999999998863e+02
9.170000000000002274e+02
9.169999999999998863e+02
9.169999999999998863e+02
9.170000000000002274e+02
9.169999999999998863e+02
9.169999999999998863e+02
9.170000000000001137e+02
9.169999999999995453e+02
9.169999999999998863e+02
9.170000000000002274e+02
9.169999999999996589e+02
9.170000000000002274e+02
9.169999999999998863e+02
9.169999999999998863e+02
9.170000000000002274e+02
9.169999999999998863e+02
9.169999999999998863e+02
9.170000000000001137e+02
9.170000000000000000e+02
9.170000000000000000e+02
9.169999999999998863e+02
9.170000000000002274e+02
9.169999999999998863e+02
9.169999999999998863e+02
9.170000000000002274e+02
9.169999999999998863e+02
9.170000000000000000e+02
9.170000000000005684e+02
9.170000000000000000e+02
9.170000000000001137e+02
9.170000000000000000e+02
9.170000000000000000e+02
9.170000000000002274e+02
9.170000000000000000e+02
9.170000000000003411e+02
9.169999999999998863e+02
9.170000000000003411e+02
9.170000000000001137e+02
9.170000000000000000e+02
9.170000000000000000e+02
9.170000000000000000e+02
9.170000000000001137e+02
9.169999999999996589e+02
9.170000000000007958e+02
9.169999999999998863e+02
9.169999999999998863e+02
9.170000000000007958e+02
9.169999999999998863e+02
9.169999999999998863e+02
9.170000000000007958e+02
9.169999999999998863e+02
9.169999999999998863e+02
9.170000000000007958e+02
9.169999999999998863e+02
9.169999999999998863e+02
9.170000000000005684e+02
9.169999999999995453e+02
9.170000000000000000e+02
9.170000000000001137e+02
9.170000000000000000e+02
9.170000000000002274e+02
9.170000000000003411e+02
9.169999999999996589e+02
9.170000000000007958e+02
9.169999999999998863e+02
9.169999999999998863e+02
9.170000000000007958e+02
9.169999999999998863e+02
9.169999999999998863e+02
9.170000000000007958e+02
9.169999999999998863e+02
9.169999999999998863e+02
9.170000000000007958e+02
9.169999999999998863e+02
9.169999999999998863e+02
9.170000000000007958e+02
9.169999999999998863e+02
9.169999999999998863e+02
9.170000000000007958e+02
9.169999999999998863e+02
9.169999999999998863e+02
9.170000000000005684e+02
9.169999999999996589e+02
9.170000000000006821e+02
9.169999999999996589e+02
9.170000000000007958e+02
9.169999999999998863e+02
9.169999999999998863e+02
9.170000000000005684e+02
9.169999999999996589e+02
9.170000000000005684e+02
9.169999999999996589e+02
9.170000000000003411e+02
9.170000000000003411e+02
9.169999999999997726e+02
9.170000000000002274e+02
9.170000000000002274e+02
9.170000000000003411e+02
9.169999999999997726e+02
9.170000000000005684e+02
9.169999999999996589e+02
9.170000000000003411e+02
9.170000000000000000e+02
9.170000000000004547e+02
9.169999999999996589e+02
9.170000000000001137e+02
9.170000000000003411e+02
9.169999999999996589e+02
9.170000000000001137e+02
9.170000000000003411e+02
9.169999999999996589e+02
9.170000000000001137e+02
9.170000000000003411e+02
9.169999999999996589e+02
9.170000000000001137e+02
9.170000000000003411e+02
9.169999999999996589e+02
9.170000000000001137e+02
9.170000000000003411e+02
9.169999999999996589e+02
9.170000000000001137e+02
9.170000000000004547e+02
9.169999999999994316e+02
9.170000000000004547e+02
9.170000000000000000e+02
9.170000000000001137e+02
9.169999999999996589e+02
9.170000000000001137e+02
9.170000000000004547e+02
9.169999999999995453e+02
9.170000000000003411e+02
9.170000000000000000e+02
9.170000000000002274e+02
9.169999999999995453e+02
9.170000000000001137e+02
9.169999999999993179e+02
9.170000000000002274e+02
9.169999999999997726e+02
9.169999999999996589e+02
9.170000000000001137e+02
9.169999999999996589e+02
9.170000000000000000e+02
9.170000000000000000e+02
9.170000000000002274e+02
9.169999999999993179e+02
9.170000000000002274e+02
9.170000000000002274e+02
9.169999999999993179e+02
9.170000000000002274e+02
9.170000000000002274e+02
9.169999999999993179e+02
9.170000000000002274e+02
9.170000000000002274e+02
9.169999999999993179e+02
9.170000000000002274e+02
9.170000000000002274e+02
9.169999999999993179e+02
9.170000000000002274e+02
9.170000000000002274e+02
9.169999999999993179e+02
9.170000000000002274e+02
9.170000000000002274e+02
9.169999999999993179e+02
9.170000000000002274e+02
9.170000000000002274e+02
9.169999999999993179e+02
9.170000000000002274e+02
9.170000000000002274e+02
9.169999999999993179e+02
9.170000000000002274e+02
9.170000000000002274e+02
9.169999999999993179e+02
9.170000000000002274e+02
9.170000000000002274e+02
9.169999999999993179e+02
9.170000000000002274e+02
9.170000000000002274e+02
9.169999999999993179e+02
9.170000000000002274e+02
9.170000000000002274e+02
9.169999999999993179e+02
9.170000000000002274e+02
9.170000000000002274e+02
9.169999999999993179e+02
9.170000000000002274e+02
9.170000000000002274e+02
9.169999999999993179e+02
9.170000000000002274e+02
9.170000000000002274e+02
9.169999999999993179e+02
9.170000000000002274e+02
9.170000000000002274e+02
9.169999999999993179e+02
9.170000000000002274e+02
9.170000000000002274e+02
9.169999999999993179e+02
9.170000000000002274e+02
9.170000000000002274e+02
9.169999999999993179e+02
9.170000000000002274e+02
9.170000000000002274e+02
9.169999999999993179e+02
9.170000000000002274e+02
9.170000000000002274e+02
9.169999999999993179e+02
9.170000000000002274e+02
9.170000000000002274e+02
9.169999999999993179e+02
9.170000000000003411e+02
9.170000000000000000e+02
9.170000000000000000e+02
9.170000000000001137e+02
9.170000000000000000e+02
9.170000000000002274e+02
9.169999999999993179e+02
9.170000000000002274e+02
9.170000000000002274e+02
9.169999999999993179e+02
9.170000000000002274e+02
9.170000000000002274e+02
9.169999999999993179e+02
9.170000000000002274e+02
9.170000000000002274e+02
9.169999999999993179e+02
9.170000000000002274e+02
9.170000000000002274e+02
9.169999999999993179e+02
9.170000000000002274e+02
9.170000000000002274e+02
9.169999999999993179e+02
9.170000000000002274e+02
9.170000000000002274e+02
9.169999999999993179e+02
9.170000000000002274e+02
9.170000000000002274e+02
9.169999999999993179e+02
9.170000000000002274e+02
9.170000000000002274e+02
9.169999999999993179e+02
9.170000000000002274e+02
9.170000000000002274e+02
9.169999999999993179e+02
9.170000000000002274e+02
9.170000000000002274e+02
9.169999999999993179e+02
9.170000000000002274e+02
9.170000000000002274e+02
9.169999999999993179e+02
9.170000000000002274e+02
9.170000000000002274e+02
9.169999999999993179e+02
9.170000000000002274e+02
9.170000000000002274e+02
9.169999999999993179e+02
9.170000000000002274e+02
9.170000000000002274e+02
9.169999999999993179e+02
9.170000000000002274e+02
9.170000000000002274e+02
9.169999999999993179e+02
9.170000000000002274e+02
9.170000000000002274e+02
9.169999999999993179e+02
9.170000000000002274e+02
9.170000000000002274e+02
9.169999999999993179e+02
9.170000000000002274e+02
9.170000000000002274e+02
9.169999999999993179e+02
9.170000000000002274e+02
9.170000000000002274e+02
9.169999999999993179e+02
9.170000000000002274e+02
9.170000000000002274e+02
9.169999999999993179e+02
9.170000000000002274e+02
9.170000000000002274e+02
9.169999999999993179e+02
9.170000000000002274e+02
9.170000000000002274e+02
9.169999999999993179e+02
9.170000000000002274e+02
9.170000000000002274e+02
9.169999999999993179e+02
9.170000000000002274e+02
9.170000000000002274e+02
9.169999999999993179e+02
9.170000000000002274e+02
9.170000000000002274e+02
9.169999999999993179e+02
9.170000000000002274e+02
9.170000000000002274e+02
9.169999999999993179e+02
9.170000000000002274e+02
9.170000000000002274e+02
9.169999999999993179e+02
9.170000000000002274e+02
9.170000000000002274e+02
9.169999999999993179e+02
9.170000000000002274e+02
9.170000000000002274e+02
9.169999999999993179e+02
9.170000000000002274e+02
9.170000000000002274e+02
9.169999999999993179e+02
9.170000000000002274e+02
9.170000000000001137e+02
9.169999999999998863e+02
9.170000000000001137e+02
9.169999999999993179e+02
9.170000000000002274e+02
9.170000000000002274e+02
9.169999999999993179e+02
9.170000000000002274e+02
9.170000000000002274e+02
9.169999999999993179e+02
9.170000000000002274e+02
9.170000000000002274e+02
9.169999999999993179e+02
9.170000000000002274e+02
9.170000000000002274e+02
9.169999999999993179e+02
9.170000000000002274e+02
9.170000000000002274e+02
9.169999999999993179e+02
9.170000000000002274e+02
9.170000000000002274e+02
9.169999999999993179e+02
9.170000000000002274e+02
9.170000000000002274e+02
9.169999999999993179e+02
9.170000000000002274e+02
9.170000000000002274e+02
9.169999999999993179e+02
9.170000000000002274e+02
9.170000000000002274e+02
9.169999999999993179e+02
9.170000000000002274e+02
9.170000000000002274e+02
9.169999999999993179e+02
9.170000000000002274e+02
9.170000000000002274e+02
9.169999999999993179e+02
9.170000000000002274e+02
9.170000000000002274e+02
9.169999999999993179e+02
9.170000000000002274e+02
9.170000000000002274e+02
9.169999999999993179e+02
9.170000000000002274e+02
9.170000000000002274e+02
9.169999999999993179e+02
9.170000000000002274e+02
9.170000000000002274e+02
9.169999999999993179e+02
9.170000000000002274e+02
9.170000000000002274e+02
9.169999999999993179e+02
9.170000000000002274e+02
9.170000000000002274e+02
9.169999999999993179e+02
9.170000000000002274e+02
9.170000000000002274e+02
9.169999999999993179e+02
9.170000000000002274e+02
9.170000000000002274e+02
9.169999999999993179e+02
9.170000000000002274e+02
9.170000000000002274e+02
9.169999999999993179e+02
9.170000000000002274e+02
9.170000000000002274e+02
9.169999999999993179e+02
9.170000000000002274e+02
9.170000000000002274e+02
9.169999999999993179e+02
9.170000000000002274e+02
9.170000000000002274e+02
9.169999999999993179e+02
9.170000000000002274e+02
9.170000000000002274e+02
9.169999999999993179e+02
9.170000000000002274e+02
9.170000000000002274e+02
9.169999999999993179e+02
9.170000000000002274e+02
9.170000000000002274e+02
9.169999999999993179e+02
9.170000000000002274e+02
9.170000000000002274e+02
9.169999999999993179e+02
9.170000000000002274e+02
9.170000000000002274e+02
9.169999999999993179e+02
9.170000000000002274e+02
9.170000000000002274e+02
9.169999999999993179e+02
9.170000000000002274e+02
9.170000000000002274e+02
9.169999999999993179e+02
9.170000000000003411e+02
9.170000000000000000e+02
9.170000000000000000e+02
9.170000000000001137e+02
9.170000000000000000e+02
9.170000000000002274e+02
9.169999999999993179e+02
9.170000000000002274e+02
9.170000000000002274e+02
9.169999999999993179e+02
9.170000000000002274e+02
9.170000000000002274e+02
9.169999999999993179e+02
9.170000000000002274e+02
9.170000000000002274e+02
9.169999999999993179e+02
9.170000000000002274e+02
9.170000000000002274e+02
9.169999999999993179e+02
9.170000000000002274e+02
9.170000000000002274e+02
9.169999999999993179e+02
9.170000000000002274e+02
9.170000000000002274e+02
9.169999999999993179e+02
9.170000000000002274e+02
9.170000000000002274e+02
9.169999999999993179e+02
9.170000000000002274e+02
9.170000000000002274e+02
9.169999999999993179e+02
9.170000000000002274e+02
9.170000000000002274e+02
9.169999999999993179e+02
9.170000000000002274e+02
9.170000000000002274e+02
9.169999999999993179e+02
9.170000000000002274e+02
9.170000000000002274e+02
9.169999999999993179e+02
9.170000000000002274e+02
9.170000000000002274e+02
9.169999999999993179e+02
9.170000000000002274e+02
9.170000000000002274e+02
9.169999999999993179e+02
9.170000000000002274e+02
9.170000000000002274e+02
9.169999999999993179e+02
9.170000000000002274e+02
9.170000000000002274e+02
9.169999999999993179e+02
9.170000000000002274e+02
9.170000000000002274e+02
9.169999999999993179e+02
9.170000000000002274e+02
9.170000000000002274e+02
9.169999999999993179e+02
9.170000000000002274e+02
9.170000000000002274e+02
9.169999999999993179e+02
9.170000000000002274e+02
9.170000000000002274e+02
9.169999999999993179e+02
9.170000000000002274e+02
9.170000000000002274e+02
9.169999999999993179e+02
9.170000000000002274e+02
9.170000000000002274e+02
9.169999999999993179e+02
9.170000000000002274e+02
9.170000000000002274e+02
9.169999999999993179e+02
9.170000000000002274e+02
9.170000000000002274e+02
9.169999999999993179e+02
9.170000000000002274e+02
9.170000000000002274e+02
9.169999999999993179e+02
9.170000000000002274e+02
9.170000000000002274e+02
9.169999999999993179e+02
9.170000000000002274e+02
9.170000000000002274e+02
9.169999999999993179e+02
9.170000000000002274e+02
9.170000000000002274e+02
9.169999999999993179e+02
9.170000000000002274e+02
9.170000000000002274e+02
9.169999999999993179e+02
9.170000000000002274e+02
9.170000000000002274e+02
9.169999999999993179e+02
9.170000000000002274e+02
9.170000000000002274e+02
9.169999999999993179e+02
9.170000000000002274e+02
9.170000000000001137e+02
9.169999999999998863e+02
9.170000000000001137e+02
9.169999999999993179e+02
9.170000000000002274e+02
9.170000000000002274e+02
9.169999999999993179e+02
9.170000000000002274e+02
9.170000000000002274e+02
9.169999999999993179e+02
9.170000000000002274e+02
9.170000000000002274e+02
9.169999999999993179e+02
9.170000000000002274e+02
9.170000000000002274e+02
9.169999999999993179e+02
9.170000000000002274e+02
9.170000000000002274e+02
9.169999999999993179e+02
9.170000000000002274e+02
9.170000000000002274e+02
9.169999999999993179e+02
9.170000000000002274e+02
9.170000000000002274e+02
9.169999999999993179e+02
9.170000000000002274e+02
9.170000000000002274e+02
9.169999999999993179e+02
9.170000000000002274e+02
9.170000000000002274e+02
9.169999999999993179e+02
9.170000000000002274e+02
9.170000000000002274e+02
9.169999999999993179e+02
9.170000000000002274e+02
9.170000000000002274e+02
9.169999999999993179e+02
9.170000000000002274e+02
9.170000000000002274e+02
9.169999999999993179e+02
9.170000000000002274e+02
9.170000000000002274e+02
9.169999999999993179e+02
9.170000000000002274e+02
9.170000000000002274e+02
9.169999999999993179e+02
9.170000000000002274e+02
9.170000000000002274e+02
9.169999999999993179e+02
9.170000000000002274e+02
9.170000000000002274e+02
9.169999999999993179e+02
9.170000000000002274e+02
9.170000000000002274e+02
9.169999999999993179e+02
9.170000000000002274e+02
9.170000000000002274e+02
9.169999999999993179e+02
9.170000000000002274e+02
9.170000000000002274e+02
9.169999999999993179e+02
9.170000000000002274e+02
9.170000000000002274e+02
9.169999999999993179e+02
9.170000000000002274e+02
9.170000000000002274e+02
9.169999999999993179e+02
9.170000000000002274e+02
9.170000000000002274e+02
9.169999999999993179e+02
9.170000000000002274e+02
9.170000000000002274e+02
9.169999999999993179e+02
9.170000000000002274e+02
9.170000000000002274e+02
9.169999999999993179e+02
9.170000000000002274e+02
9.170000000000002274e+02
9.169999999999993179e+02
9.170000000000002274e+02
9.170000000000002274e+02
9.169999999999993179e+02
9.170000000000002274e+02
9.170000000000002274e+02
9.169999999999993179e+02
9.170000000000002274e+02
9.170000000000002274e+02
9.169999999999993179e+02
9.170000000000002274e+02
9.170000000000002274e+02
9.169999999999993179e+02
9.170000000000002274e+02
9.170000000000002274e+02
9.169999999999993179e+02
9.170000000000003411e+02
9.170000000000000000e+02
9.170000000000000000e+02
9.170000000000001137e+02
9.170000000000000000e+02
9.170000000000002274e+02
9.169999999999993179e+02
9.170000000000002274e+02
9.170000000000002274e+02
9.169999999999993179e+02
9.170000000000002274e+02
9.170000000000002274e+02
9.169999999999993179e+02
9.170000000000002274e+02
9.170000000000002274e+02
9.169999999999993179e+02
9.170000000000002274e+02
9.170000000000002274e+02
9.169999999999993179e+02
9.170000000000002274e+02
9.170000000000002274e+02
9.169999999999993179e+02
9.170000000000002274e+02
9.170000000000002274e+02
9.169999999999993179e+02
9.170000000000002274e+02
9.170000000000002274e+02
9.169999999999993179e+02
9.170000000000002274e+02
9.170000000000002274e+02
9.169999999999993179e+02
9.170000000000002274e+02
9.170000000000002274e+02
9.169999999999993179e+02
9.170000000000002274e+02
9.170000000000002274e+02
9.169999999999993179e+02
9.170000000000002274e+02
9.170000000000002274e+02
9.169999999999993179e+02
9.170000000000002274e+02
9.170000000000002274e+02
9.169999999999993179e+02
9.170000000000002274e+02
9.170000000000002274e+02
9.169999999999993179e+02
9.170000000000002274e+02
9.170000000000002274e+02
9.169999999999993179e+02
9.170000000000002274e+02
9.170000000000002274e+02
9.169999999999993179e+02
9.170000000000002274e+02
9.170000000000002274e+02
9.169999999999993179e+02
9.170000000000002274e+02
9.170000000000002274e+02
9.169999999999993179e+02
9.170000000000002274e+02
9.170000000000002274e+02
9.169999999999993179e+02
9.170000000000002274e+02
9.170000000000002274e+02
9.169999999999993179e+02
9.170000000000002274e+02
9.170000000000002274e+02
9.169999999999993179e+02
9.170000000000002274e+02
9.170000000000002274e+02
9.169999999999993179e+02
9.170000000000002274e+02
9.170000000000002274e+02
9.169999999999993179e+02
9.170000000000002274e+02
9.170000000000002274e+02
9.169999999999993179e+02
9.170000000000002274e+02
9.170000000000002274e+02
9.169999999999993179e+02
9.170000000000002274e+02
9.170000000000002274e+02
9.169999999999993179e+02
9.170000000000002274e+02
9.170000000000002274e+02
9.169999999999993179e+02
9.170000000000002274e+02
9.170000000000002274e+02
9.169999999999993179e+02
9.170000000000002274e+02
9.170000000000002274e+02
9.169999999999993179e+02
9.170000000000002274e+02
9.170000000000002274e+02
9.169999999999993179e+02
9.170000000000002274e+02
9.170000000000002274e+02
9.169999999999993179e+02
9.170000000000002274e+02
9.170000000000001137e+02
9.169999999999998863e+02
9.170000000000001137e+02
9.169999999999993179e+02
9.170000000000002274e+02
9.170000000000002274e+02
9.169999999999993179e+02
9.170000000000002274e+02
9.170000000000002274e+02
9.169999999999993179e+02
9.170000000000002274e+02
9.170000000000002274e+02
9.169999999999993179e+02
9.170000000000002274e+02
9.170000000000002274e+02
9.169999999999993179e+02
9.170000000000002274e+02
9.170000000000002274e+02
9.169999999999993179e+02
9.170000000000002274e+02
9.170000000000002274e+02
9.169999999999993179e+02
9.170000000000002274e+02
9.170000000000002274e+02
9.169999999999993179e+02
9.170000000000002274e+02
9.170000000000002274e+02
9.169999999999993179e+02
9.170000000000002274e+02
9.170000000000002274e+02
9.169999999999993179e+02
9.170000000000002274e+02
9.170000000000002274e+02
9.169999999999993179e+02
9.170000000000002274e+02
9.170000000000002274e+02
9.169999999999993179e+02
9.170000000000002274e+02
9.170000000000002274e+02
9.169999999999993179e+02
9.170000000000002274e+02
9.170000000000002274e+02
9.169999999999993179e+02
9.170000000000002274e+02
9.170000000000002274e+02
9.169999999999993179e+02
9.170000000000002274e+02
9.170000000000002274e+02
9.169999999999993179e+02
9.170000000000002274e+02
9.170000000000002274e+02
9.169999999999993179e+02
9.170000000000002274e+02
9.170000000000002274e+02
9.169999999999993179e+02
9.170000000000002274e+02
9.170000000000002274e+02
9.169999999999993179e+02
9.170000000000002274e+02
9.170000000000002274e+02
9.169999999999993179e+02
9.170000000000002274e+02
9.170000000000002274e+02
9.169999999999993179e+02
9.170000000000002274e+02
9.170000000000002274e+02
9.169999999999993179e+02
9.170000000000002274e+02
9.170000000000002274e+02
9.169999999999993179e+02
9.170000000000002274e+02
9.170000000000002274e+02
9.169999999999993179e+02
9.170000000000002274e+02
9.170000000000002274e+02
9.169999999999993179e+02
9.170000000000002274e+02
9.170000000000002274e+02
9.169999999999993179e+02
9.170000000000002274e+02
9.170000000000002274e+02
9.169999999999993179e+02
9.170000000000002274e+02
9.170000000000002274e+02
9.169999999999993179e+02
9.170000000000002274e+02
9.170000000000002274e+02
9.169999999999993179e+02
9.170000000000002274e+02
9.170000000000002274e+02
9.169999999999993179e+02
9.170000000000002274e+02
9.170000000000002274e+02
9.169999999999993179e+02
9.170000000000003411e+02
9.170000000000000000e+02
9.170000000000000000e+02
9.170000000000001137e+02
9.170000000000000000e+02
9.170000000000002274e+02
9.169999999999993179e+02
9.170000000000002274e+02
9.170000000000002274e+02
9.169999999999993179e+02
9.170000000000002274e+02
9.170000000000002274e+02
9.169999999999993179e+02
9.170000000000002274e+02
9.170000000000002274e+02
9.169999999999993179e+02
9.170000000000002274e+02
9.170000000000002274e+02
9.169999999999993179e+02
9.170000000000002274e+02
9.170000000000002274e+02
9.169999999999993179e+02
9.170000000000002274e+02
9.170000000000002274e+02
9.169999999999993179e+02
9.170000000000002274e+02
9.170000000000002274e+02
9.169999999999993179e+02
9.170000000000002274e+02
9.170000000000002274e+02
9.169999999999993179e+02
9.170000000000002274e+02
9.170000000000002274e+02
9.169999999999993179e+02
9.170000000000002274e+02
9.170000000000002274e+02
9.169999999999993179e+02
9.170000000000002274e+02
9.170000000000002274e+02
9.169999999999993179e+02
9.170000000000002274e+02
9.170000000000002274e+02
9.169999999999993179e+02
9.170000000000002274e+02
9.170000000000002274e+02
9.169999999999993179e+02
9.170000000000002274e+02
9.170000000000002274e+02
9.169999999999993179e+02
9.170000000000002274e+02
9.170000000000002274e+02
9.169999999999993179e+02
9.170000000000002274e+02
9.170000000000002274e+02
9.169999999999993179e+02
9.170000000000002274e+02
9.170000000000002274e+02
9.169999999999993179e+02
9.170000000000002274e+02
9.170000000000002274e+02
9.169999999999993179e+02
9.170000000000002274e+02
9.170000000000002274e+02
9.169999999999993179e+02
9.170000000000002274e+02
9.170000000000002274e+02
9.169999999999993179e+02
9.170000000000002274e+02
9.170000000000002274e+02
9.169999999999993179e+02
9.170000000000002274e+02
9.170000000000002274e+02
9.169999999999993179e+02
9.170000000000002274e+02
9.170000000000002274e+02
9.169999999999993179e+02
9.170000000000002274e+02
9.170000000000002274e+02
9.169999999999993179e+02
9.170000000000002274e+02
9.170000000000002274e+02
9.169999999999993179e+02
9.170000000000002274e+02
9.170000000000002274e+02
9.169999999999993179e+02
9.170000000000002274e+02
9.170000000000002274e+02
9.169999999999993179e+02
9.170000000000002274e+02
9.170000000000002274e+02
9.169999999999993179e+02
9.170000000000002274e+02
9.170000000000002274e+02
9.169999999999993179e+02
9.170000000000002274e+02
9.170000000000002274e+02
9.169999999999993179e+02
9.170000000000002274e+02
9.170000000000001137e+02
9.169999999999998863e+02
9.170000000000001137e+02
9.169999999999993179e+02
9.170000000000002274e+02
9.170000000000002274e+02
9.169999999999993179e+02
9.170000000000002274e+02
9.170000000000002274e+02
9.169999999999993179e+02
9.170000000000002274e+02
9.170000000000002274e+02
9.169999999999993179e+02
9.170000000000002274e+02
9.170000000000002274e+02
9.169999999999993179e+02
9.170000000000002274e+02
9.170000000000002274e+02
9.169999999999993179e+02
9.170000000000002274e+02
9.170000000000002274e+02
9.169999999999993179e+02
9.170000000000002274e+02
9.170000000000002274e+02
9.169999999999993179e+02
9.170000000000002274e+02
9.170000000000002274e+02
9.169999999999993179e+02
9.170000000000002274e+02
9.170000000000002274e+02
9.169999999999993179e+02
9.170000000000002274e+02
9.170000000000002274e+02
9.169999999999993179e+02
9.170000000000002274e+02
9.170000000000002274e+02
9.169999999999993179e+02
9.170000000000002274e+02
9.170000000000002274e+02
9.169999999999993179e+02
9.170000000000002274e+02
9.170000000000002274e+02
9.169999999999993179e+02
9.170000000000002274e+02
9.170000000000002274e+02
9.169999999999993179e+02
9.170000000000002274e+02
9.170000000000002274e+02
9.169999999999993179e+02
9.170000000000002274e+02
9.170000000000002274e+02
9.169999999999993179e+02
9.170000000000002274e+02
9.170000000000002274e+02
9.169999999999993179e+02
9.170000000000002274e+02
9.170000000000002274e+02
9.169999999999993179e+02
9.170000000000002274e+02
9.170000000000002274e+02
9.169999999999993179e+02
9.170000000000002274e+02
9.170000000000002274e+02
9.169999999999993179e+02
9.170000000000002274e+02
9.170000000000002274e+02
9.169999999999993179e+02
9.170000000000002274e+02
9.170000000000002274e+02
9.169999999999993179e+02
9.170000000000002274e+02
9.170000000000002274e+02
9.169999999999993179e+02
9.170000000000002274e+02
9.170000000000002274e+02
9.169999999999993179e+02
9.170000000000002274e+02
9.170000000000002274e+02
9.169999999999993179e+02
9.170000000000002274e+02
9.170000000000002274e+02
9.169999999999993179e+02
9.170000000000002274e+02
9.170000000000002274e+02
9.169999999999993179e+02
9.170000000000002274e+02
9.170000000000002274e+02
9.169999999999993179e+02
9.170000000000002274e+02
9.170000000000002274e+02
9.169999999999993179e+02
9.170000000000002274e+02
9.170000000000002274e+02
9.169999999999993179e+02
9.170000000000003411e+02
9.170000000000000000e+02
9.170000000000000000e+02
9.170000000000001137e+02
9.170000000000000000e+02
9.170000000000002274e+02
9.169999999999993179e+02
9.170000000000002274e+02
9.170000000000002274e+02
9.169999999999993179e+02
9.170000000000002274e+02
9.170000000000002274e+02
9.169999999999993179e+02
9.170000000000002274e+02
9.170000000000002274e+02
9.169999999999993179e+02
9.170000000000002274e+02
9.170000000000002274e+02
9.169999999999993179e+02
9.170000000000002274e+02
9.170000000000002274e+02
9.169999999999993179e+02
9.170000000000002274e+02
9.170000000000002274e+02
9.169999999999993179e+02
9.170000000000002274e+02
9.170000000000002274e+02
9.169999999999993179e+02
9.170000000000002274e+02
9.170000000000002274e+02
9.169999999999993179e+02
9.170000000000002274e+02
9.170000000000002274e+02
9.169999999999993179e+02
9.170000000000002274e+02
9.170000000000002274e+02
9.169999999999993179e+02
9.170000000000002274e+02
9.170000000000002274e+02
9.169999999999993179e+02
9.170000000000002274e+02
9.170000000000002274e+02
9.169999999999993179e+02
9.170000000000002274e+02
9.170000000000002274e+02
9.169999999999993179e+02
9.170000000000002274e+02
9.170000000000002274e+02
9.169999999999993179e+02
9.170000000000002274e+02
9.170000000000002274e+02
9.169999999999993179e+02
9.170000000000002274e+02
9.170000000000002274e+02
9.169999999999993179e+02
9.170000000000002274e+02
9.170000000000002274e+02
9.169999999999993179e+02
9.170000000000002274e+02
9.170000000000002274e+02
9.169999999999993179e+02
9.170000000000002274e+02
9.170000000000002274e+02
9.169999999999993179e+02
9.170000000000002274e+02
9.170000000000002274e+02
9.169999999999993179e+02
9.170000000000002274e+02
9.170000000000002274e+02
9.169999999999993179e+02
9.170000000000002274e+02
9.170000000000002274e+02
9.169999999999993179e+02
9.170000000000002274e+02
9.170000000000002274e+02
9.169999999999993179e+02
9.170000000000002274e+02
9.170000000000002274e+02
9.169999999999993179e+02
9.170000000000002274e+02
9.170000000000002274e+02
9.169999999999993179e+02
9.170000000000002274e+02
9.170000000000002274e+02
9.169999999999993179e+02
9.170000000000002274e+02
9.170000000000002274e+02
9.169999999999993179e+02
9.170000000000002274e+02
9.170000000000002274e+02
9.169999999999993179e+02
9.170000000000002274e+02
9.170000000000002274e+02
9.169999999999993179e+02
9.170000000000002274e+02
9.170000000000002274e+02
9.169999999999993179e+02
9.170000000000002274e+02
9.170000000000001137e+02
9.169999999999998863e+02
9.170000000000001137e+02
9.169999999999993179e+02
9.170000000000002274e+02
9.170000000000002274e+02
9.169999999999993179e+02
9.170000000000002274e+02
9.170000000000002274e+02
9.169999999999993179e+02
9.170000000000002274e+02
9.170000000000002274e+02
9.169999999999993179e+02
9.170000000000002274e+02
9.170000000000002274e+02
9.169999999999993179e+02
9.170000000000002274e+02
9.170000000000002274e+02
9.169999999999993179e+02
9.170000000000002274e+02
9.170000000000002274e+02
9.169999999999993179e+02
9.170000000000002274e+02
9.170000000000002274e+02
9.169999999999993179e+02
9.170000000000002274e+02
9.170000000000002274e+02
9.169999999999993179e+02
9.170000000000002274e+02
9.170000000000002274e+02
9.169999999999993179e+02
9.170000000000002274e+02
9.170000000000002274e+02
9.169999999999993179e+02
9.170000000000002274e+02
9.170000000000002274e+02
9.169999999999993179e+02
9.170000000000002274e+02
9.170000000000002274e+02
9.169999999999993179e+02
9.170000000000002274e+02
9.170000000000002274e+02
9.169999999999993179e+02
9.170000000000002274e+02
9.170000000000002274e+02
9.169999999999993179e+02
9.170000000000002274e+02
9.170000000000002274e+02
9.169999999999993179e+02
9.170000000000002274e+02
9.170000000000002274e+02
9.169999999999993179e+02
9.170000000000002274e+02
9.170000000000002274e+02
9.169999999999993179e+02
9.170000000000002274e+02
9.170000000000002274e+02
9.169999999999993179e+02
9.170000000000002274e+02
9.170000000000002274e+02
9.169999999999993179e+02
9.170000000000002274e+02
9.170000000000002274e+02
9.169999999999993179e+02
9.170000000000002274e+02
9.170000000000002274e+02
9.169999999999993179e+02
9.170000000000002274e+02
9.170000000000002274e+02
9.169999999999993179e+02
9.170000000000002274e+02
9.170000000000002274e+02
9.169999999999993179e+02
9.170000000000002274e+02
9.170000000000002274e+02
9.169999999999993179e+02
9.170000000000002274e+02
9.170000000000002274e+02
9.169999999999993179e+02
9.170000000000002274e+02
9.170000000000002274e+02
9.169999999999993179e+02
9.170000000000002274e+02
9.170000000000002274e+02
9.169999999999993179e+02
9.170000000000002274e+02
9.170000000000002274e+02
9.169999999999993179e+02
9.170000000000002274e+02
9.170000000000002274e+02
9.169999999999993179e+02
9.170000000000002274e+02
9.170000000000002274e+02
9.169999999999993179e+02
9.170000000000003411e+02
9.170000000000000000e+02
9.170000000000000000e+02
9.170000000000001137e+02
9.170000000000000000e+02
9.170000000000001137e+02
9.169999999999998863e+02
9.170000000000004547e+02
9.170000000000001137e+02
9.170000000000001137e+02
9.170000000000001137e+02
9.170000000000001137e+02
9.170000000000001137e+02
9.170000000000000000e+02
9.170000000000006821e+02
9.170000000000003411e+02
9.170000000000000000e+02
9.170000000000005684e+02
9.169999999999996589e+02
9.170000000000001137e+02
9.170000000000004547e+02
9.169999999999998863e+02
9.170000000000001137e+02
9.170000000000000000e+02
9.169999999999998863e+02
9.170000000000001137e+02
9.170000000000000000e+02
9.169999999999998863e+02
9.170000000000001137e+02
9.170000000000000000e+02
9.169999999999998863e+02
9.170000000000001137e+02
9.170000000000000000e+02
9.169999999999998863e+02
9.170000000000001137e+02
9.170000000000000000e+02
9.169999999999998863e+02
9.170000000000001137e+02
9.170000000000000000e+02
9.169999999999998863e+02
9.170000000000001137e+02
9.170000000000000000e+02
9.169999999999998863e+02
9.170000000000001137e+02
9.170000000000000000e+02
9.169999999999998863e+02
9.170000000000001137e+02
9.170000000000000000e+02
9.169999999999998863e+02
9.170000000000001137e+02
9.170000000000000000e+02
9.169999999999998863e+02
9.170000000000001137e+02
9.170000000000000000e+02
9.169999999999998863e+02
9.170000000000001137e+02
9.170000000000000000e+02
9.169999999999998863e+02
9.170000000000001137e+02
9.170000000000000000e+02
9.169999999999998863e+02
9.170000000000001137e+02
9.170000000000000000e+02
9.169999999999998863e+02
9.170000000000001137e+02
9.170000000000000000e+02
9.169999999999998863e+02
9.170000000000001137e+02
9.170000000000000000e+02
9.169999999999998863e+02
9.170000000000001137e+02
9.170000000000000000e+02
9.169999999999998863e+02
9.170000000000001137e+02
9.170000000000000000e+02
9.169999999999998863e+02
9.170000000000001137e+02
9.170000000000000000e+02
9.169999999999998863e+02
9.170000000000001137e+02
9.170000000000000000e+02
9.169999999999998863e+02
9.170000000000001137e+02
9.170000000000000000e+02
9.169999999999998863e+02
9.170000000000001137e+02
9.170000000000000000e+02
9.169999999999998863e+02
9.170000000000001137e+02
9.170000000000000000e+02
9.169999999999998863e+02
9.170000000000001137e+02
9.170000000000000000e+02
9.169999999999998863e+02
9.170000000000001137e+02
9.170000000000000000e+02
9.169999999999998863e+02
9.170000000000001137e+02
9.170000000000000000e+02
9.169999999999998863e+02
9.170000000000001137e+02
9.170000000000000000e+02
9.169999999999998863e+02
9.170000000000001137e+02
9.170000000000000000e+02
9.169999999999998863e+02
9.170000000000001137e+02
9.170000000000000000e+02
9.169999999999998863e+02
9.170000000000001137e+02
9.170000000000000000e+02
9.169999999999998863e+02
9.170000000000001137e+02
9.170000000000000000e+02
9.169999999999998863e+02
9.170000000000001137e+02
9.170000000000000000e+02
9.169999999999998863e+02
9.170000000000001137e+02
9.170000000000000000e+02
9.169999999999998863e+02
9.170000000000001137e+02
9.170000000000000000e+02
9.169999999999998863e+02
9.170000000000001137e+02
9.170000000000000000e+02
9.169999999999998863e+02
9.170000000000001137e+02
9.170000000000000000e+02
9.169999999999998863e+02
9.170000000000001137e+02
9.170000000000000000e+02
9.169999999999998863e+02
9.170000000000001137e+02
9.170000000000000000e+02
9.169999999999998863e+02
9.170000000000001137e+02
9.170000000000000000e+02
9.169999999999998863e+02
9.170000000000001137e+02
9.170000000000000000e+02
9.169999999999998863e+02
9.170000000000001137e+02
9.170000000000000000e+02
9.169999999999998863e+02
9.170000000000001137e+02
9.170000000000000000e+02
9.169999999999998863e+02
9.170000000000001137e+02
9.170000000000000000e+02
9.169999999999998863e+02
9.170000000000001137e+02
9.170000000000000000e+02
9.169999999999998863e+02
9.170000000000001137e+02
9.170000000000000000e+02
9.169999999999998863e+02
9.170000000000001137e+02
9.170000000000000000e+02
9.169999999999998863e+02
9.170000000000001137e+02
9.170000000000000000e+02
9.169999999999998863e+02
9.170000000000001137e+02
9.170000000000001137e+02
9.169999999999996589e+02
9.170000000000002274e+02
9.170000000000006821e+02
9.169999999999977263e+02
9.170000000000039790e+02
9.170000000000218279e+02
9.169999999997426130e+02
9.170000000014923671e+02
9.169999999945506488e+02
9.170000000064407004e+02
9.170000000787022145e+02
9.169999992804479234e+02
9.170000032617609804e+02
9.169999943088977261e+02
9.169999617096889324e+02
9.170003791017442154e+02
9.169985828099001992e+02
9.169991986455828510e+02
9.170378764633962874e+02
9.168391244888955498e+02
9.167390427769273629e+02
9.217072184599559250e+02
9.152587293959473982e+02
7.978743227942131853e+02
5.257861919926763221e+02
3.477513443073898429e+02
3.600000000000001137e+02
