8.894796488563936236e+02
8.884443603682595949e+02
8.872724524294360435e+02
8.858663883864516038e+02
8.847865692421640915e+02
8.835731822990970841e+02
8.818428401975639872e+02
8.807552262579331455e+02
8.793683475836550087e+02
8.774188759725277578e+02
8.762470534068714869e+02
8.745827882418104764e+02
8.725212134822443204e+02
8.712120576346560483e+02
8.691975185553255869e+02
8.671253522186462988e+02
8.655026717265825482e+02
8.632415881920273932e+02
8.611117254399050580e+02
8.590779424601780647e+02
8.566789770183848987e+02
8.543539257621819161e+02
8.519262586834360036e+02
8.494466372372071419e+02
8.467181789611354361e+02
8.440993367516128956e+02
8.413454606796831285e+02
8.382327195673855158e+02
8.355053533902140543e+02
8.322418705173304261e+02
8.289512546310643302e+02
8.259464703219883859e+02
8.221288024094232014e+02
8.188468678873338149e+02
8.151973431386130642e+02
8.111528662255933568e+02
8.076462946744186411e+02
8.032990827574583363e+02
7.992676764209376188e+02
7.951347385296388666e+02
7.904020294882336657e+02
7.861984789204311710e+02
7.813679927513451275e+02
7.764768166499929976e+02
7.716972411886205236e+02
7.665639471700483227e+02
7.612151377189545656e+02
7.558882156571066844e+02
7.505823523100909824e+02
7.445838748718913394e+02
7.388601578343126448e+02
7.331231869767937042e+02
7.268085083543121527e+02
7.204773844956069979e+02
7.142372972135746068e+02
7.077707401299684307e+02
7.008588350674863250e+02
6.941411660415888036e+02
6.870185151074135774e+02
6.801814656027411274e+02
6.725818642557405838e+02
6.648963676793460991e+02
6.579202931880859069e+02
6.497166652197525991e+02
6.422138798959169890e+02
6.341320084921369471e+02
6.260585641702547264e+02
6.182104700123322800e+02
6.095027929486029734e+02
6.012084738278055056e+02
5.923097312595762105e+02
5.836804861966314775e+02
5.749699920447674231e+02
5.660978985182075576e+02
5.570039249164893818e+02
5.453490652361526827e+02
5.215292020637499490e+02
4.968067106300043179e+02
4.709387321461019269e+02
4.464808174517997941e+02
4.144944677009647194e+02
5.881877087183964932e+02
5.794585469680282586e+02
5.705947629173120959e+02
5.615592803792233099e+02
5.524959763385293172e+02
5.310877080336416611e+02
5.070198149872588260e+02
4.820955833789941494e+02
4.550890769410539178e+02
4.219467131393531645e+02
