9.028936764818710117e+02
9.021688951751684726e+02
9.014992711557604252e+02
9.004976768028353717e+02
8.994745644748619497e+02
8.988624950437788357e+02
8.976590816935519115e+02
8.964656476859029226e+02
8.956985422198454216e+02
8.943289816959887730e+02
8.930086914716996489e+02
8.919427906843362734e+02
8.904499436668644421e+02
8.889916012610317466e+02
8.875297880303896818e+02
8.859937366728016741e+02
8.842325006461569501e+02
8.824649877262386326e+02
8.808018541358227367e+02
8.786312018157640296e+02
8.766772478795111283e+02
8.746956833768134629e+02
8.721449895061156212e+02
8.700242332539731933e+02
8.675154301877859098e+02
8.647518807728475849e+02
8.622357854039516951e+02
8.592455271005800341e+02
8.562431864647309112e+02
8.531597729864231496e+02
8.498231817844624629e+02
8.463533821739529230e+02
8.427671540151873160e+02
8.390170469073120785e+02
8.349289533386437370e+02
8.309806333158954885e+02
8.265136794234530271e+02
8.219954352597266052e+02
8.174581532256909213e+02
8.122775414266658345e+02
8.073502828421387676e+02
8.019597409286042193e+02
7.963328678124350972e+02
7.905978424447827138e+02
7.845349277608637522e+02
7.784191838006977378e+02
7.716109528394397330e+02
7.651228714346761990e+02
7.582167063508874207e+02
7.505655777490492255e+02
7.433332072015178937e+02
7.357665171245618012e+02
7.273244333713660126e+02
7.192177426697319333e+02
7.108733262928454906e+02
7.017799463508958979e+02
6.930017082982651573e+02
6.834214582764952866e+02
6.740021079234810486e+02
6.643210202502554012e+02
6.541201845950714642e+02
6.438673805809081614e+02
6.331870469081286501e+02
6.228405649014609935e+02
6.117957959193911393e+02
6.004447041154427325e+02
5.890356909269598873e+02
5.779358726158798163e+02
5.662267965412115700e+02
5.541564102511443934e+02
5.422214011340860225e+02
5.302922359082625690e+02
5.182002391598451823e+02
5.058662564009165976e+02
4.934556003232545436e+02
4.811113779031399531e+02
4.687895548850542582e+02
4.563069106441731719e+02
4.437916954420649631e+02
4.343338620152314320e+02
4.167787287458327228e+02
5.362427474739165518e+02
5.242700075598708054e+02
5.120594865781424687e+02
4.996672009523973088e+02
4.872821296668791433e+02
4.749413929582694323e+02
4.625742861166519333e+02
4.502951943382835793e+02
4.369772980165871559e+02
4.208440901759490771e+02
