2.631348971868395097e+02
2.631348979676600948e+02
2.631349003157596371e+02
2.631349042453784364e+02
2.631349097804830990e+02
2.631349169422372825e+02
2.631349257395388577e+02
2.631349361599424128e+02
2.631349481426554462e+02
2.631349615609684065e+02
2.631349762007586719e+02
2.631349917237460545e+02
2.631350076397619091e+02
2.631350232701931873e+02
2.631350377101906588e+02
2.631350497895116973e+02
2.631350580330309299e+02
2.631350606261153189e+02
2.631350553871934608e+02
2.631350397438046684e+02
2.631350107138885619e+02
2.631349649589025148e+02
2.631348987688444936e+02
2.631348081532071319e+02
2.631346890282820823e+02
2.631345372385654855e+02
2.631343489383123710e+02
2.631341208667467981e+02
2.631338506448300905e+02
2.631335374746186062e+02
2.631331825904789525e+02
2.631327900675569822e+02
2.631323677229588043e+02
2.631319280507001963e+02
2.631314893887417838e+02
2.631310771280922154e+02
2.631307249897640759e+02
2.631304764523846984e+02
2.631303857642001844e+02
2.631305193768645267e+02
2.631309568147287337e+02
2.631317902251439023e+02
2.631331259594411449e+02
2.631350810579070867e+02
2.631377824392483831e+02
2.631413628432040355e+02
2.631459527333527717e+02
2.631516750186371496e+02
2.631586285447534692e+02
2.631668777097997349e+02
2.631764285433216628e+02
2.631872039432880115e+02
2.631990175517120747e+02
2.632115333637618733e+02
2.632242256635779540e+02
2.632363327539539455e+02
2.632468032775580582e+02
2.632542481076164904e+02
2.632568757701920390e+02
2.632524541862866840e+02
2.632382570918188094e+02
2.632110633892111196e+02
2.631671529231027762e+02
2.631023435931694507e+02
2.630121473751340204e+02
2.628918878480561716e+02
2.627371670394086891e+02
2.625440764100639512e+02
2.623100133772393292e+02
2.620344105071458785e+02
2.617199291255017215e+02
2.613733172760667003e+02
2.610077446283741551e+02
2.606447725896764496e+02
2.603163554758687042e+02
2.600674667923441348e+02
2.599602754836657255e+02
2.600814222757931020e+02
2.605463596299462665e+02
2.615055426891995012e+02
2.631500524847853058e+02
2.615498290227849338e+02
2.611917720295232925e+02
2.608243768390561854e+02
2.604738251339964563e+02
2.601785180552149654e+02
2.599911396382183852e+02
2.599856791900172084e+02
2.602623947315267969e+02
2.609529243285939515e+02
2.622260581361665004e+02
