2.631505101813090164e+02
2.631505108991027555e+02
2.631505130601530027e+02
2.631505166852024331e+02
2.631505218080491204e+02
2.631505284679617489e+02
2.631505366986129957e+02
2.631505465177746714e+02
2.631505579096362908e+02
2.631505708042441256e+02
2.631505850571790575e+02
2.631506004212920402e+02
2.631506165167055542e+02
2.631506327987503937e+02
2.631506485215217594e+02
2.631506627006260146e+02
2.631506740751740949e+02
2.631506810697545120e+02
2.631506817616004810e+02
2.631506738561923271e+02
2.631506546607557198e+02
2.631506210937192236e+02
2.631505697015761029e+02
2.631504966852917846e+02
2.631503980175405104e+02
2.631502695370628544e+02
2.631501071314238516e+02
2.631499070144752750e+02
2.631496660043955558e+02
2.631493819698667380e+02
2.631490543411047724e+02
2.631486847275239143e+02
2.631482776799138605e+02
2.631478415712043102e+02
2.631473896029459070e+02
2.631469409370706671e+02
2.631465219293756945e+02
2.631461674645665312e+02
2.631459222782910956e+02
2.631458422018933447e+02
2.631459955357389049e+02
2.631464635866635149e+02
2.631473414491977678e+02
2.631487376928274102e+02
2.631507730796013789e+02
2.631535784134208029e+02
2.631572899417056988e+02
2.631620443634778326e+02
2.631679678531059494e+02
2.631751651573898130e+02
2.631837043005375563e+02
2.631935924488608407e+02
2.632047513029451125e+02
2.632169855682091111e+02
2.632299405028378487e+02
2.632430571728893938e+02
2.632555184684749747e+02
2.632661904654599425e+02
2.632735548570747142e+02
2.632756479467390704e+02
2.632699967041308469e+02
2.632535604844717909e+02
2.632227090387420390e+02
2.631732107188341274e+02
2.631003275872317317e+02
2.629989020004732652e+02
2.628636217506220305e+02
2.626894308613481144e+02
2.624721874986115608e+02
2.622094163572918433e+02
2.619015984409363114e+02
2.615532160367216079e+02
2.611758206558894244e+02
2.607901792578005598e+02
2.604292326219135703e+02
2.601418715747388433e+02
2.599971130141682920e+02
2.600883070910601305e+02
2.605371488733183583e+02
2.614967637337996962e+02
2.631500525421050725e+02
2.617317743169525102e+02
2.613670955875012396e+02
2.609824674257607171e+02
2.606040418039784754e+02
2.602725010483290475e+02
2.600463271076528713e+02
2.600062851158303374e+02
2.602593874256098161e+02
2.609421443823100617e+02
2.622224674558547122e+02
