5.155494782776388618e-01
1.031747087257940398e+00
1.548628318996958964e+00
2.066213640690127029e+00
2.584540711104715616e+00
3.103632613042962785e+00
3.623529380063306604e+00
4.144256912489671763e+00
4.665857843921445536e+00
5.188361112078594850e+00
5.711812194501166395e+00
6.236243305659733949e+00
6.761703031195129832e+00
7.288227122817279025e+00
7.815867560436770667e+00
8.344663916422751626e+00
8.874671875030074375e+00
9.405935137589693795e+00
9.938513428736936106e+00
1.047245491406867401e+01
1.100782372282552046e+01
1.154467284947489425e+01
1.208307122268437084e+01
1.262307706218939352e+01
1.316476452410220865e+01
1.370819748431567042e+01
1.425345579039955268e+01
1.480060944270664081e+01
1.534974448328226515e+01
1.590093754582055574e+01
1.645428141210638984e+01
1.700985990208442544e+01
1.756777312830075388e+01
1.812811269768773670e+01
1.869098669418866976e+01
1.925649516454938848e+01
1.982475485867583842e+01
2.039587497290739648e+01
2.096998167651456413e+01
2.154719408777501144e+01
2.212764861315118381e+01
2.271147513416989838e+01
2.329882118295119753e+01
2.388982832157886449e+01
2.448465617346183976e+01
2.508345898176685296e+01
2.568640951026827324e+01
2.629367577374272003e+01
2.690544481427104628e+01
2.752189960461417328e+01
2.814324269628616904e+01
2.876967330727716643e+01
2.940141082667172512e+01
3.003867211108194368e+01
3.068169481722363656e+01
3.133071494729040296e+01
3.198598996567721997e+01
3.264777665210475277e+01
3.331635394134404748e+01
3.399200116363622470e+01
3.467502052648356425e+01
3.536571584407357705e+01
3.606441455782864125e+01
3.677144707957854308e+01
3.748716822292709594e+01
3.821193730877813266e+01
3.894613885303078860e+01
3.969016360988663905e+01
4.044442832629400186e+01
4.120935795797862511e+01
4.198540414453233893e+01
4.237630025942322476e+01
4.277011351454687116e+01
4.316691995043619556e+01
4.356676634822189698e+01
4.396973101261801276e+01
4.437586352390282229e+01
4.478524512546778169e+01
4.519792736362123264e+01
4.561569665994446154e+01
4.604401375361516102e+01
4.647988101941797368e+01
4.692733795394925522e+01
4.738324764059689898e+01
4.785190639766864962e+01
4.833001225615306140e+01
4.882215674036644515e+01
4.932484444992634565e+01
4.984300458970273695e+01
5.037291577721560287e+01
5.091989426560026288e+01
