5.078117301547034890e-01
1.016031424329568500e+00
1.524628618659169543e+00
2.033791509148656917e+00
2.543533549789556147e+00
3.053622693043518410e+00
3.564395668386205696e+00
4.075848618294048542e+00
4.587739593201388466e+00
5.100414469431507669e+00
5.613847322189504219e+00
6.127893743987722353e+00
6.642801969049651589e+00
7.158554873069913782e+00
7.675157252148936848e+00
8.192655267114391293e+00
8.711184047344646686e+00
9.230751402851149479e+00
9.751299807520263485e+00
1.027313422343045701e+01
1.079613171322388965e+01
1.132031401881151389e+01
1.184602935916982069e+01
1.237302617428744789e+01
1.290154703287407933e+01
1.343175692335761084e+01
1.396351402247313445e+01
1.449712168819721825e+01
1.503260040177748280e+01
1.557001439446381674e+01
1.610953839172315227e+01
1.665127427847803432e+01
1.719531541465137892e+01
1.774178822076428119e+01
1.829093674192478147e+01
1.884269448647103928e+01
1.939743424627735280e+01
1.995522323187570635e+01
2.051610821197010992e+01
2.108057045131099017e+01
2.164847760356456874e+01
2.222020206378384799e+01
2.279596631832167830e+01
2.337590718760380426e+01
2.396032986118521180e+01
2.454934412180676517e+01
2.514355549000050516e+01
2.574280564591372311e+01
2.634751403094344369e+01
2.695838670295572115e+01
2.757520295111736175e+01
2.819836259392342015e+01
2.882875527559742324e+01
2.946625345285046293e+01
3.011123474985740600e+01
3.076457345294247148e+01
3.142618798362796184e+01
3.209707707329202009e+01
3.277734200808960452e+01
3.346752037972577654e+01
3.416846190514871040e+01
3.488056507084462510e+01
3.560467969422308698e+01
3.634082314061620878e+01
3.709025620808437651e+01
3.785385691412349018e+01
3.863224777746567895e+01
3.942558839140735216e+01
4.023533459699271475e+01
4.106271833111248526e+01
4.190831387389449958e+01
4.233582548329141559e+01
4.276813428299946906e+01
4.320540896340128256e+01
4.364780551723475810e+01
4.409550740736469265e+01
4.454869043172975296e+01
4.500749581171674407e+01
4.547207661665607503e+01
4.594254328481959249e+01
4.641904417531849703e+01
4.690173531026479026e+01
4.739076071113194644e+01
4.788635678484493496e+01
4.838875987068986717e+01
4.889787034506854013e+01
4.941444152554464608e+01
4.993906832204083202e+01
5.046688809399303466e+01
5.101162664527969781e+01
5.156167870933262520e+01
