2.366769450004198914e+11
2.366769450004198914e+11
2.366769450004198914e+11
2.366769450004198914e+11
2.366769450004198914e+11
2.366769450004198914e+11
2.366769450004198914e+11
2.366769450004198914e+11
2.366769450004198914e+11
2.366769450004198914e+11
2.366769450004198914e+11
2.366769450004578552e+11
2.366769450005005493e+11
2.366769450005003357e+11
2.366769450004998169e+11
2.366769450005331116e+11
2.366769450005766602e+11
2.366769450005712280e+11
2.366769450005924988e+11
2.366769450006299438e+11
2.366769450006047974e+11
2.366769450005799561e+11
2.366769450005665283e+11
2.366769450006080017e+11
2.366769450006221008e+11
2.366769450006221924e+11
2.366769450006442566e+11
2.366769450006735535e+11
2.366769450007077026e+11
2.366769450007225037e+11
2.366769450007303162e+11
2.366769450007568665e+11
2.366769450007647400e+11
2.366769450007557983e+11
2.366769450007710571e+11
2.366769450007755737e+11
2.366769450007774963e+11
2.366769450007767029e+11
2.366769450007616577e+11
2.366769450007397461e+11
2.366769450007427673e+11
2.366769450007485046e+11
2.366769450007536011e+11
2.366769450007551575e+11
2.366769450007478333e+11
2.366769450007658386e+11
2.366769450007571106e+11
2.366769450007739868e+11
2.366769450007662964e+11
2.366769450007705994e+11
2.366769450007760925e+11
2.366769450007738953e+11
2.366769450007731323e+11
2.366769450007736206e+11
2.366769450007636719e+11
2.366769450007752991e+11
2.366769450007713013e+11
2.366769450007816162e+11
2.366769450007705688e+11
2.366769450007874146e+11
2.366769450007803650e+11
2.366769450007976685e+11
2.366769450007869873e+11
2.366769450007989502e+11
2.366769450007966309e+11
2.366769450008079529e+11
2.366769450008134460e+11
2.366769450008134460e+11
2.366769450008320312e+11
2.366769450008245544e+11
2.366769450008421631e+11
2.366769450008221130e+11
2.366769450008326721e+11
2.366769450008216553e+11
2.366769450008327637e+11
2.366769450008284607e+11
2.366769450008422546e+11
2.366769450008297424e+11
2.366769450008270874e+11
2.366769450008185425e+11
2.366769450008045959e+11
2.366769450008150024e+11
2.366769450008014221e+11
2.366769450008156738e+11
2.366769450008074341e+11
2.366769450008211975e+11
2.366769450008146362e+11
2.366769450008216553e+11
2.366769450008075562e+11
2.366769450008122864e+11
2.366769450008068848e+11
2.366769450008021545e+11
2.366769450007997437e+11
2.366769450008045044e+11
2.366769450008005371e+11
2.366769450008071594e+11
2.366769450008048401e+11
2.366769450008032837e+11
2.366769450008024292e+11
2.366769450008039551e+11
2.366769450007979736e+11
2.366769450007998352e+11
2.366769450008021545e+11
2.366769450007989197e+11
2.366769450007837219e+11
2.366769450007970581e+11
2.366769450007830505e+11
2.366769450008162842e+11
2.366769450010183105e+11
2.366769450015397949e+11
2.366769450007241516e+11
2.366769449951715088e+11
2.366769449929943848e+11
2.366769450379545898e+11
2.366769451410387573e+11
2.366769449651489868e+11
2.366769437514233704e+11
2.366769425571730042e+11
2.366769494586086731e+11
2.366769749050122681e+11
2.366769854882049255e+11
2.366768266467857666e+11
2.366763286493098450e+11
2.366760378942330627e+11
2.366784934163339844e+11
2.366876882731172180e+11
2.367013156059895630e+11
2.366919943080509949e+11
2.365862484387614136e+11
2.362684039129457092e+11
2.356356768760031738e+11
2.346867478746024170e+11
2.335642300370963135e+11
2.324746247359083557e+11
2.315252233793765564e+11
2.306426983221262207e+11
2.296855401758901672e+11
2.286303752749985352e+11
2.275912389038729553e+11
2.266437830432653809e+11
2.257154067912945557e+11
2.247118282297380066e+11
2.236724907359299316e+11
2.226933933161813660e+11
2.217554175106073303e+11
2.207668532387499390e+11
2.197373702443534241e+11
2.187531466044756775e+11
2.178061559746496277e+11
2.168166565348821106e+11
2.157976023993426208e+11
2.148211695255535889e+11
2.138642458587094116e+11
2.128637434586573792e+11
2.118552756585199585e+11
2.108894982486013794e+11
2.099188366325810242e+11
2.089098161261810913e+11
2.079184000040612488e+11
2.069566104474049988e+11
2.059672739425462952e+11
2.049617587654945679e+11
2.039885700504157715e+11
2.030153988336400452e+11
2.020123354717947693e+11
2.010241916497027283e+11
2.000556916751887817e+11
1.990629349103444824e+11
1.980660789340032959e+11
1.970939231146950989e+11
1.961107088702869568e+11
1.951119640629792175e+11
1.941330929909224548e+11
1.931551294052609863e+11
1.921588028900722351e+11
1.911744917881370239e+11
1.901980900070115051e+11
1.892053765859913940e+11
1.882178344028287964e+11
1.872407708279050293e+11
1.862512863036128845e+11
1.852625592861805725e+11
1.842838761620612183e+11
1.832965999162226257e+11
1.823081431492570496e+11
1.813277058791946106e+11
1.803416187639808044e+11
1.793542851854173889e+11
1.783722902277641602e+11
1.773866444023413696e+11
1.764008395919051514e+11
1.754176784041421814e+11
1.744316834320155945e+11
1.739398403484721985e+11
1.734488234834481506e+11
1.729546568783484802e+11
1.724625231911896973e+11
1.719719452297805786e+11
1.714784834640823059e+11
1.709858181718222961e+11
1.704946921646836243e+11
1.700016287886375122e+11
1.695109332047163086e+11
1.690161428730014038e+11
1.685262317319645386e+11
1.680342004874205627e+11
1.675399801177633057e+11
1.670499757487925110e+11
1.665568314111843262e+11
1.660655175658991089e+11
1.655726211661375732e+11
1.650807118301125793e+11
1.645898017482347107e+11
1.640968013604366150e+11
1.636041344361046143e+11
1.631143460072343445e+11
1.626205852774141846e+11
1.621291343377154236e+11
1.616376510948305664e+11
1.611450429956283875e+11
1.606547674610757751e+11
1.601601808560717163e+11
1.596711664485797729e+11
1.591783218710950012e+11
1.586855849069943237e+11
1.581954720474381104e+11
1.577027184044950562e+11
1.572115787196023254e+11
1.567193477964044189e+11
1.562279243645077820e+11
1.557370552007940674e+11
1.552442448269453125e+11
1.547528420900779419e+11
1.542629394615420837e+11
1.537689029019605713e+11
1.532793285612236938e+11
1.527870249565932312e+11
1.522957463980382080e+11
1.518048121696335449e+11
1.513117853113565979e+11
1.508232115073576660e+11
1.503292376518013611e+11
1.498390405924067078e+11
1.493483507149540100e+11
1.488559884721553650e+11
1.483655326852706299e+11
1.478739674808077393e+11
1.473831703947462463e+11
1.468920690588719177e+11
1.464001578579112244e+11
1.459104238930957336e+11
1.454188943915098572e+11
1.449267921024541931e+11
1.444382012435197754e+11
1.439449666339862061e+11
1.434556749347352295e+11
1.429640020659643555e+11
1.424734264479585876e+11
1.419834739303353882e+11
1.414906921986943665e+11
1.410027203673163757e+11
1.405100727802998962e+11
1.400199974479617004e+11
1.395300854965898132e+11
1.390387292837196045e+11
1.385488042599179688e+11
1.380580709847240295e+11
1.375678358407202148e+11
1.370778761282229767e+11
1.365864715639746552e+11
1.360975668823013458e+11
1.356069066941025391e+11
1.351156943584974213e+11
1.346278368317373657e+11
1.341353545931719666e+11
1.336472724482701874e+11
1.331561012817395172e+11
1.326666853549962158e+11
1.321774153093790283e+11
1.316857832043376465e+11
1.311987260662304077e+11
1.307066192201227417e+11
1.302182133861893921e+11
1.297287788331040955e+11
1.292383946783061218e+11
1.287499040222353516e+11
1.282597443589035339e+11
1.277709352251712341e+11
1.272816224196892090e+11
1.267916785130757904e+11
1.263039734732915802e+11
1.258134944146378479e+11
1.253249000165964508e+11
1.248369814444175568e+11
1.243459733622704773e+11
1.238596468476667328e+11
1.233687003437980804e+11
1.228816463770901794e+11
1.223923018082239075e+11
1.219033121638646851e+11
1.214167394992532806e+11
1.209254662165099945e+11
1.204401599413850250e+11
1.199498669938097382e+11
1.194624284475680389e+11
1.189748636516107941e+11
1.184857069601926422e+11
1.179992713677659607e+11
1.175100236056689148e+11
1.170233910707232666e+11
1.165354489431198578e+11
1.160472008156202393e+11
1.155611808418051910e+11
1.150724093527225494e+11
1.145857242869041595e+11
1.140991430945170898e+11
1.136104830191007690e+11
1.131255780450065765e+11
1.126365838772187500e+11
1.121515654450732422e+11
1.116638650812044067e+11
1.111771178065862732e+11
1.106922522229885559e+11
1.102030725128545380e+11
1.097200933579927521e+11
1.092311321220824280e+11
1.087467766352756653e+11
1.082605067928098145e+11
1.077738947155124054e+11
1.072898606122970276e+11
1.068021240768942261e+11
1.063189446910142059e+11
1.058317889669208984e+11
1.053474740213350067e+11
1.048626689156289520e+11
1.043765779881779327e+11
1.038931678933077698e+11
1.034074732697894135e+11
1.029231999513880768e+11
1.024392759259160309e+11
1.019539709452106628e+11
1.014711794028503876e+11
1.009858587168059540e+11
1.005029808569249878e+11
1.000191642698214722e+11
9.953459452466967773e+10
9.905338416056147766e+10
9.856729568487158203e+10
9.808703580927848816e+10
9.760206982818122864e+10
9.712018002780160522e+10
9.663805178668572998e+10
9.615398471016534424e+10
9.567433046439790344e+10
9.518912113977447510e+10
9.471035580606278992e+10
9.422617233094680786e+10
9.374586150117222595e+10
9.326478304381546021e+10
9.278201677354414368e+10
9.230344533385401917e+10
9.182009792082922363e+10
9.134168778538279724e+10
9.085985572623097229e+10
9.038020884813862610e+10
8.990061627160415649e+10
8.941964176710635376e+10
8.894177335828962708e+10
8.846073062972105408e+10
8.798273481262107849e+10
8.750365403800616455e+10
8.702408052491439819e+10
8.654730911328237915e+10
8.606707851198239136e+10
8.559087736447186279e+10
8.511197115778341675e+10
8.463469108494367981e+10
8.415824690558409119e+10
8.367936352402615356e+10
8.320530623515313721e+10
8.272567631422006226e+10
8.225235514812861633e+10
8.177430007953088379e+10
8.129930336991471863e+10
8.082470095249734497e+10
8.034729178563093567e+10
7.987564913998960876e+10
7.939736459988407898e+10
7.892662560589987183e+10
7.844968496704649353e+10
7.797781019511259460e+10
7.750395965616197205e+10
7.702977745288385010e+10
7.655941327364399719e+10
7.608359493660423279e+10
7.561506225611999512e+10
7.513998566463243103e+10
7.467083173677650452e+10
7.419851517924066162e+10
7.372760699123310852e+10
7.325830428609445190e+10
7.278619299074316406e+10
7.231885207986231995e+10
7.184698811569891357e+10
7.137998890231864929e+10
7.091005864819233704e+10
7.044201595881779480e+10
6.997485484638038635e+10
6.950581989980790710e+10
6.904055136310925293e+10
6.857207441163301086e+10
6.810698503722345734e+10
6.764060264272956085e+10
6.717471827883343506e+10
6.671083372422283936e+10
6.624437816233754730e+10
6.578232443036264801e+10
6.531642433260632324e+10
6.485480233232402802e+10
6.439107345175102234e+10
6.392841136003582764e+10
6.346795326246543884e+10
6.300392526528111267e+10
6.254624725134246826e+10
6.208219676412724304e+10
6.162547239249826050e+10
6.116345968739084625e+10
6.070584109471453094e+10
6.024737123780022430e+10
5.978794702445199585e+10
5.933337538895549011e+10
5.887251336383914948e+10
5.842083667373513794e+10
5.796025414629322052e+10
5.750931664919302368e+10
5.705144111503714752e+10
5.659903256676096344e+10
5.614562247140912628e+10
5.569081872546826172e+10
5.524197807873180389e+10
5.478558659742480469e+10
5.433987276166674042e+10
5.388388786413995361e+10
5.343911523212458038e+10
5.298583484179810333e+10
5.253991338136359406e+10
5.209116872530345154e+10
5.164287103030610657e+10
5.119921307717778778e+10
5.074893794205992126e+10
5.030918353886791992e+10
4.985884185921980286e+10
4.942079030341996002e+10
4.897273299872411346e+10
4.853424888584047699e+10
4.809036968398480988e+10
4.765010668050299835e+10
4.721122730213465118e+10
4.676909551345610809e+10
4.633475222632221222e+10
4.589185256402726746e+10
4.546054509173526001e+10
4.501882390254442596e+10
4.458849259125176239e+10
4.415004574504238129e+10
4.371895932142005157e+10
4.328513315816481781e+10
4.285259593086191559e+10
4.242357036202336884e+10
4.199004502699549103e+10
4.156498169329718781e+10
4.113172212930864716e+10
4.070923389830013275e+10
4.027784469321117401e+10
3.985637141919500732e+10
3.942842121183955383e+10
3.900669698756295776e+10
3.858320269822821808e+10
3.816072426699850464e+10
3.774180426436302948e+10
3.731901083879364014e+10
3.690392014031054688e+10
3.648192468220288086e+10
3.606948702186270142e+10
3.564960794191821289e+10
3.523863520632337952e+10
3.482203765512393951e+10
3.441163044765814972e+10
3.399909578540596771e+10
3.358881381186490250e+10
3.318059368166559219e+10
3.277057877832884216e+10
3.236634295446409607e+10
3.195726788783704376e+10
3.155624042102738571e+10
3.114910784207280350e+10
3.075033824771847534e+10
3.034615647042524719e+10
2.994883617570793152e+10
2.954835664741298676e+10
2.915202414074716568e+10
2.875560211527857971e+10
2.836018957614696121e+10
2.796781587214852524e+10
2.757359660057914352e+10
2.718494988829669571e+10
2.679245682356221008e+10
2.640701396268976212e+10
2.601693858520960617e+10
2.563407196997219849e+10
2.524712373316165161e+10
2.486627873528910065e+10
2.448302635952140427e+10
2.410384918871496582e+10
2.372459902202505875e+10
2.334702849698421478e+10
2.297180647099696732e+10
2.259603462233117676e+10
2.222464248393850327e+10
2.185103498849298859e+10
2.148315874002325821e+10
2.111215837476605988e+10
2.074743461341010666e+10
2.037949635688744736e+10
2.001757794868476868e+10
1.965313029406368256e+10
1.929371913958967209e+10
1.893310090645344162e+10
1.857601420907518768e+10
1.821943159482194138e+10
1.786464243705481720e+10
1.751212489683275986e+10
1.715976350449802399e+10
1.681120026038544846e+10
1.646151926180937004e+10
1.611671029451975441e+10
1.577000806784326935e+10
1.542873212508646965e+10
1.508531668145403099e+10
1.474737613156132126e+10
1.440752323421483612e+10
1.407274625899383545e+10
1.373669106564581871e+10
1.340495258701709366e+10
1.307287912793489647e+10
1.290885336886432266e+10
1.274361647024733162e+10
1.258016899609022141e+10
1.241611221631367493e+10
1.225326055328452682e+10
1.209037151534174538e+10
1.192814136115116501e+10
1.176640136158014488e+10
1.160482473852176857e+10
1.144420929351890373e+10
1.128332221020437050e+10
1.112380211742124557e+10
1.096364296661489105e+10
1.080518639582429123e+10
1.064579513522297287e+10
1.048836996896545601e+10
1.032978714756064987e+10
1.017336247343540955e+10
1.001562755844300079e+10
9.860174190989702225e+09
9.703323771165727615e+09
9.548814630158233643e+09
9.392881441490854263e+09
9.239292411974084854e+09
9.084305362729345322e+09
8.931616319548671722e+09
8.777600805806135178e+09
8.625796031283664703e+09
8.472773853282389641e+09
8.321841594895540237e+09
8.169830548512285233e+09
8.019762251318804741e+09
7.868776006983506203e+09
7.719565904992401123e+09
7.569614530208458900e+09
7.421259714680835724e+09
7.272350533380601883e+09
7.124891100439219475e+09
6.977343186248121262e+09
6.831469859255265236e+09
6.685596464875310898e+09
6.541350909406735420e+09
6.397162727711692810e+09
6.254551524745603561e+09
6.112056491543587685e+09
5.971087030045512199e+09
5.830290891818276405e+09
5.690971434601209641e+09
5.551878389848802567e+09
5.414218063535698891e+09
5.276831135447234154e+09
5.140839608423353195e+09
5.005160692897377968e+09
4.870847649423824310e+09
4.736877477816276550e+09
4.604252183055987358e+09
4.471990469958390236e+09
4.341061613117043495e+09
4.210507445785947800e+09
4.081283198771728039e+09
3.952435497997698307e+09
3.824923578732850552e+09
3.697781416577392578e+09
3.571989005436105251e+09
3.446551705653037071e+09
3.322485241710632324e+09
3.198752365505278587e+09
3.076417380892638683e+09
2.954388769935057163e+09
2.833789913546460629e+09
2.713465896144146442e+09
2.594607187703337193e+09
2.475988934509180069e+09
2.358874182163542271e+09
2.241964128406232834e+09
2.126597418847069740e+09
2.011399696016748905e+09
1.897785930893096685e+09
1.784306842067760706e+09
1.672452393745430946e+09
1.560701058887213707e+09
1.450614691925870657e+09
1.340604037690730810e+09
1.232298267243916988e+09
1.124046542258465290e+09
1.017539600794957757e+09
9.110726023109717369e+08
8.063912106517372131e+08
7.017454637259203196e+08
5.989286984365271330e+08
4.961559803985422254e+08
3.952607226279482841e+08
2.944346512779532671e+08
1.955433050437412262e+08
9.676967643121160567e+07
0.000000000000000000e+00
