4.884832708694687462e+05
4.884832704908780288e+05
4.884832693575846497e+05
4.884832674748184509e+05
4.884832648484152742e+05
4.884832614848579979e+05
4.884832573912513908e+05
4.884832525753173395e+05
4.884832470453813439e+05
4.884832408103652415e+05
4.884832338797721313e+05
4.884832262636778178e+05
4.884832179727156763e+05
4.884832090180661180e+05
4.884831994114412810e+05
4.884831891650733887e+05
4.884831782916977536e+05
4.884831668045527185e+05
4.884831608349616290e+05
4.884831547171006096e+05
4.884831484527493594e+05
4.884831420437205234e+05
4.884831354918545694e+05
4.884831287990192650e+05
4.884831219671079307e+05
4.884831149980406626e+05
4.884831078937620041e+05
4.884831006562425173e+05
4.884830932874761638e+05
4.884830857894815854e+05
4.884830781643001828e+05
4.884830704139972222e+05
4.884830625406596228e+05
4.884830585584989749e+05
4.884830545463719754e+05
4.884830535386884585e+05
4.884830525291527738e+05
4.884830515177692869e+05
4.884830505045418977e+05
4.884830494894753210e+05
4.884830484725732822e+05
4.884830474538403214e+05
4.884830464332803967e+05
4.884830454108980484e+05
4.884830443866969435e+05
4.884830433606817969e+05
4.884830423328568577e+05
4.884830413032260258e+05
4.884830402717936668e+05
4.884830392385642626e+05
4.884830382035417715e+05
4.884830371667305590e+05
4.884830361281347577e+05
4.884830350877591991e+05
4.884830340456072008e+05
4.884830330016837106e+05
4.884830319559928612e+05
4.884830309085391345e+05
4.884830298593263724e+05
4.884830288083592313e+05
4.884830277556419023e+05
4.884830267011786927e+05
4.884830256449737353e+05
4.884830245870315703e+05
4.884830235273566213e+05
4.884830224659528467e+05
4.884830214028249029e+05
4.884830203379770974e+05
4.884830192714135046e+05
4.884830182031383156e+05
4.884830171331567108e+05
4.884830160614721244e+05
4.884830149880895042e+05
4.884830139130129828e+05
4.884830128362466348e+05
4.884830117577955825e+05
4.884830106776634348e+05
4.884830095958550228e+05
4.884830085123743629e+05
4.884830074272263446e+05
4.884830063404149842e+05
4.884830052519444143e+05
4.884830041618199903e+05
4.884830030700450297e+05
4.884830019766244222e+05
4.884830008815626497e+05
4.884829997848641942e+05
4.884829986865330138e+05
4.884829975865742308e+05
4.884829964849913958e+05
4.884829953817898640e+05
4.884829942769732443e+05
4.884829931705465424e+05
4.884829920625140076e+05
4.884829909528800054e+05
4.884829898416491342e+05
4.884829887288258178e+05
4.884829876144141890e+05
4.884829864984194282e+05
4.884829853808453190e+05
4.884829842616967508e+05
4.884829831409777980e+05
4.884829820186934085e+05
4.884829808948475402e+05
4.884829797694451991e+05
4.884829786424905760e+05
4.884829775139882695e+05
4.884829763839427033e+05
4.884829752523584175e+05
4.884829741192398360e+05
4.884829729845916736e+05
4.884829718484181212e+05
4.884829707107240683e+05
4.884829695715138223e+05
4.884829684307918069e+05
4.884829672885627369e+05
4.884829661448310944e+05
4.884829649996013031e+05
4.884829638528780197e+05
4.884829632789577590e+05
4.884829627046657843e+05
4.884829621300025028e+05
4.884829615549691371e+05
4.884829609795653960e+05
4.884829604037923273e+05
4.884829598276505712e+05
4.884829592511405353e+05
4.884829586742626270e+05
4.884829580970177776e+05
4.884829575194062782e+05
4.884829569414288271e+05
4.884829563630858320e+05
4.884829557843780494e+05
4.884829552053061780e+05
4.884829546258702176e+05
4.884829540460713906e+05
4.884829534659101046e+05
4.884829528853865340e+05
4.884829523045019014e+05
4.884829517232559156e+05
4.884829511416502646e+05
4.884829505596843665e+05
4.884829499773597345e+05
4.884829493946764269e+05
4.884829488116347929e+05
4.884829482282362296e+05
4.884829476444804459e+05
4.884829470603689551e+05
4.884829464759012335e+05
4.884829458910783869e+05
4.884829453059011139e+05
4.884829447203700547e+05
4.884829441344855586e+05
4.884829435482479748e+05
4.884829429616585257e+05
4.884829423747170949e+05
4.884829417874246137e+05
4.884829411997816060e+05
4.884829406117887120e+05
4.884829400234466302e+05
4.884829394347554771e+05
4.884829388457162422e+05
4.884829382563293329e+05
4.884829376665954478e+05
4.884829370765147032e+05
4.884829364860884962e+05
4.884829358953167684e+05
4.884829353042002185e+05
4.884829347127397195e+05
4.884829341209353879e+05
4.884829335287880385e+05
4.884829329362987191e+05
4.884829323434667313e+05
4.884829317502942868e+05
4.884829311567806872e+05
4.884829305629268638e+05
4.884829299687335733e+05
4.884829293742013979e+05
4.884829287793309777e+05
4.884829281841223710e+05
4.884829275885768002e+05
4.884829269926945562e+05
4.884829263964760466e+05
4.884829257999223773e+05
4.884829252030334901e+05
4.884829246058105491e+05
4.884829240082535543e+05
4.884829234103635536e+05
4.884829228121411288e+05
4.884829222135864547e+05
4.884829216147005791e+05
4.884829210154835600e+05
4.884829204159365618e+05
4.884829198160596425e+05
4.884829192158539663e+05
4.884829186153193004e+05
4.884829180144570419e+05
4.884829174132675398e+05
4.884829168117509107e+05
4.884829162099084351e+05
4.884829156077401130e+05
4.884829150052470504e+05
4.884829144024292473e+05
4.884829137992878095e+05
4.884829131958231446e+05
4.884829125920354854e+05
4.884829119879262289e+05
4.884829113834951422e+05
4.884829107787430985e+05
4.884829101736710290e+05
4.884829095682786428e+05
4.884829089625677443e+05
4.884829083565377514e+05
4.884829077501900028e+05
4.884829071435250225e+05
4.884829065365426941e+05
4.884829059292444144e+05
4.884829053216304164e+05
4.884829047137027374e+05
4.884829041054617264e+05
4.884829034969074419e+05
4.884829028880344122e+05
4.884829022788308212e+05
4.884829016692754230e+05
4.884829010593444109e+05
4.884829004490245134e+05
4.884828998383224243e+05
4.884828992272688774e+05
4.884828986159032211e+05
4.884828980042504845e+05
4.884828973923066515e+05
4.884828967800472747e+05
4.884828961674551247e+05
4.884828955545384088e+05
4.884828949413176742e+05
4.884828943278039224e+05
4.884828937139850459e+05
4.884828930998441647e+05
4.884828924853840144e+05
4.884828918706206023e+05
4.884828912555624847e+05
4.884828906401985441e+05
4.884828900245166733e+05
4.884828894085223437e+05
4.884828887922294089e+05
4.884828881756389164e+05
4.884828875587380026e+05
4.884828869415253284e+05
4.884828863240106148e+05
4.884828857062009629e+05
4.884828850880875252e+05
4.884828844696634915e+05
4.884828838509370107e+05
4.884828832319162902e+05
4.884828826125959167e+05
4.884828819929680903e+05
4.884828813730382244e+05
4.884828807528153411e+05
4.884828801322950749e+05
4.884828795114699751e+05
4.884828788903452805e+05
4.884828782689282671e+05
4.884828776472156169e+05
4.884828770252002287e+05
4.884828764028877486e+05
4.884828757802846958e+05
4.884828751573860063e+05
4.884828745341872564e+05
4.884828739106949070e+05
4.884828732869127998e+05
4.884828726628351724e+05
4.884828720384605112e+05
4.884828714137953939e+05
4.884828707888408098e+05
4.884828701635914040e+05
4.884828695380480494e+05
4.884828689122173237e+05
4.884828682860966073e+05
4.884828676596822334e+05
4.884828670329782763e+05
4.884828664059879375e+05
4.884828657787075499e+05
4.884828651511355420e+05
4.884828645232781419e+05
4.884828638951341854e+05
4.884828632666998892e+05
4.884828626379787456e+05
4.884828620089732576e+05
4.884828613796808058e+05
4.884828607501002261e+05
4.884828601202362916e+05
4.884828594900884782e+05
4.884828588596535847e+05
4.884828582289339975e+05
4.884828575979335001e+05
4.884828569666473777e+05
4.884828563350771437e+05
4.884828557032260578e+05
4.884828550710928394e+05
4.884828544386753347e+05
4.884828538059770362e+05
4.884828531729987008e+05
4.884828525397374760e+05
4.884828519061951083e+05
4.884828512723742169e+05
4.884828506382727064e+05
4.884828500038897619e+05
4.884828493692295160e+05
4.884828487342901644e+05
4.884828480990700773e+05
4.884828474635728053e+05
4.884828468277981156e+05
4.884828461917441455e+05
4.884828455554124084e+05
4.884828449188050581e+05
4.884828442819195334e+05
4.884828436447565327e+05
4.884828430073188501e+05
4.884828423696038080e+05
4.884828417316123378e+05
4.884828410933463019e+05
4.884828404548043036e+05
4.884828398159865756e+05
4.884828391768944566e+05
4.884828385375278885e+05
4.884828378978857654e+05
4.884828372579700081e+05
4.884828366177805001e+05
4.884828359773164266e+05
4.884828353365788353e+05
4.884828346955684829e+05
4.884828340542839724e+05
4.884828334127267590e+05
4.884828327708970173e+05
4.884828321287938743e+05
4.884828314864182612e+05
4.884828308437707601e+05
4.884828302008507890e+05
4.884828295576580567e+05
4.884828289141944260e+05
4.884828282704578596e+05
4.884828276264497545e+05
4.884828269821703434e+05
4.884828263376193936e+05
4.884828256927966722e+05
4.884828250477029360e+05
4.884828244023376610e+05
4.884828237567010801e+05
4.884828231107936590e+05
4.884828224646150484e+05
4.884828218181652483e+05
4.884828214948385139e+05
4.884828211714444915e+05
4.884828208479823661e+05
4.884828205244524870e+05
4.884828202008550288e+05
4.884828198771896423e+05
4.884828195534566767e+05
4.884828192296558409e+05
4.884828189057873678e+05
4.884828185818509082e+05
4.884828182578469859e+05
4.884828179337750771e+05
4.884828176096355310e+05
4.884828172854279401e+05
4.884828169611530029e+05
4.884828166368099628e+05
4.884828163123993436e+05
4.884828159879206214e+05
4.884828156633746112e+05
4.884828153387602651e+05
4.884828150140785147e+05
4.884828146893283702e+05
4.884828143645111704e+05
4.884828140396258677e+05
4.884828137146722293e+05
4.884828133896513609e+05
4.884828130645620404e+05
4.884828127394052572e+05
4.884828124141801964e+05
4.884828120888876147e+05
4.884828117635266972e+05
4.884828114380979678e+05
4.884828111126016011e+05
4.884828107870365493e+05
4.884828104614040931e+05
4.884828101357034757e+05
4.884828098099341150e+05
4.884828094840978738e+05
4.884828091581925401e+05
4.884828088322195108e+05
4.884828085061783204e+05
4.884828081800687942e+05
4.884828078538912232e+05
4.884828075276454329e+05
4.884828072013313649e+05
4.884828068749490194e+05
4.884828065484982217e+05
4.884828062219792628e+05
4.884828058953919099e+05
4.884828055687360466e+05
4.884828052420120221e+05
4.884828049152192543e+05
4.884828045883578598e+05
4.884828042614284204e+05
4.884828039344300050e+05
4.884828036073631956e+05
4.884828032802277012e+05
4.884828029530232889e+05
4.884828026257505990e+05
4.884828022984084673e+05
4.884828019709981163e+05
4.884828016435188474e+05
4.884828013159705442e+05
4.884828009883535560e+05
4.884828006606670679e+05
4.884828003329119529e+05
4.884828000050877454e+05
4.884827996771942708e+05
4.884827993492315873e+05
4.884827990211997530e+05
4.884827986930990010e+05
4.884827983649282833e+05
4.884827980366884149e+05
4.884827977083793958e+05
4.884827973800005857e+05
4.884827970515523921e+05
4.884827967230344657e+05
4.884827963944469229e+05
4.884827960657894728e+05
4.884827957370625227e+05
4.884827954082654323e+05
4.884827950793990749e+05
4.884827947504619369e+05
4.884827944214552408e+05
4.884827940923782298e+05
4.884827937632311950e+05
4.884827934340134962e+05
4.884827931047261809e+05
4.884827927753677941e+05
4.884827924459393835e+05
4.884827921164403670e+05
4.884827917868704535e+05
4.884827914572301088e+05
4.884827911275189836e+05
4.884827907977371360e+05
4.884827904678838095e+05
4.884827901379600517e+05
4.884827898079649312e+05
4.884827894778988557e+05
4.884827891477612429e+05
4.884827888175525004e+05
4.884827884872721042e+05
4.884827881569204619e+05
4.884827878264968749e+05
4.884827874960019253e+05
4.884827871654351475e+05
4.884827868347959593e+05
4.884827865040852921e+05
4.884827861733024474e+05
4.884827858424473088e+05
4.884827855115197599e+05
4.884827851805200335e+05
4.884827848494477803e+05
4.884827845183027675e+05
4.884827841870851698e+05
4.884827838557949290e+05
4.884827835244312882e+05
4.884827831929948879e+05
4.884827828614854370e+05
4.884827825299025280e+05
4.884827821982464520e+05
4.884827818665166851e+05
4.884827815347132855e+05
4.884827812028362532e+05
4.884827808708851808e+05
4.884827805388604174e+05
4.884827802067613229e+05
4.884827798745878972e+05
4.884827795423402567e+05
4.884827792100181105e+05
4.884827788776213420e+05
4.884827785451498348e+05
4.884827782126031816e+05
4.884827778799816733e+05
4.884827775472850772e+05
4.884827772145129857e+05
4.884827768816653988e+05
4.884827765487426077e+05
4.884827762157434481e+05
4.884827758826688514e+05
4.884827755495178862e+05
4.884827752162910183e+05
4.884827748829874909e+05
4.884827745496077696e+05
4.884827742161510396e+05
4.884827738826175919e+05
4.884827735490073683e+05
4.884827732153196121e+05
4.884827728815548471e+05
4.884827725477124914e+05
4.884827722137923120e+05
4.884827718797945417e+05
4.884827715457185986e+05
4.884827712115645991e+05
4.884827708773320774e+05
4.884827705430210335e+05
4.884827702086314093e+05
4.884827698741626227e+05
4.884827695396152558e+05
4.884827692049879697e+05
4.884827688702817541e+05
4.884827685354953865e+05
4.884827682006295072e+05
4.884827678656835342e+05
4.884827675306570018e+05
4.884827671955504338e+05
4.884827668603627826e+05
4.884827665250946302e+05
4.884827661897452781e+05
4.884827658543143189e+05
4.884827655188024510e+05
4.884827651832083939e+05
4.884827648475326714e+05
4.884827645117743523e+05
4.884827641759341932e+05
4.884827638400112046e+05
4.884827635040052119e+05
4.884827631679163314e+05
4.884827628317440394e+05
4.884827624954883358e+05
4.884827621591486968e+05
4.884827618227250641e+05
4.884827614862176706e+05
4.884827611496249447e+05
4.884827608129481669e+05
4.884827604761858820e+05
4.884827601393384975e+05
4.884827598024055478e+05
4.884827594653870328e+05
4.884827591282823123e+05
4.884827587910910952e+05
4.884827584538137889e+05
4.884827581164491712e+05
4.884827577789977659e+05
4.884827574414586416e+05
4.884827571038323804e+05
4.884827567661171779e+05
4.884827564283146057e+05
4.884827560904232669e+05
4.884827557524432195e+05
4.884827554143735324e+05
4.884827550762149622e+05
4.884827547379663447e+05
4.884827543996280874e+05
4.884827540611989680e+05
4.884827537226796849e+05
4.884827533840689575e+05
4.884827530453676009e+05
4.884827527065738686e+05
4.884827523676888668e+05
4.884827520287110819e+05
4.884827516896413872e+05
4.884827513504778617e+05
4.884827510112218442e+05
4.884827506718719378e+05
4.884827503324282588e+05
4.884827499928899342e+05
4.884827496532575460e+05
4.884827493135296390e+05
4.884827489737065625e+05
4.884827486337877926e+05
4.884827482937727473e+05
4.884827479536617175e+05
4.884827476134535391e+05
4.884827472731480957e+05
4.884827469327453291e+05
4.884827465922443080e+05
4.884827462516450905e+05
4.884827459109473275e+05
4.884827455701499712e+05
4.884827452292535454e+05
4.884827448882568278e+05
4.884827445471597603e+05
4.884827442059624009e+05
4.884827438646631781e+05
4.884827435232629068e+05
4.884827431817602483e+05
4.884827428401552024e+05
4.884827424984474201e+05
4.884827421566362027e+05
4.884827418147210265e+05
4.884827414727019495e+05
4.884827411305779242e+05
4.884827407883490669e+05
4.884827404460142716e+05
4.884827401035737712e+05
4.884827397610268090e+05
4.884827394183722208e+05
4.884827390756108798e+05
4.884827387327410979e+05
4.884827383897634572e+05
4.884827380466761533e+05
4.884827377034802339e+05
4.884827373601735453e+05
4.884827370167573681e+05
4.884827366732291994e+05
4.884827363295904943e+05
4.884827359858391574e+05
4.884827356419757707e+05
4.884827352979991119e+05
4.884827349539086572e+05
4.884827346097045811e+05
4.884827342653857195e+05
4.884827339209513739e+05
4.884827335764016025e+05
4.884827332317352411e+05
4.884827328869518824e+05
4.884827325420514680e+05
4.884827321970329504e+05
4.884827318518953398e+05
4.884827315066390438e+05
4.884827311612626654e+05
4.884827308157661464e+05
4.884827304701481480e+05
4.884827301244090195e+05
4.884827297785474220e+05
4.884827294325630646e+05
4.884827290864551323e+05
4.884827287402231013e+05
4.884827283938665641e+05
4.884827280473842402e+05
4.884827277007762459e+05
4.884827273540415335e+05
4.884827270071792882e+05
4.884827266601888696e+05
4.884827263130702777e+05
4.884827259658217081e+05
4.884827256184436847e+05
4.884827252709344029e+05
4.884827249232942122e+05
4.884827245755213080e+05
4.884827242276160978e+05
4.884827238795767771e+05
4.884827235314038699e+05
4.884827231830953970e+05
4.884827228346515330e+05
4.884827224860711140e+05
4.884827221373533248e+05
4.884827217884978745e+05
4.884827214395034825e+05
4.884827210903697996e+05
4.884827207410957781e+05
4.884827203916808357e+05
4.884827200421239249e+05
4.884827196924246964e+05
4.884827193425818696e+05
4.884827189925950952e+05
4.884827186424632673e+05
4.884827182921855710e+05
4.884827179417610168e+05
4.884827175911895465e+05
4.884827172404691228e+05
4.884827168896002695e+05
4.884827165385808330e+05
4.884827161874106969e+05
4.884827158360892208e+05
4.884827154846150079e+05
4.884827151329870103e+05
4.884827147812050534e+05
4.884827144292676239e+05
4.884827140771741979e+05
4.884827137249234365e+05
4.884827133725149906e+05
4.884827130199472886e+05
4.884827126672201557e+05
4.884827123143317876e+05
4.884827119612820097e+05
4.884827116080691339e+05
4.884827112546924036e+05
4.884827109011515277e+05
4.884827105474442942e+05
4.884827101935705869e+05
4.884827098395295325e+05
4.884827094853186863e+05
4.884827091309390380e+05
4.884827087763876189e+05
4.884827084216644871e+05
4.884827080667681294e+05
4.884827077116978471e+05
4.884827073564517777e+05
4.884827070010294556e+05
4.884827066454297747e+05
4.884827062896506395e+05
4.884827059336918755e+05
4.884827055775517947e+05
4.884827052212293493e+05
4.884827048647231422e+05
4.884827045080320677e+05
4.884827041511546704e+05
4.884827037940896116e+05
4.884827034368361929e+05
4.884827030793918530e+05
4.884827027217567666e+05
4.884827023639280815e+05
4.884827020059049828e+05
4.884827016476861900e+05
4.884827012892702478e+05
4.884827009306549444e+05
4.884827005718399305e+05
4.884827002128224703e+05
4.884826998536020983e+05
4.884826994941759622e+05
4.884826991345437709e+05
4.884826987747024396e+05
4.884826984146516770e+05
4.884826980543885147e+05
4.884826976939119631e+05
4.884826973332201596e+05
4.884826969723106595e+05
4.884826966111825313e+05
4.884826962498329231e+05
4.884826958882607869e+05
4.884826955264634453e+05
4.884826951644392102e+05
4.884826948021862772e+05
4.884826944397020270e+05
4.884826940769847715e+05
4.884826937140322407e+05
4.884826933508426300e+05
4.884826929874127381e+05
4.884826926237416919e+05
4.884826922598262900e+05
4.884826918956644950e+05
4.884826915312543279e+05
4.884826911665928783e+05
4.884826908016786329e+05
4.884826904365080409e+05
4.884826900710798218e+05
4.884826897053914727e+05
4.884826893394395593e+05
4.884826889732231502e+05
4.884826886067388114e+05
4.884826882399843307e+05
4.884826878729576711e+05
4.884826875056560384e+05
4.884826871380775701e+05
4.884826867702188902e+05
4.884826864020792418e+05
4.884826860336550162e+05
4.884826856649444089e+05
4.884826852959455573e+05
4.884826849266557838e+05
4.884826845570738078e+05
4.884826841871965444e+05
4.884826838170231786e+05
4.884826834465511492e+05
4.884826830757793505e+05
4.884826827047055704e+05
4.884826823333288776e+05
4.884826819616477587e+05
4.884826815896607004e+05
4.884826812173677026e+05
4.884826808447665535e+05
4.884826804718578351e+05
4.884826800986403832e+05
4.884826797251140815e+05
4.884826793512792792e+05
4.884826789771358599e+05
4.884826786026848131e+05
4.884826782279256731e+05
4.884826778528613504e+05
4.884826774774918449e+05
4.884826771018195432e+05
4.884826767258461332e+05
4.884826763495738851e+05
4.884826759730065241e+05
4.884826755961455056e+05
4.884826752189959516e+05
4.884826748415609472e+05
4.884826744638447417e+05
4.884826740858531557e+05
4.884826737075898563e+05
4.884826733290618868e+05
4.884826729502745438e+05
4.884826725712350453e+05
4.884826721919498523e+05
4.884826718124269973e+05
4.884826714326745714e+05
4.884826710527004325e+05
4.884826706725141848e+05
4.884826702921251999e+05
4.884826699115433148e+05
4.884826695307788323e+05
4.884826691498426953e+05
4.884826687687460799e+05
4.884826683875003364e+05
4.884826680061179213e+05
4.884826676246105926e+05
4.884826672429918544e+05
4.884826668612730573e+05
4.884826664794688695e+05
4.884826660975911072e+05
4.884826657156539150e+05
4.884826653336703894e+05
4.884826649516532780e+05
4.884826645696165506e+05
4.884826641875719652e+05
4.884826638055331423e+05
4.884826634235112579e+05
4.884826630415182444e+05
4.884826626595649868e+05
4.884826622776607401e+05
4.884826618958157487e+05
4.884826615140362992e+05
4.884826611323308898e+05
4.884826607507025474e+05
4.884826603691561031e+05
4.884826599876924884e+05
4.884826596063113539e+05
4.884826592250092654e+05
4.884826588437810424e+05
4.884826584626188269e+05
4.884826580815102207e+05
4.884826577004411374e+05
4.884826573193929507e+05
4.884826569383429014e+05
4.884826565572642721e+05
4.884826561761259800e+05
4.884826557948917616e+05
4.884826554135190090e+05
4.884826550319619128e+05
4.884826546501651756e+05
4.884826542680704733e+05
4.884826538856104016e+05
4.884826535027112695e+05
4.884826531192912953e+05
4.884826527352603734e+05
4.884826523505217629e+05
4.884826519649667898e+05
4.884826515784807270e+05
4.884826511909364490e+05
4.884826508021982154e+05
4.884826504121200414e+05
4.884826500205436605e+05
4.884826496273005032e+05
4.884826492322108243e+05
4.884826488350817235e+05
4.884826484357086592e+05
4.884826480338749825e+05
4.884826476293504238e+05
4.884826472218927229e+05
4.884826468112454168e+05
4.884826463971391786e+05
4.884826459792921087e+05
4.884826455574075226e+05
4.884826451311773853e+05
4.884826447002783534e+05
4.884826442643764312e+05
4.884826438231230713e+05
4.884826433761596563e+05
4.884826429231142974e+05
4.884826424636045122e+05
4.884826419972387375e+05
4.884826415236146422e+05
4.884826410423231428e+05
4.884826405529465992e+05
4.884826400550630642e+05
4.884826395482451189e+05
4.884826390320652863e+05
4.884826385060929460e+05
4.884826379699010868e+05
4.884826374230663059e+05
4.884826368651710800e+05
4.884826362958091195e+05
4.884826357145851944e+05
4.884826351211214205e+05
4.884826345150581910e+05
4.884826338960612775e+05
4.884826332638234599e+05
4.884826326180691831e+05
4.884826319585634046e+05
4.884826312851091498e+05
4.884826305975634023e+05
4.884826298958312836e+05
4.884826291798847378e+05
4.884826284497571178e+05
4.884826277055619285e+05
4.884826269474889850e+05
4.884826261758219334e+05
4.884826253909407533e+05
4.884826245933311293e+05
4.884826237835967331e+05
4.884826229624625412e+05
4.884826221307918313e+05
4.884826212895893841e+05
4.884826204400178976e+05
4.884826195834022947e+05
4.884826187212485820e+05
4.884826178552472265e+05
4.884826169872899773e+05
4.884826161194806919e+05
4.884826152541434858e+05
4.884826143938425812e+05
4.884826135413830634e+05
4.884826126998361433e+05
4.884826118725385750e+05
4.884826110631155316e+05
4.884826102754808962e+05
4.884826095138613600e+05
4.884826087827961310e+05
4.884826080871524755e+05
4.884826074321371852e+05
4.884826068232999532e+05
4.884826062665483332e+05
4.884826057681473321e+05
4.884826053347338457e+05
4.884826049733119435e+05
4.884826046912642778e+05
4.884826044963466702e+05
4.884826043966919533e+05
4.884826044008041499e+05
4.884826045175551553e+05
4.884826047561750747e+05
4.884826051262426772e+05
4.884826056376696215e+05
4.884826063006866607e+05
4.884826071258152369e+05
4.884826081238522893e+05
4.884826093058274710e+05
4.884826106829838827e+05
4.884826122667209711e+05
4.884826140685667051e+05
4.884826161001119763e+05
4.884826183729610639e+05
4.884826208986697602e+05
4.884826236886598635e+05
4.884826267541663256e+05
4.884826301061156555e+05
4.884826337550735334e+05
4.884826377110925969e+05
4.884826419836505083e+05
4.884826465814794647e+05
4.884826515124737052e+05
4.884826567835178575e+05
4.884826624003456673e+05
4.884826683673831867e+05
4.884826746875405661e+05
4.884826813620767207e+05
4.884826883903265116e+05
4.884826957695746096e+05
4.884827034947308712e+05
4.884827115581946564e+05
4.884827199495037785e+05
4.884827286551569123e+05
4.884827376582652214e+05
4.884827469383094576e+05
4.884827564708164427e+05
4.884827662270306610e+05
4.884827761736323591e+05
4.884827862723200815e+05
4.884827964795640437e+05
4.884828067461256869e+05
4.884828170168173965e+05
4.884828272299953387e+05
4.884828373173002037e+05
4.884828472031602287e+05
4.884828568044845597e+05
4.884828660302131902e+05
4.884828747809563647e+05
4.884828829486069153e+05
4.884828904159310623e+05
4.884828970562488539e+05
4.884829027330136742e+05
4.884829072995390161e+05
4.884829105986190261e+05
4.884829124622862437e+05
4.884829127115177689e+05
4.884829111560262972e+05
4.884829075940836337e+05
4.884829018123685382e+05
4.884828935859221383e+05
4.884828826781077078e+05
4.884828688406840083e+05
4.884828518139651278e+05
4.884828313269866630e+05
4.884828070979560725e+05
4.884827788345080335e+05
4.884827462345155072e+05
4.884827089864720474e+05
4.884826667706829612e+05
4.884826192598784110e+05
4.884825661207629018e+05
4.884825070150101674e+05
4.884824416010984569e+05
4.884823695358810946e+05
4.884822904766533757e+05
4.884822040834680083e+05
4.884821100213787868e+05
4.884820079636762966e+05
4.884818975943115074e+05
4.884817786121452227e+05
4.884816507336403592e+05
4.884815136980983079e+05
4.884813672708693775e+05
4.884812112494364846e+05
4.884810454674526118e+05
4.884808698014349211e+05
4.884806841760295792e+05
4.884804885711083771e+05
4.884802830285331584e+05
4.884800676595028490e+05
4.884798426530415891e+05
4.884796082835549023e+05
4.884793649210935109e+05
4.884791130391790066e+05
4.884788532267165137e+05
4.884785861963632051e+05
4.884783127977644326e+05
4.884780340267642168e+05
4.884777510395066929e+05
4.884774651629044092e+05
4.884771779090939090e+05
4.884768909873936209e+05
4.884766063186710817e+05
4.884763260488458327e+05
4.884760525628354517e+05
4.884757884994173655e+05
4.884755367645368096e+05
4.884753005469764466e+05
4.884750833309991867e+05
4.884748889119943487e+05
4.884747214084589505e+05
4.884745852765924064e+05
4.884744853214484756e+05
4.884744267094368115e+05
4.884744149782312452e+05
4.884744560461616493e+05
4.884745562200074201e+05
4.884747222004237119e+05
4.884749610862792470e+05
4.884752803753738408e+05
4.884756879634301295e+05
4.884761921395200770e+05
4.884768015773610095e+05
4.884775253247247310e+05
4.884783727843936649e+05
4.884793536966700922e+05
4.884804781075618812e+05
4.884817563422601670e+05
4.884831989578478388e+05
4.884848167059119442e+05
4.884866204686736455e+05
4.884886212061253609e+05
4.884908298730370007e+05
4.884920156259824871e+05
4.884932574347817572e+05
4.884945566324801766e+05
4.884959145339669776e+05
4.884973324341803091e+05
4.884988116023824550e+05
4.885003532799926470e+05
4.885019586753975600e+05
4.885036289603688056e+05
4.885053652652095770e+05
4.885071686736107804e+05
4.885090402186142164e+05
4.885109808751032106e+05
4.885129915569208679e+05
4.885150731091205962e+05
4.885172263051902410e+05
4.885194518353292951e+05
4.885217503019537544e+05
4.885241222082708264e+05
4.885265679576413822e+05
4.885290878436881467e+05
4.885316820500903414e+05
4.885343506345701753e+05
4.885370935246382724e+05
4.885399104997250834e+05
4.885428011911974754e+05
4.885457650643467205e+05
4.885488014190995600e+05
4.885519093720380915e+05
4.885550878543844447e+05
4.885583355883492623e+05
4.885616510872161016e+05
4.885650326388411340e+05
4.885684782999480958e+05
4.885719858701344347e+05
4.885755528917834163e+05
4.885791766358168679e+05
4.885828540904085967e+05
4.885865819347150973e+05
4.885903565370733268e+05
4.885941739383706008e+05
4.885980298358916189e+05
4.886019195644419524e+05
4.886058380921155913e+05
4.886097799973747460e+05
4.886137394498757203e+05
4.886177101994834375e+05
4.886216855628060293e+05
4.886256583989047213e+05
4.886296210930699599e+05
4.886335655477037071e+05
4.886374831588439411e+05
4.886413647991798935e+05
4.886452007981788483e+05
4.886489809275690932e+05
4.886526943792692618e+05
4.886563297569549759e+05
4.886598750467852806e+05
4.886633176041319966e+05
4.886666441331976675e+05
4.886698406748325215e+05
4.886728925778197590e+05
4.886757844926488469e+05
4.886785003452940728e+05
4.886810233236300992e+05
4.886833358566785464e+05
4.886854196053053602e+05
4.886872554359598435e+05
4.886888234110285994e+05
4.886901027706510504e+05
4.886910719276298769e+05
4.886917084083817899e+05
4.886919890370314242e+05
4.886918891317674424e+05
4.886913844878817908e+05
4.886904482275665505e+05
4.886890506563048693e+05
4.886871628076113993e+05
4.886847533803301048e+05
4.886817906612154329e+05
4.886782414995115250e+05
4.886740716764153331e+05
4.886692456674657296e+05
4.886637268246919848e+05
4.886574771756588598e+05
4.886504576138489065e+05
4.886426276920486125e+05
4.886339458275978686e+05
4.886243690916388878e+05
4.886138534316263394e+05
4.886023534535405342e+05
4.885898226677638595e+05
4.885762132614479633e+05
4.885614763690321124e+05
4.885455618415985955e+05
4.885284185322067933e+05
4.885099940776622389e+05
4.884902351878868067e+05
4.884690874462327920e+05
4.884464956108094775e+05
4.884224034193922416e+05
4.883967539225009969e+05
4.883694892828161246e+05
4.883405511400183314e+05
4.883098804245506763e+05
4.882774177281645243e+05
4.882431031607857440e+05
4.882068767156834365e+05
4.881686781654798542e+05
4.881284474478478660e+05
4.880861245733114192e+05
4.880416500546653406e+05
4.879949648304896546e+05
4.879460107156857848e+05
4.878947303860818502e+05
4.878410678096495685e+05
4.877849683194476529e+05
4.877263790322967689e+05
4.876652489803696517e+05
4.876015295719468268e+05
4.875351747405796777e+05
4.874661414742983761e+05
4.873943899979969137e+05
4.873198843241936993e+05
4.872425925381369889e+05
4.871624873102493002e+05
4.870795463344843010e+05
4.869937528020040481e+05
4.869050959655430051e+05
4.868135716242240742e+05
4.867191827615316724e+05
4.866219400868001394e+05
4.865218627489022911e+05
4.864189789173476165e+05
4.863133266131340060e+05
4.862049542849147110e+05
4.860939217985632131e+05
4.859803010055407649e+05
4.858641768827988999e+05
4.857456481104037957e+05
4.856248283440634841e+05
4.855018468088926747e+05
4.853768497541210963e+05
4.852500010076101171e+05
4.851214836852991721e+05
4.849915006208849372e+05
4.848602763945664046e+05
4.847280576319391257e+05
4.845951153392324341e+05
4.844617451153011061e+05
4.843282697127696592e+05
4.841950392315175850e+05
4.840624338929426158e+05
4.839308642197740846e+05
4.838007740728310309e+05
4.836726406979722087e+05
4.835469781264766352e+05
4.834243369717655587e+05
4.833053082994072465e+05
4.831905231298557483e+05
4.830806568042048602e+05
4.829764282222077600e+05
4.828786046661470900e+05
4.827880008029869059e+05
4.827054839183409349e+05
4.826319726480265381e+05
4.825684426558551495e+05
4.825159250359368161e+05
4.824755125477901311e+05
4.824483576139202341e+05
4.824356791826033150e+05
4.824387602578134392e+05
4.824589554088349105e+05
4.824976878441014560e+05
4.825564575711243087e+05
4.826368380251926719e+05
4.827404849054830265e+05
4.828691323634743458e+05
4.830246026425704476e+05
4.832088017975665280e+05
4.834237302152250777e+05
4.836714778281965991e+05
4.839542356176453177e+05
4.842742906116878148e+05
4.846340384633822250e+05
4.850359786027718219e+05
4.854827276265282999e+05
4.859770143056252855e+05
4.865216995784229948e+05
4.871197391336141154e+05
4.877743733971798210e+05
4.884883499999854830e+05
