9.170000000000000000e+02
9.170000000000001137e+02
9.170000000000000000e+02
9.170000000000001137e+02
9.170000000000000000e+02
9.169999999999995453e+02
9.170000000000000000e+02
9.170000000000002274e+02
9.170000000000000000e+02
9.170000000000000000e+02
9.169999999999997726e+02
9.169999999999997726e+02
9.170000000000000000e+02
9.170000000000002274e+02
9.170000000000000000e+02
9.170000000000001137e+02
9.170000000000000000e+02
9.170000000000001137e+02
9.170000000000000000e+02
9.170000000000002274e+02
9.170000000000000000e+02
9.169999999999996589e+02
9.169999999999997726e+02
9.170000000000002274e+02
9.169999999999998863e+02
9.170000000000001137e+02
9.170000000000000000e+02
9.170000000000002274e+02
9.170000000000000000e+02
9.170000000000000000e+02
9.170000000000001137e+02
9.170000000000000000e+02
9.170000000000001137e+02
9.170000000000000000e+02
9.170000000000002274e+02
9.170000000000000000e+02
9.170000000000001137e+02
9.169999999999997726e+02
9.170000000000001137e+02
9.170000000000001137e+02
9.169999999999997726e+02
9.170000000000005684e+02
9.169999999999997726e+02
9.170000000000001137e+02
9.170000000000001137e+02
9.170000000000000000e+02
9.170000000000000000e+02
9.170000000000000000e+02
9.170000000000001137e+02
9.170000000000000000e+02
9.170000000000001137e+02
9.170000000000000000e+02
9.170000000000001137e+02
9.170000000000000000e+02
9.170000000000001137e+02
9.170000000000000000e+02
9.170000000000001137e+02
9.170000000000000000e+02
9.170000000000001137e+02
9.170000000000000000e+02
9.170000000000001137e+02
9.170000000000000000e+02
9.170000000000001137e+02
9.170000000000000000e+02
9.170000000000001137e+02
9.170000000000000000e+02
9.170000000000001137e+02
9.170000000000000000e+02
9.170000000000001137e+02
9.170000000000000000e+02
9.170000000000001137e+02
9.170000000000000000e+02
9.170000000000001137e+02
9.170000000000000000e+02
9.170000000000001137e+02
9.170000000000000000e+02
9.170000000000001137e+02
9.170000000000000000e+02
9.170000000000002274e+02
9.170000000000000000e+02
9.169999999999996589e+02
9.169999999999997726e+02
9.170000000000002274e+02
9.169999999999998863e+02
9.170000000000001137e+02
9.170000000000000000e+02
9.170000000000002274e+02
9.169999999999998863e+02
9.170000000000002274e+02
9.170000000000000000e+02
9.170000000000001137e+02
9.170000000000000000e+02
9.170000000000001137e+02
9.170000000000000000e+02
9.170000000000001137e+02
9.170000000000000000e+02
9.170000000000001137e+02
9.170000000000000000e+02
9.170000000000001137e+02
9.170000000000000000e+02
9.170000000000001137e+02
9.170000000000000000e+02
9.170000000000001137e+02
9.170000000000000000e+02
9.170000000000001137e+02
9.170000000000000000e+02
9.170000000000001137e+02
9.170000000000006821e+02
9.170000000000670752e+02
9.170000000000685532e+02
9.169999999992528501e+02
9.169999999981880592e+02
9.170000000035871608e+02
9.170000000221283472e+02
9.170000000120838877e+02
9.169999998419544909e+02
9.169999995722515678e+02
9.170000003111337037e+02
9.170000040033535242e+02
9.170000072016863442e+02
9.169999886532619939e+02
9.169999196012604443e+02
9.169998614791992395e+02
9.170001451861734267e+02
9.170013056519178463e+02
9.170030539852577931e+02
9.170019510291123197e+02
9.169894463192439389e+02
9.169543495239785216e+02
9.168923651979270062e+02
9.168171528916947182e+02
9.167589294127681114e+02
9.167426253962048577e+02
9.167615687479194548e+02
9.167789801925877100e+02
9.167656843626751879e+02
9.167335424520438210e+02
9.167178675637757124e+02
9.167270232410389781e+02
9.167310014468840791e+02
9.167093187900225075e+02
9.166839263886869276e+02
9.166812868322369923e+02
9.166866528670132084e+02
9.166715835225343199e+02
9.166459921376438160e+02
9.166380097853246980e+02
9.166397188608382294e+02
9.166243124849503374e+02
9.166000870919159524e+02
9.165917377187377042e+02
9.165886126529557032e+02
9.165688721731841042e+02
9.165465820075114607e+02
9.165394372707689854e+02
9.165297584840458285e+02
9.165056433032062841e+02
9.164874624748263159e+02
9.164796666936747442e+02
9.164612344933706254e+02
9.164358877136299952e+02
9.164219102005174591e+02
9.164079264552100312e+02
9.163819917526341214e+02
9.163605217284086848e+02
9.163463687927796855e+02
9.163225406450658284e+02
9.162955908518723618e+02
9.162776544939665655e+02
9.162554407189309131e+02
9.162255850900129417e+02
9.162024370810410119e+02
9.161799226640916913e+02
9.161488092247484474e+02
9.161207763978442244e+02
9.160960574303259136e+02
9.160638365276547574e+02
9.160316631185548886e+02
9.160035699365409982e+02
9.159697127136095105e+02
9.159339932879922799e+02
9.159018899894330161e+02
9.158655929876404116e+02
9.158266181950494911e+02
9.157901982115902229e+02
9.157506397171806611e+02
9.157083897557068894e+02
9.156674490074574351e+02
9.156239112710501331e+02
9.155781292921375325e+02
9.155325063330095645e+02
9.154842821508171937e+02
9.154343969528084699e+02
9.154104979706866061e+02
9.153830625417580222e+02
9.153561735371384884e+02
9.153325815800310465e+02
9.153034400331403049e+02
9.152754008220836113e+02
9.152491066021665347e+02
9.152199322716973029e+02
9.151917919853370904e+02
9.151609998016933787e+02
9.151321048754253979e+02
9.151037622504396722e+02
9.150692106242024693e+02
9.150406522212532536e+02
9.150087951743871599e+02
9.149756922626166897e+02
9.149433758256944884e+02
9.149093917360115711e+02
9.148771986907341898e+02
9.148417644448350075e+02
9.148054002076858069e+02
9.147730986908147770e+02
9.147349441438249187e+02
9.146978987807627846e+02
9.146622393371438875e+02
9.146231196695491690e+02
9.145860243810429893e+02
9.145449098707356370e+02
9.145066616670533222e+02
9.144674701297307138e+02
9.144229841101795273e+02
9.143845507937400043e+02
9.143411927095191913e+02
9.142977090231888724e+02
9.142545334273673916e+02
9.142095417287301871e+02
9.141658452104744583e+02
9.141184533339946938e+02
9.140715343936691397e+02
9.140270161243309985e+02
9.139755902829816705e+02
9.139281710657019175e+02
9.138791731017170150e+02
9.138273102517636062e+02
9.137774948397299113e+02
9.137233292024253615e+02
9.136729828382812002e+02
9.136177659357909988e+02
9.135617886329924886e+02
9.135096113712527313e+02
9.134501791591399069e+02
9.133939611801669116e+02
9.133359112649914096e+02
9.132762447853228878e+02
9.132168321950298377e+02
9.131541707855354844e+02
9.130937339604463432e+02
9.130306242554931941e+02
9.129640150148828752e+02
9.129024677957470431e+02
9.128338329075037336e+02
9.127669290604339949e+02
9.126995429528690238e+02
9.126286800071669632e+02
9.125601573298004041e+02
9.124856427030288160e+02
9.124153579073416722e+02
9.123408574327363567e+02
9.122635054843642592e+02
9.121904511358185346e+02
9.121103428704167300e+02
9.120322913722014846e+02
9.119523338130035199e+02
9.118703511695584893e+02
9.117887360440222437e+02
9.117028243083209418e+02
9.116190410412269785e+02
9.115324851985005807e+02
9.114416810077397031e+02
9.113558506277212246e+02
9.112620019419126720e+02
9.111704461289098163e+02
9.110770890952171612e+02
9.109801869052242864e+02
9.108854573877958956e+02
9.107837735780262847e+02
9.106868342930639528e+02
9.105835867745344103e+02
9.104790769475577008e+02
9.103772639146227448e+02
9.102672464887588148e+02
9.101609519083813211e+02
9.100501517766150528e+02
9.099380954721760872e+02
9.098253494129960472e+02
9.097080487308336387e+02
9.095931226973317507e+02
9.094723373350474276e+02
9.093506442699341505e+02
9.092305876290974993e+02
9.091016832306265769e+02
9.089778078822577072e+02
9.088474480860945732e+02
9.087161827032740575e+02
9.085844765122524223e+02
9.084465837067053826e+02
9.083129357640552826e+02
9.081693704794041651e+02
9.080300707338410575e+02
9.078862189157363218e+02
9.077370534602943053e+02
9.075923026726651415e+02
9.074377782554398664e+02
9.072865861238643674e+02
9.071296578956964822e+02
9.069711891650076723e+02
9.068117836877298714e+02
9.066456079564600259e+02
9.064827015424797310e+02
9.063121974888063050e+02
9.061403189127360065e+02
9.059691480992808010e+02
9.057885418745161132e+02
9.056122632739179608e+02
9.054278850696268819e+02
9.052430763937118172e+02
9.050558376819927844e+02
9.048619927746786971e+02
9.046719631780229065e+02
9.044698743690059928e+02
9.042732122018061318e+02
9.040684908718735642e+02
9.038599248931631109e+02
9.036537811666443076e+02
9.034359117809975714e+02
9.032233187581722405e+02
9.030001037462653812e+02
9.027783608798798696e+02
9.025512241865982332e+02
9.023185832609518684e+02
9.020880273157282545e+02
9.018459902602554621e+02
9.016071708445987269e+02
9.013612209819331156e+02
9.011101478988263125e+02
9.008600303707672765e+02
9.005996192351594800e+02
9.003411124081317212e+02
9.000741599096627397e+02
8.998050580339873932e+02
8.995330057265948653e+02
8.992515683194092162e+02
8.989742384662147288e+02
8.986829350503428486e+02
8.983947110739818527e+02
8.980991131001632084e+02
8.977961792771899354e+02
8.974959033746837349e+02
8.971809856311659814e+02
8.968717927754040602e+02
8.965481747793484146e+02
8.962266747346793636e+02
8.958971905978829682e+02
8.955602376830817093e+02
8.952257956116893638e+02
8.948749664488971121e+02
8.945302916908897259e+02
8.941715255558120816e+02
8.938113565629704453e+02
8.934463565601523669e+02
8.930711476272699656e+02
8.926973395049660667e+02
8.923093526417366093e+02
8.919236553258070899e+02
8.915258394034975709e+02
8.911242295208070345e+02
8.907191369353231494e+02
8.903007896927301772e+02
8.898853277182495276e+02
8.894549996571004158e+02
8.890234043803812938e+02
8.885844077009336388e+02
8.881351654039289087e+02
8.876862490714872820e+02
8.872208998437288301e+02
8.867592179115990803e+02
8.862805601743191346e+02
8.858016149727468473e+02
8.853136947184183327e+02
8.848137817076379861e+02
8.843167726125211630e+02
8.837982452467105077e+02
8.832864751714330396e+02
8.827548319132216648e+02
8.822230405743379151e+02
8.816808008280509057e+02
8.811273345277356839e+02
8.805740283284955012e+02
8.799996197328141534e+02
8.794321333301887762e+02
8.788407471278474077e+02
8.782529529818839364e+02
8.776496545612503724e+02
8.770374294870545100e+02
8.764224017444340689e+02
8.757875678292296016e+02
8.751561841777158861e+02
8.745028310776810940e+02
8.738505807166293380e+02
8.731814098039792498e+02
8.725053158576761234e+02
8.718215292325933206e+02
8.711206325880308441e+02
8.704202753152693504e+02
8.696976105735487863e+02
8.689751343373997088e+02
8.682352980993540541e+02
8.674864754576410633e+02
8.667302583374613505e+02
8.659556023680977432e+02
8.651797779512394300e+02
8.643821084154501477e+02
8.635827102909571522e+02
8.627647318061349324e+02
8.619381243328059554e+02
8.611019091390845688e+02
8.602459591745395073e+02
8.593906441723514718e+02
8.585073778191414249e+02
8.576277332112556451e+02
8.567222524930822374e+02
8.558123496160266086e+02
8.548878723433779214e+02
8.539454181359030827e+02
8.530010254648875616e+02
8.520272861313837893e+02
8.510594220702761277e+02
8.500576072220333117e+02
8.490610396733479774e+02
8.480357618653863483e+02
8.470046540797538910e+02
8.459595205772192230e+02
8.448910533673281407e+02
8.438250000199101351e+02
8.427215663088899191e+02
8.416290241723406780e+02
8.404959432644644721e+02
8.393702181252147057e+02
8.382123036913601482e+02
8.370484867144685950e+02
8.358679016872664533e+02
8.346640630654671895e+02
8.334600881588262382e+02
8.322170978126962382e+02
8.309858048309598644e+02
8.297084206883338311e+02
8.284420998567702554e+02
8.271369844071025454e+02
8.258292866385211255e+02
8.244989587991318558e+02
8.231482551138558392e+02
8.217919340212164343e+02
8.203985400917517836e+02
8.190131962222451421e+02
8.175809538418906186e+02
8.161600057572915148e+02
8.146941959514808786e+02
8.132322615879984369e+02
8.117361098507301449e+02
8.102289674629962519e+02
8.087049724512484090e+02
8.071507678216966042e+02
8.055967151270493787e+02
8.039988480572525305e+02
8.024092038893500103e+02
8.007720107646852057e+02
7.991414366411398760e+02
7.974688305245443871e+02
7.957931246451935294e+02
7.940869882734746170e+02
7.923639015002794395e+02
7.906251815508784375e+02
7.888533850836021202e+02
7.870804927077808770e+02
7.852627386719232163e+02
7.834506830803023831e+02
7.815910261916403670e+02
7.797349615915751428e+02
7.778371391263016221e+02
7.759331240506446647e+02
7.739986620316288963e+02
7.720455696830886154e+02
7.700743297935066494e+02
7.680716309732150648e+02
7.660624373029467051e+02
7.640117710793217611e+02
7.619615181221398643e+02
7.598654697129423994e+02
7.577704690283947002e+02
7.556323984419424278e+02
7.534891659890088249e+02
7.513108587961431795e+02
7.491175624029476694e+02
7.469003042649706003e+02
7.446558755921798820e+02
7.423986479226778101e+02
7.401048071342398771e+02
7.378054926854865698e+02
7.354639252008796575e+02
7.331200221959709324e+02
7.307332051070188754e+02
7.283425223196426259e+02
7.259120645631059006e+02
7.234726386131836762e+02
7.210003757739392540e+02
7.185110081673990408e+02
7.159976051093470915e+02
7.134577912837474969e+02
7.109033004016687300e+02
7.083141427737019740e+02
7.057171421677727494e+02
7.030803195371407810e+02
7.004390415171292261e+02
6.977570981612936976e+02
6.950698140789103263e+02
6.923442841907450429e+02
6.896098792135052236e+02
6.868424905477006632e+02
6.840607049939404760e+02
6.812517484929501279e+02
6.784226266934433625e+02
6.755731358899398629e+02
6.726970621475517191e+02
6.698072236114080624e+02
6.668848528876194450e+02
6.639545675803839231e+02
6.609879254522054453e+02
6.580162114539115237e+02
6.550072874358505715e+02
6.519931382837906995e+02
6.489442500211706601e+02
6.458874542015217912e+02
6.427999074967034403e+02
6.397006764861902184e+02
6.365755168491730274e+02
6.334347631984907139e+02
6.302730603306616786e+02
6.270915489087637980e+02
6.238939969196502489e+02
6.206727032055381414e+02
6.174404186081322905e+02
6.141807933227074727e+02
6.125501167779948446e+02
6.109080565034000756e+02
6.092690955534742443e+02
6.076177861778123770e+02
6.059705246414040403e+02
6.043103846216556576e+02
6.026548082317453918e+02
6.009862274269352156e+02
5.993222591875770604e+02
5.976455501929774528e+02
5.959730809562576042e+02
5.942885338439846237e+02
5.926075197923034921e+02
5.909154686290488598e+02
5.892259722131503850e+02
5.875267708366336592e+02
5.858289002178821647e+02
5.841228371176790688e+02
5.824166743737304159e+02
5.807039402763518865e+02
5.789895531243686264e+02
5.772703006252756950e+02
5.755478128977516690e+02
5.738222286574720101e+02
5.720918508381873835e+02
5.703601552062669953e+02
5.686221359125611343e+02
5.668845238476524173e+02
5.651390831894915436e+02
5.633956877679063382e+02
5.616430074027713317e+02
5.598939289735084230e+02
5.581341996368512355e+02
5.563795622579791598e+02
5.546130272002362744e+02
5.528529924962203950e+02
5.510799685259875105e+02
5.488827060141093170e+02
5.453928081204846876e+02
5.427539568269673964e+02
5.392520067699880428e+02
5.365938562704026253e+02
5.330808979511313055e+02
5.304044024314979424e+02
5.268815289286818597e+02
5.241876724140795432e+02
5.206560275358601757e+02
5.179458279643503147e+02
5.144065783662506419e+02
5.116810529456013796e+02
5.081353440965144728e+02
5.053954745519838525e+02
5.018444042292179006e+02
4.990911296441988725e+02
4.955357509154532067e+02
4.927699828766715200e+02
4.892113168898192725e+02
4.864339487602002805e+02
4.828729788271862731e+02
4.800848670311285105e+02
4.765225030570398985e+02
4.737244215934365457e+02
4.701614462361904430e+02
4.673540315377584875e+02
4.637910456806922070e+02
4.609747450554083343e+02
4.574121181835531047e+02
4.545871385374967986e+02
4.510249524892118416e+02
4.481911917665528904e+02
4.446291571098504392e+02
4.417860974141427732e+02
4.382234232859746044e+02
4.353699695692462797e+02
4.318051738415969112e+02
4.289394268402829198e+02
4.253700751438468046e+02
4.224890243648825958e+02
4.189113785148154534e+02
4.160104878397422681e+02
4.124190262743189805e+02
4.094916625731353861e+02
4.058784097012668326e+02
4.029150354807946997e+02
3.992686035656438435e+02
3.962556157700616382e+02
3.925598160131873442e+02
3.894778560630170432e+02
3.857096518512194621e+02
3.825311515588740576e+02
3.786574205381573393e+02
3.753437056441516120e+02
3.713130102615574515e+02
3.678230071377058721e+02
3.635013299387031225e+02
3.600000000000000000e+02
