-7.385590935001671586e-10
-7.385590935001673654e-10
-7.385590935001671586e-10
-7.385590935001673654e-10
-7.385590935001670552e-10
-7.385590935001671586e-10
-7.385590935001669518e-10
-7.385590935001671586e-10
-7.385590935001671586e-10
-7.385590935001672620e-10
-7.385590935001672620e-10
-7.385590935001673654e-10
-7.385590935001670552e-10
-7.385590935001674688e-10
-7.385590935001671586e-10
-7.385590935001672620e-10
-7.385590935001671586e-10
-7.385590935001673654e-10
-7.385590935001671586e-10
-7.385590935001674688e-10
-7.385590935001670552e-10
-7.385590935001673654e-10
-7.385590935001670552e-10
-7.385590935001674688e-10
-7.385590935001670552e-10
-7.385590935001673654e-10
-7.385590935001671586e-10
-7.385590935001673654e-10
-7.385590935001671586e-10
-7.385590935001672620e-10
-7.385590935001672620e-10
-7.385590935001672620e-10
-7.385590935001671586e-10
-7.385590935001674688e-10
-7.385590935001670552e-10
-7.385590935001675722e-10
-7.385590935001671586e-10
-7.385590935001675722e-10
-7.385590935001671586e-10
-7.385590935001674688e-10
-7.385590935001671586e-10
-7.385590935001671586e-10
-7.385590935001671586e-10
-7.385590935001674688e-10
-7.385590935001670552e-10
-7.385590935001673654e-10
-7.385590935001673654e-10
-7.385590935001672620e-10
-7.385590935001672620e-10
-7.385590935001672620e-10
-7.385590935001672620e-10
-7.385590935001672620e-10
-7.385590935001672620e-10
-7.385590935001672620e-10
-7.385590935001672620e-10
-7.385590935001672620e-10
-7.385590935001672620e-10
-7.385590935001672620e-10
-7.385590935001672620e-10
-7.385590935001672620e-10
-7.385590935001672620e-10
-7.385590935001672620e-10
-7.385590935001672620e-10
-7.385590935001672620e-10
-7.385590935001672620e-10
-7.385590935001672620e-10
-7.385590935001672620e-10
-7.385590935001672620e-10
-7.385590935001672620e-10
-7.385590935001672620e-10
-7.385590935001672620e-10
-7.385590935001672620e-10
-7.385590935001672620e-10
-7.385590935001672620e-10
-7.385590935001672620e-10
-7.385590935001672620e-10
-7.385590935001672620e-10
-7.385590935001672620e-10
-7.385590935001672620e-10
-7.385590935001672620e-10
-7.385590935001672620e-10
-7.385590935001672620e-10
-7.385590935001672620e-10
-7.385590935001672620e-10
-7.385590935001672620e-10
-7.385590935001672620e-10
-7.385590935001672620e-10
-7.385590935001672620e-10
-7.385590935001672620e-10
-7.385590935001672620e-10
-7.385590935001672620e-10
-7.385590935001672620e-10
-7.385590935001672620e-10
-7.385590935001672620e-10
-7.385590935001672620e-10
-7.385590935001672620e-10
-7.385590935001672620e-10
-7.385590935001672620e-10
-7.385590935001672620e-10
-7.385590935001672620e-10
-7.385590935001672620e-10
-7.385590935001672620e-10
-7.385590935001672620e-10
-7.385590935001672620e-10
-7.385590935001672620e-10
-7.385590935001672620e-10
-7.385590935001672620e-10
-7.385590935001672620e-10
-7.385590935001672620e-10
-7.385590935001672620e-10
-7.385590935001672620e-10
-7.385590935001672620e-10
-7.385590935001672620e-10
-7.385590935001672620e-10
-7.385590935001672620e-10
-7.385590935001672620e-10
-7.385590935001672620e-10
-7.385590935001672620e-10
-7.385590935001671586e-10
-7.385590935001674688e-10
-7.385590935001670552e-10
-7.385590935001674688e-10
-7.385590935001669518e-10
-7.385590935001672620e-10
-7.385590935001671586e-10
-7.385590935001674688e-10
-7.385590935001670552e-10
-7.385590935001675722e-10
-7.385590935001670552e-10
-7.385590935001674688e-10
-7.385590935001672620e-10
-7.385590935001672620e-10
-7.385590935001672620e-10
-7.385590935001672620e-10
-7.385590935001672620e-10
-7.385590935001672620e-10
-7.385590935001672620e-10
-7.385590935001672620e-10
-7.385590935001672620e-10
-7.385590935001672620e-10
-7.385590935001672620e-10
-7.385590935001672620e-10
-7.385590935001672620e-10
-7.385590935001672620e-10
-7.385590935001672620e-10
-7.385590935001672620e-10
-7.385590935001672620e-10
-7.385590935001672620e-10
-7.385590935001672620e-10
-7.385590935001672620e-10
-7.385590935001672620e-10
-7.385590935001672620e-10
-7.385590935001672620e-10
-7.385590935001672620e-10
-7.385590935001672620e-10
-7.385590935001672620e-10
-7.385590935001672620e-10
-7.385590935001672620e-10
-7.385590935001672620e-10
-7.385590935001672620e-10
-7.385590935001672620e-10
-7.385590935001672620e-10
-7.385590935001672620e-10
-7.385590935001672620e-10
-7.385590935001672620e-10
-7.385590935001672620e-10
-7.385590935001672620e-10
-7.385590935001672620e-10
-7.385590935001672620e-10
-7.385590935001672620e-10
-7.385590935001672620e-10
-7.385590935001672620e-10
-7.385590935001672620e-10
-7.385590935001672620e-10
-7.385590935001672620e-10
-7.385590935001672620e-10
-7.385590935001672620e-10
-7.385590935001672620e-10
-7.385590935001672620e-10
-7.385590935001672620e-10
-7.385590935001672620e-10
-7.385590935001672620e-10
-7.385590935001672620e-10
-7.385590935001672620e-10
-7.385590935001672620e-10
-7.385590935001672620e-10
-7.385590935001672620e-10
-7.385590935001672620e-10
-7.385590935001672620e-10
-7.385590935001672620e-10
-7.385590935001672620e-10
-7.385590935001672620e-10
-7.385590935001672620e-10
-7.385590935001672620e-10
-7.385590935001672620e-10
-7.385590935001672620e-10
-7.385590935001672620e-10
-7.385590935001672620e-10
-7.385590935001672620e-10
-7.385590935001672620e-10
-7.385590935001671586e-10
-7.385590935001677790e-10
-7.385590935001710877e-10
-7.385590935001789460e-10
-7.385590935001747067e-10
-7.385590935001097730e-10
-7.385590934999782513e-10
-7.385590935000879561e-10
-7.385590935012606914e-10
-7.385590935036538283e-10
-7.385590935025415806e-10
-7.385590934842888064e-10
-7.385590934399154262e-10
-7.385590934237478709e-10
-7.385590936394860873e-10
-7.385590943720711522e-10
-7.385590953691234365e-10
-7.385590944324455141e-10
-7.385590862483964273e-10
-7.385590651034077645e-10
-7.385590372764928875e-10
-7.385590460824585450e-10
-7.385592007706008742e-10
-7.385596836241128755e-10
-7.385607042175832162e-10
-7.385623959794410918e-10
-7.385647061824922726e-10
-7.385673729876653582e-10
-7.385700502509329727e-10
-7.385725220258336879e-10
-7.385748368373193025e-10
-7.385772234964032898e-10
-7.385798465784358465e-10
-7.385826409954042523e-10
-7.385854053247673767e-10
-7.385880485386083580e-10
-7.385906926547664891e-10
-7.385935020691172453e-10
-7.385964639296888612e-10
-7.385994173467788057e-10
-7.386022890262308639e-10
-7.386051952468808373e-10
-7.386082616744550963e-10
-7.386114365083765428e-10
-7.386145844658972847e-10
-7.386177072287056996e-10
-7.386209326426425886e-10
-7.386242960185762304e-10
-7.386276854469695136e-10
-7.386310422090964021e-10
-7.386344634441610510e-10
-7.386380262752743140e-10
-7.386416516980409666e-10
-7.386452551157203811e-10
-7.386489034626037787e-10
-7.386526866496741053e-10
-7.386565494142665297e-10
-7.386604040093228545e-10
-7.386643020250852089e-10
-7.386683301615526121e-10
-7.386724400975012328e-10
-7.386765515515293505e-10
-7.386807166292756882e-10
-7.386850117904754095e-10
-7.386893838445629050e-10
-7.386937676732393737e-10
-7.386982241659014647e-10
-7.387028088992376192e-10
-7.387074566466037819e-10
-7.387121281744743259e-10
-7.387168970363758053e-10
-7.387217887605205383e-10
-7.387267291971803773e-10
-7.387317136966622569e-10
-7.387368177900000243e-10
-7.387420290669996406e-10
-7.387472814048318941e-10
-7.387526091200191073e-10
-7.387580679811664800e-10
-7.387636098704629925e-10
-7.387692006584450496e-10
-7.387749018625131967e-10
-7.387807269743391191e-10
-7.387866152097740436e-10
-7.387925814432655652e-10
-7.387986820238694073e-10
-7.388048826656994325e-10
-7.388111477245674898e-10
-7.388175301656596650e-10
-7.388240440607055664e-10
-7.388306354883419536e-10
-7.388373208778093995e-10
-7.388441486916884233e-10
-7.388510830317406503e-10
-7.388580996203813652e-10
-7.388652500343834051e-10
-7.388725345287570402e-10
-7.388799074781873380e-10
-7.388873982564627261e-10
-7.388950390884218736e-10
-7.389027888283947418e-10
-7.389106466425437755e-10
-7.389186584987075082e-10
-7.389268025280207695e-10
-7.389350523753066263e-10
-7.389434496897618764e-10
-7.389519983037151249e-10
-7.389606617930803894e-10
-7.389694667479451082e-10
-7.389784366775680083e-10
-7.389875361620045361e-10
-7.389967727124443592e-10
-7.390061815640601481e-10
-7.390157377364094430e-10
-7.390254315547791141e-10
-7.390352999201694348e-10
-7.390453320983668870e-10
-7.390555077840264475e-10
-7.390658591581504522e-10
-7.390763889875537218e-10
-7.390870726465763178e-10
-7.390979338009757131e-10
-7.391089846240800899e-10
-7.391202006089078002e-10
-7.391315970757180152e-10
-7.391431928812879704e-10
-7.391549669305452171e-10
-7.391669267349142386e-10
-7.391790940490192215e-10
-7.391914527591206508e-10
-7.392040047200642405e-10
-7.392167717373172470e-10
-7.392297426313028048e-10
-7.392429159721249709e-10
-7.392563123943639199e-10
-7.392699251479033562e-10
-7.392837512155392333e-10
-7.392978088619592116e-10
-7.393120947293823099e-10
-7.393266058794004658e-10
-7.393413581389837379e-10
-7.393563505353185086e-10
-7.393715809266262394e-10
-7.393870622415082940e-10
-7.394027951925376533e-10
-7.394187796647337306e-10
-7.394350259148714238e-10
-7.394515355504921911e-10
-7.394683111962356701e-10
-7.394853604419636423e-10
-7.395026854000197342e-10
-7.395114890329261706e-10
-7.395202920642218728e-10
-7.395292363803395870e-10
-7.395381857169237365e-10
-7.395472733521602203e-10
-7.395563669649050076e-10
-7.395656033374805262e-10
-7.395748449266391451e-10
-7.395842302901610706e-10
-7.395936217759038593e-10
-7.396031592790287827e-10
-7.396127051967444401e-10
-7.396223946536887331e-10
-7.396320961247760895e-10
-7.396419441928345955e-10
-7.396518020428197988e-10
-7.396618092363985632e-10
-7.396718279169202398e-10
-7.396819971367340485e-10
-7.396921794053168503e-10
-7.397025105763865371e-10
-7.397128611733495408e-10
-7.397233589527012305e-10
-7.397338764843851044e-10
-7.397445450460353439e-10
-7.397552338939017449e-10
-7.397660747971195931e-10
-7.397769370130698538e-10
-7.397879529227501063e-10
-7.397989937874206780e-10
-7.398101860033739597e-10
-7.398214061260723887e-10
-7.398327814640031798e-10
-7.398441825746099031e-10
-7.398557421462395376e-10
-7.398673285997145863e-10
-7.398790756388489039e-10
-7.398908510934108413e-10
-7.399027858038192717e-10
-7.399147551709976381e-10
-7.399268825808687612e-10
-7.399390452760510736e-10
-7.399513697885931248e-10
-7.399637305116983385e-10
-7.399762541079878952e-10
-7.399888155995912144e-10
-7.400015412819808123e-10
-7.400143090549463366e-10
-7.400272385225164458e-10
-7.400402139388717068e-10
-7.400533545064816069e-10
-7.400665390880586064e-10
-7.400798929172226416e-10
-7.400932914960654803e-10
-7.401068620979492499e-10
-7.401204785230791411e-10
-7.401342669646419276e-10
-7.401481071382320107e-10
-7.401621179289318481e-10
-7.401761819723655014e-10
-7.401904208178124968e-10
-7.402047133010564298e-10
-7.402191822333271881e-10
-7.402337070278453682e-10
-7.402484098082794407e-10
-7.402631724831597440e-10
-7.402781106370455066e-10
-7.402931144853146312e-10
-7.403082954076845003e-10
-7.403235411428921206e-10
-7.403389689819172813e-10
-7.403544619763728638e-10
-7.403701402394578287e-10
-7.403858844334005492e-10
-7.404018157283196737e-10
-7.404178178971550137e-10
-7.404340054199978033e-10
-7.404502673563054560e-10
-7.404667185215464837e-10
-7.404832435695634855e-10
-7.404999612518390137e-10
-7.405167549212140063e-10
-7.405337431751407831e-10
-7.405508106961924075e-10
-7.405680715800904798e-10
-7.405854190346944853e-10
-7.406029584800510327e-10
-7.406205866428161545e-10
-7.406384118650808211e-10
-7.406563252268456714e-10
-7.406744397632243227e-10
-7.406926433608622573e-10
-7.407110515642344617e-10
-7.407295519386057606e-10
-7.407482561150640052e-10
-7.407670585121352919e-10
-7.407860659864985245e-10
-7.408051720933408475e-10
-7.408244889020416858e-10
-7.408439047023487983e-10
-7.408635346138048749e-10
-7.408832658288310408e-10
-7.409032125926911566e-10
-7.409232668042965290e-10
-7.409435336777695310e-10
-7.409639151341873693e-10
-7.409845107941393893e-10
-7.410052216638790905e-10
-7.410261523415654940e-10
-7.410471986152665434e-10
-7.410684691756146523e-10
-7.410898567703927936e-10
-7.411114711100090403e-10
-7.411332080651750544e-10
-7.411551705750114426e-10
-7.411772609278090096e-10
-7.411995806085684348e-10
-7.412220277938415771e-10
-7.412447104651729879e-10
-7.412675213388156864e-10
-7.412905718864157724e-10
-7.413137535161453852e-10
-7.413371755482946788e-10
-7.413607366109380466e-10
-7.413845354041991346e-10
-7.414084799284950732e-10
-7.414326652066472681e-10
-7.414569970242161094e-10
-7.414815754368958028e-10
-7.415063012809023264e-10
-7.415312787971057198e-10
-7.415564059832211865e-10
-7.415817869392811341e-10
-7.416073243092072652e-10
-7.416331148100582098e-10
-7.416590667650350678e-10
-7.416852767311441551e-10
-7.417116480294293656e-10
-7.417382841784426399e-10
-7.417650825666478834e-10
-7.417921508575083030e-10
-7.418193848192944118e-10
-7.418468896105711003e-10
-7.418745688834346262e-10
-7.419025166638168586e-10
-7.419306462420350783e-10
-7.419590476944031980e-10
-7.419876324707999961e-10
-7.420164954890918239e-10
-7.420455430512265247e-10
-7.420748747419537759e-10
-7.421043936583243028e-10
-7.421341994748653138e-10
-7.421641998336993127e-10
-7.421944867469061103e-10
-7.422249743737175503e-10
-7.422557535065694414e-10
-7.422867339887216168e-10
-7.423180137897208454e-10
-7.423494957355617261e-10
-7.423812833564338032e-10
-7.424132763941102830e-10
-7.424455774239950801e-10
-7.424780928591908107e-10
-7.425109141703519028e-10
-7.425439591405724367e-10
-7.425773124951594480e-10
-7.426108925461108503e-10
-7.426447880147871768e-10
-7.426789116320471674e-10
-7.427133578203358537e-10
-7.427480345733373228e-10
-7.427830384919217273e-10
-7.428182800299608074e-10
-7.428538488011173637e-10
-7.428896636767837441e-10
-7.429258093369727452e-10
-7.429622036738810886e-10
-7.429989373925874862e-10
-7.430359204402091568e-10
-7.430732512098701408e-10
-7.431108336017487080e-10
-7.431487688780761829e-10
-7.431869635469619414e-10
-7.432255101528738159e-10
-7.432643279375144064e-10
-7.433034978099368474e-10
-7.433429453276064608e-10
-7.433827515197883684e-10
-7.434228373965099632e-10
-7.434632907002099491e-10
-7.435040253287614949e-10
-7.435451352122522930e-10
-7.435865315368690738e-10
-7.436283055552939376e-10
-7.436703764066475077e-10
-7.437128258604553797e-10
-7.437555794092500245e-10
-7.437987184413156971e-10
-7.438421635907069703e-10
-7.438860041317963896e-10
-7.439301521684186973e-10
-7.439747047443956454e-10
-7.440195693367063336e-10
-7.440648420182826083e-10
-7.441104382642266493e-10
-7.441564410569608455e-10
-7.442027796034331241e-10
-7.442495276334727301e-10
-7.442966172112631788e-10
-7.443441249265337552e-10
-7.443919762969689077e-10
-7.444402566731991927e-10
-7.444888826416932638e-10
-7.445379461187954260e-10
-7.445873625728205320e-10
-7.446372186856542071e-10
-7.446874394575152164e-10
-7.447381025713560425e-10
-7.447891379201974152e-10
-7.448406239644256841e-10
-7.448924853584554153e-10
-7.449448084166649866e-10
-7.449975090497627099e-10
-7.450506814120274526e-10
-7.451042378047756769e-10
-7.451582694159910343e-10
-7.452126987563134624e-10
-7.452676026956437998e-10
-7.453229174099737838e-10
-7.453787110559671966e-10
-7.454349221817782800e-10
-7.454916225314854073e-10
-7.455487428091529713e-10
-7.456063655539447742e-10
-7.456644103109548601e-10
-7.457229678971356370e-10
-7.457819558994320535e-10
-7.458414601282877216e-10
-7.459014080122030491e-10
-7.459618752651900251e-10
-7.460227960632349184e-10
-7.460842445501044895e-10
-7.461461519907856781e-10
-7.462085991118783233e-10
-7.462715085635848957e-10
-7.463349696741742378e-10
-7.463989000524227658e-10
-7.464633877236908025e-10
-7.465283591524400768e-10
-7.465938884084131630e-10
-7.466599166890481323e-10
-7.467265073094215867e-10
-7.467936061229418264e-10
-7.468612784744902067e-10
-7.469294624797067353e-10
-7.469982359505227555e-10
-7.470675227411130799e-10
-7.471374132480809174e-10
-7.472078245829556738e-10
-7.472788457808925700e-10
-7.473504029169456539e-10
-7.474225724611098170e-10
-7.474952925535884020e-10
-7.475686315479658756e-10
-7.476425306613793054e-10
-7.477170607751047461e-10
-7.477921559897212348e-10
-7.478678974273732476e-10
-7.479442091312054218e-10
-7.480211783266532754e-10
-7.480987305543146768e-10
-7.481769438735436152e-10
-7.482557582718964420e-10
-7.483352367228778295e-10
-7.484153310731801632e-10
-7.484960987041476906e-10
-7.485774900871922813e-10
-7.486595712235932986e-10
-7.487422781076184473e-10
-7.488256945825089590e-10
-7.489097404467113745e-10
-7.489945097391819354e-10
-7.490799214462321580e-10
-7.491660614401444361e-10
-7.492528631375698835e-10
-7.493403961862930324e-10
-7.494286084236716619e-10
-7.495175599869897937e-10
-7.496072021438479336e-10
-7.496975988832888708e-10
-7.497886914880090094e-10
-7.498805574924325914e-10
-7.499731258682168460e-10
-7.500664811520633573e-10
-7.501605534570249658e-10
-7.502554191433081891e-10
-7.503510210607750666e-10
-7.504474222824082519e-10
-7.505445762947358571e-10
-7.506425410664197002e-10
-7.507412686565846590e-10
-7.508408260490139286e-10
-7.509411501651413862e-10
-7.510423259877194541e-10
-7.511442751222944880e-10
-7.512470912133884787e-10
-7.513506970103314637e-10
-7.514551759702827766e-10
-7.515604675528570501e-10
-7.516666361501356567e-10
-7.517736392639582119e-10
-7.518815279291041033e-10
-7.519902659052462453e-10
-7.520999071448796477e-10
-7.522104043260974807e-10
-7.523218282833529305e-10
-7.524341143768577386e-10
-7.525473466542532916e-10
-7.526614549047623874e-10
-7.527765208098401845e-10
-7.528924834403788503e-10
-7.530094117991054517e-10
-7.531272583890691268e-10
-7.532460815021991499e-10
-7.533658390629196878e-10
-7.534865917256218621e-10
-7.536082876343367352e-10
-7.537310029204292399e-10
-7.538546695079328533e-10
-7.539793758392689506e-10
-7.541050496416606731e-10
-7.542317746805249982e-10
-7.543594918248674182e-10
-7.544882664160179951e-10
-7.546180601045195102e-10
-7.547489196214670053e-10
-7.548808196712656195e-10
-7.550138033417305063e-10
-7.551478381509470495e-10
-7.552829846280699854e-10
-7.554191872618096333e-10
-7.555565306116388256e-10
-7.556949399934886267e-10
-7.558345106615099793e-10
-7.559751674927686210e-10
-7.561169969961519692e-10
-7.562599407249657737e-10
-7.564040645220350936e-10
-7.565493311734799329e-10
-7.566957899348523353e-10
-7.568434123062808109e-10
-7.569922492481338539e-10
-7.571422616506739332e-10
-7.572935168961462438e-10
-7.574459588938810566e-10
-7.575996688039775134e-10
-7.577545837183130552e-10
-7.579107841018391264e-10
-7.580682155873370699e-10
-7.582269444228717593e-10
-7.583869337942865457e-10
-7.585482338898189046e-10
-7.587108187490177349e-10
-7.588747370191025730e-10
-7.590399542921280965e-10
-7.592065368115274845e-10
-7.593744281196904828e-10
-7.595437164812767328e-10
-7.597143287829007266e-10
-7.598863620108143066e-10
-7.600597449890458136e-10
-7.602345623554043586e-10
-7.604107646398074689e-10
-7.605884097860116911e-10
-7.607674760809882364e-10
-7.609479988358203470e-10
-7.611299693380218395e-10
-7.613134231747795387e-10
-7.614983393296705694e-10
-7.616847753527391494e-10
-7.618726838435126276e-10
-7.620621490049213849e-10
-7.622531020232448853e-10
-7.624456403413004122e-10
-7.626396930738690509e-10
-7.628353487290632422e-10
-7.630325554898016701e-10
-7.632313775744538493e-10
-7.634317880695869232e-10
-7.636338318613872438e-10
-7.638374925469799999e-10
-7.640428161277412460e-10
-7.642497751319817882e-10
-7.644584341982515955e-10
-7.646687446993967754e-10
-7.648807916293531285e-10
-7.650945116575803248e-10
-7.653099960791610190e-10
-7.655271867829435711e-10
-7.657461594734739220e-10
-7.659668801500956971e-10
-7.661893974418585835e-10
-7.664137024752068585e-10
-7.666398271995698197e-10
-7.668677681474758225e-10
-7.670975652640650828e-10
-7.673291959137248061e-10
-7.675627282297169044e-10
-7.677981076795487257e-10
-7.680354336791088836e-10
-7.682746275257492658e-10
-7.685158018542960054e-10
-7.687588796755815373e-10
-7.690039575111129976e-10
-7.692509876936306878e-10
-7.695000301108055056e-10
-7.697510753368566751e-10
-7.700041510534380928e-10
-7.702592701177661592e-10
-7.705164519135625592e-10
-7.707757035159011816e-10
-7.710370642105924992e-10
-7.713005112518775880e-10
-7.715661198722686702e-10
-7.718338323026558742e-10
-7.721037529474729355e-10
-7.723758068182369760e-10
-7.726501017724338598e-10
-7.729265743604347882e-10
-7.732053098316112095e-10
-7.734862747779077289e-10
-7.737695235972129993e-10
-7.740550504377475854e-10
-7.743428909206878871e-10
-7.746330475578812618e-10
-7.749255603367990997e-10
-7.752204165843871477e-10
-7.755176807481954423e-10
-7.758173123498016677e-10
-7.761194025022749325e-10
-7.764238918259304289e-10
-7.767308798148012466e-10
-7.770403122253988184e-10
-7.773522720055422934e-10
-7.776667310628848757e-10
-7.779837424624414606e-10
-7.783033078854541614e-10
-7.786254570596527874e-10
-7.789502055986184773e-10
-7.792775829768200503e-10
-7.796075916426343644e-10
-7.799402878417960809e-10
-7.802756384429464760e-10
-7.806137398698624339e-10
-7.809545223749128287e-10
-7.812981104990640556e-10
-7.816444211348002358e-10
-7.819935762328400223e-10
-7.823455125425823363e-10
-7.827003188245537826e-10
-7.830579755665138315e-10
-7.834185243475566543e-10
-7.837819912438652256e-10
-7.841483818125246171e-10
-7.845177445588766569e-10
-7.848900814120584243e-10
-7.852654260616811545e-10
-7.856438135588366413e-10
-7.860252321900191671e-10
-7.864097696060837562e-10
-7.867973633541810276e-10
-7.871881446603505995e-10
-7.875820217899496586e-10
-7.879791387785345432e-10
-7.883794107442095158e-10
-7.887829577834229229e-10
-7.891897345304189750e-10
-7.895998126531462712e-10
-7.900131993079915884e-10
-7.904299184934471455e-10
-7.908500152106105014e-10
-7.912734921089199614e-10
-7.917003981355437804e-10
-7.921307511339107277e-10
-7.925645702416477775e-10
-7.930019145725697233e-10
-7.934427582829945187e-10
-7.938872049764359962e-10
-7.943351922627347256e-10
-7.947868493356761865e-10
-7.952421043600383860e-10
-7.957010805075237016e-10
-7.961637282167424656e-10
-7.966301372565231202e-10
-7.971002993700943745e-10
-7.975742633889493750e-10
-7.980520572375330729e-10
-7.985337054757770151e-10
-7.990192469847500293e-10
-7.995087119699496592e-10
-8.000021199312663181e-10
-8.004995332711987993e-10
-8.010009330681239736e-10
-8.015064230162787752e-10
-8.020159477448321004e-10
-8.025296392335524022e-10
-8.030474286382367119e-10
-8.035694458532637433e-10
-8.040956423890211281e-10
-8.046261135615748983e-10
-8.051608577563381881e-10
-8.056999191475881810e-10
-8.062433468117545781e-10
-8.067911439378496308e-10
-8.073433872638648229e-10
-8.079000716255481187e-10
-8.084612636352995045e-10
-8.090269886365736843e-10
-8.095972667827552619e-10
-8.101721839626988843e-10
-8.107516944844865871e-10
-8.113359498502315714e-10
-8.119248493941630135e-10
-8.125185844414184838e-10
-8.131170372295951407e-10
-8.137203929848291679e-10
-8.143285660294889694e-10
-8.149416884629305676e-10
-8.155597462707512794e-10
-8.161827909696761094e-10
-8.168108921584537028e-10
-8.174440261380275003e-10
-8.180823237742152660e-10
-8.187257231137210161e-10
-8.193743686340425971e-10
-8.200282141354266051e-10
-8.206873618394727817e-10
-8.213518341578542091e-10
-8.220216470055392113e-10
-8.226969208361693701e-10
-8.233775746909250565e-10
-8.240638176234122897e-10
-8.247554997117847004e-10
-8.254528753940864881e-10
-8.261557804151557330e-10
-8.268644535103012457e-10
-8.275787779171418405e-10
-8.282989197857371334e-10
-8.290248571253808347e-10
-8.297566499560060931e-10
-8.304943870034506603e-10
-8.312380267236446396e-10
-8.319877434438180031e-10
-8.327434366528757740e-10
-8.335053109752054552e-10
-8.342732703483266274e-10
-8.350474829150066773e-10
-8.358279214435057900e-10
-8.366146622482568929e-10
-8.374077878485795186e-10
-8.382072593537167965e-10
-8.390132735520761627e-10
-8.398256913413047087e-10
-8.406447900882839954e-10
-8.414703797574946614e-10
-8.423027584180221117e-10
-8.431417507256486236e-10
-8.439876085084040361e-10
-8.448402344048677059e-10
-8.456997804971102548e-10
-8.465662657360588224e-10
-8.474397224512880329e-10
-8.483202866083549394e-10
-8.492078895130708435e-10
-8.501027473291154228e-10
-8.510047415929450077e-10
-8.519141084428949644e-10
-8.528307439785362204e-10
-8.537548396575148897e-10
-8.546863671729891092e-10
-8.556254210918906502e-10
-8.565720873554164946e-10
-8.575263414719084120e-10
-8.584883880234830112e-10
-8.594580976329659759e-10
-8.604357615157735357e-10
-8.614211921383824822e-10
-8.624147106986103943e-10
-8.634161337817145911e-10
-8.644257486510336210e-10
-8.654434369126647709e-10
-8.664693992067857211e-10
-8.675036231041918578e-10
-8.685461952159771383e-10
-8.695972214729332184e-10
-8.706566789217743798e-10
-8.717247704749828399e-10
-8.728013994634077884e-10
-8.738868189295868953e-10
-8.749809136761949892e-10
-8.760839265331691822e-10
-8.771957845991096778e-10
-8.783166644247541531e-10
-8.794465830717942070e-10
-8.805856140607499225e-10
-8.817338880494971281e-10
-8.828913668130191393e-10
-8.840582882180638239e-10
-8.852345230300407793e-10
-8.864203824158513542e-10
-8.876156908030091675e-10
-8.888207812071689791e-10
-8.900354864379443149e-10
-8.912601065592808811e-10
-8.924945353906219041e-10
-8.937389930970097143e-10
-8.949934713678629576e-10
-8.962580847283253639e-10
-8.975329370849672015e-10
-8.988180373390460581e-10
-9.001135865787643122e-10
-9.014195155580095126e-10
-9.027360851999750077e-10
-9.040631934312877890e-10
-9.054011107850168162e-10
-9.067497540248656663e-10
-9.081093531143714847e-10
-9.094798900596177736e-10
-9.108615141370928602e-10
-9.122543042550904357e-10
-9.136583073202814511e-10
-9.150737099611885912e-10
-9.165004578365755624e-10
-9.179388318487372908e-10
-9.193887011157520463e-10
-9.208504070174283988e-10
-9.223237833465098815e-10
-9.238091852618229571e-10
-9.253064602605474497e-10
-9.268159294945283075e-10
-9.283374987745107785e-10
-9.298714153391136643e-10
-9.314176759696847640e-10
-9.329764310955544379e-10
-9.345477814674118713e-10
-9.361317769796323198e-10
-9.377286164802882619e-10
-9.393382652900056039e-10
-9.409609955294226948e-10
-9.425967202846592159e-10
-9.442457460869408534e-10
-9.459079773751871623e-10
-9.475837100639252757e-10
-9.492728842577393002e-10
-9.509757430448383979e-10
-9.526923001152163893e-10
-9.544227151168521816e-10
-9.561670978186419276e-10
-9.579255099529905767e-10
-9.596981633654134571e-10
-9.614850252637451136e-10
-9.632863977472792533e-10
-9.651021730683657422e-10
-9.669327168956774032e-10
-9.687778797264469304e-10
-9.706380535995927259e-10
-9.725130868250658431e-10
-9.744033570642277918e-10
-9.763087510851632809e-10
-9.782295946759490969e-10
-9.801658464609375877e-10
-9.821177522624626619e-10
-9.840853645638286881e-10
-9.860688347091359672e-10
-9.880683164869637763e-10
-9.900838676053539308e-10
-9.921157344175453291e-10
-9.941638975617774147e-10
-9.962286734038515829e-10
-9.983099943133328862e-10
-1.000408214114653568e-09
-1.002523252432712714e-09
-1.004655463874688900e-09
-1.006804793284946296e-09
-1.008971560109600813e-09
-1.011155767956666839e-09
-1.013357671385962070e-09
-1.015577358971488122e-09
-1.017815000354923313e-09
-1.020070784223215011e-09
-1.022344786711816490e-09
-1.024637299017638916e-09
-1.026948309564058213e-09
-1.029278200668818158e-09
-1.031626891001907095e-09
-1.033994831037841256e-09
-1.036381899515299539e-09
-1.038788584292879785e-09
-1.041214756159804569e-09
-1.043660904563798806e-09
-1.046126930308102195e-09
-1.048613292211506592e-09
-1.051119951008725219e-09
-1.052383642472200819e-09
-1.053647279093896283e-09
-1.054921341123934641e-09
-1.056195417902870707e-09
-1.057479954221979619e-09
-1.058764576771729450e-09
-1.060059691300978730e-09
-1.061354965195726806e-09
-1.062660764254537516e-09
-1.063966797634571791e-09
-1.065283391084390430e-09
-1.066600294705814858e-09
-1.067927795712455886e-09
-1.069255681226518261e-09
-1.070594204764900110e-09
-1.071933188854213799e-09
-1.073282857188235007e-09
-1.074633057567477737e-09
-1.075993983863386208e-09
-1.077355504275317430e-09
-1.078727794426784160e-09
-1.080100745068577752e-09
-1.081484523727238147e-09
-1.082869032551315583e-09
-1.084264430720828784e-09
-1.085660620424467549e-09
-1.087067761896328305e-09
-1.088475750497612871e-09
-1.089894759154663967e-09
-1.091314670401673475e-09
-1.092745675424601571e-09
-1.094177630202483297e-09
-1.095620755557900587e-09
-1.097064879447574830e-09
-1.098520254603980712e-09
-1.099976666294934801e-09
-1.101444412724598183e-09
-1.102913239395753691e-09
-1.104393487615616300e-09
-1.105874849144877353e-09
-1.107367720844072312e-09
-1.108861740666615892e-09
-1.110367356733719141e-09
-1.111874150378941455e-09
-1.113392632706326256e-09
-1.114912320255219159e-09
-1.116443782012091206e-09
-1.117976476062662817e-09
-1.119521032907716368e-09
-1.121066842262572367e-09
-1.122624597597882406e-09
-1.124183628768901075e-09
-1.125754687284472519e-09
-1.127327040265139222e-09
-1.128911496054719309e-09
-1.130497260678626388e-09
-1.132095198580841553e-09
-1.133694462554248590e-09
-1.135305962557881794e-09
-1.136918799496206960e-09
-1.138543930003312043e-09
-1.140170406705671495e-09
-1.141809222675847648e-09
-1.143449393445573887e-09
-1.145101940506258589e-09
-1.146755843033773359e-09
-1.148422149531871518e-09
-1.150089812033134349e-09
-1.151769890376538168e-09
-1.153451317366765718e-09
-1.155145162295100327e-09
-1.156840343486752163e-09
-1.158547928897183552e-09
-1.160256831934593086e-09
-1.161987294253476406e-09
-1.164154206839691634e-09
-1.167548439202907508e-09
-1.170162656932770531e-09
-1.173597709518050758e-09
-1.176253158532763119e-09
-1.179729185656544841e-09
-1.182425989164058659e-09
-1.185943085356661392e-09
-1.188681305116001117e-09
-1.192239499503138720e-09
-1.195019127878233883e-09
-1.198618378697554043e-09
-1.201439330866792899e-09
-1.205079518304128651e-09
-1.207941625828075176e-09
-1.211622543762500647e-09
-1.214525548186467275e-09
-1.218246896207243354e-09
-1.221190441643317014e-09
-1.224951818438097958e-09
-1.227935442776287543e-09
-1.231736340103586339e-09
-1.234759466491413861e-09
-1.238599261920525876e-09
-1.241661192475244055e-09
-1.245539140478166763e-09
-1.248639050959011126e-09
-1.252554275275364600e-09
-1.255691208478136200e-09
-1.259642697444944592e-09
-1.262815555627710493e-09
-1.266802158438457244e-09
-1.270009698052527065e-09
-1.274030119789474584e-09
-1.277270949309082471e-09
-1.281323746215911568e-09
-1.284596324862004309e-09
-1.288679902983985310e-09
-1.291982538874507104e-09
-1.296095155890108716e-09
-1.299426005534924899e-09
-1.303565773635959912e-09
-1.306922846048089151e-09
-1.311087735940660704e-09
-1.314468901232239556e-09
-1.318656748895821490e-09
-1.322059748039916135e-09
-1.326268265503195098e-09
-1.329690720956511633e-09
-1.333917512161873913e-09
-1.337356943235430979e-09
-1.341599523795813060e-09
-1.345053367415163096e-09
-1.349309185668063070e-09
-1.352774821679333435e-09
-1.357041284480368795e-09
-1.360516066625931978e-09
-1.364790572211759419e-09
-1.368271862562591563e-09
-1.372551838109613446e-09
-1.376037045950171932e-09
-1.380319990617846638e-09
-1.383806617888203801e-09
-1.388090150158943124e-09
-1.391575842602865394e-09
-1.395857754142955690e-09
-1.399340360039202157e-09
-1.403618678018424603e-09
-1.407096311938264225e-09
-1.411369366283943358e-09
-1.414840478321882887e-09
-1.419106976429651554e-09
-1.422570430747763242e-09
-1.426829538541932396e-09
-1.430284699065189951e-09
-1.434536128911437363e-09
-1.437982955149017272e-09
-1.442227065529743160e-09
-1.445666217407039568e-09
-1.449904121118658875e-09
-1.453337071344339561e-09
-1.457570756518465290e-09
-1.460999919891843112e-09
-1.465232391379235589e-09
-1.468661276014845318e-09
-1.472896717237060437e-09
-1.476330097993675740e-09
-1.480574053858163353e-09
-1.484018169852209838e-09
-1.488277756870416232e-09
-1.491740543498786827e-09
-1.496024705606557833e-09
-1.499516081380704980e-09
-1.503835910800219931e-09
-1.507368133211126388e-09
-1.511737266383042169e-09
-1.515325372027956347e-09
-1.519760484092193599e-09
-1.523422848535654959e-09
-1.527944287601344432e-09
-1.531703347794339055e-09
-1.536335954568764033e-09
-1.540219149735792743e-09
-1.544993336806914553e-09
-1.549034357470776328e-09
-1.553987548942658834e-09
-1.558228002334542008e-09
-1.563406560298535130e-09
-1.567898217234647185e-09
-1.573360071427727732e-09
-1.578167959919467300e-09
-1.583986246242118757e-09
-1.589192939128027594e-09
-1.595461076236093751e-09
-1.601172692536722594e-09
-1.608011652481856602e-09
-1.614366508462974596e-09
