0.000000000000000000e+00
1.000000000000000000e+01
2.000000000000000000e+01
3.000000000000000000e+01
4.000000000000000000e+01
5.000000000000000000e+01
6.000000000000000000e+01
7.000000000000000000e+01
8.000000000000000000e+01
9.000000000000000000e+01
1.000000000000000000e+02
1.100000000000000000e+02
1.200000000000000000e+02
1.300000000000000000e+02
1.400000000000000000e+02
1.500000000000000000e+02
1.600000000000000000e+02
1.700000000000000000e+02
1.750000000000000000e+02
1.800000000000000000e+02
1.850000000000000000e+02
1.900000000000000000e+02
1.950000000000000000e+02
2.000000000000000000e+02
2.050000000000000000e+02
2.100000000000000000e+02
2.150000000000000000e+02
2.200000000000000000e+02
2.250000000000000000e+02
2.300000000000000000e+02
2.350000000000000000e+02
2.400000000000000000e+02
2.450000000000000000e+02
2.475000000000000000e+02
2.500000000000000000e+02
2.512500000000000000e+02
2.525000000000000000e+02
2.537500000000000000e+02
2.550000000000000000e+02
2.562500000000000000e+02
2.575000000000000000e+02
2.587500000000000000e+02
2.600000000000000000e+02
2.612500000000000000e+02
2.625000000000000000e+02
2.637500000000000000e+02
2.650000000000000000e+02
2.662500000000000000e+02
2.675000000000000000e+02
2.687500000000000000e+02
2.700000000000000000e+02
2.712500000000000000e+02
2.725000000000000000e+02
2.737500000000000000e+02
2.750000000000000000e+02
2.762500000000000000e+02
2.775000000000000000e+02
2.787500000000000000e+02
2.800000000000000000e+02
2.812500000000000000e+02
2.825000000000000000e+02
2.837500000000000000e+02
2.850000000000000000e+02
2.862500000000000000e+02
2.875000000000000000e+02
2.887500000000000000e+02
2.900000000000000000e+02
2.912500000000000000e+02
2.925000000000000000e+02
2.937500000000000000e+02
2.950000000000000000e+02
2.962500000000000000e+02
2.975000000000000000e+02
2.987500000000000000e+02
3.000000000000000000e+02
3.012500000000000000e+02
3.025000000000000000e+02
3.031250000000000000e+02
3.037500000000000000e+02
3.043750000000000000e+02
3.050000000000000000e+02
3.056250000000000000e+02
3.062500000000000000e+02
3.068750000000000000e+02
3.075000000000000000e+02
3.081250000000000000e+02
3.087500000000000000e+02
3.093750000000000000e+02
3.100000000000000000e+02
3.106250000000000000e+02
3.112500000000000000e+02
3.118750000000000000e+02
3.125000000000000000e+02
3.131250000000000000e+02
3.137500000000000000e+02
3.143750000000000000e+02
3.150000000000000000e+02
3.156250000000000000e+02
3.162500000000000000e+02
3.168750000000000000e+02
3.175000000000000000e+02
3.181250000000000000e+02
3.187500000000000000e+02
3.193750000000000000e+02
3.200000000000000000e+02
3.206250000000000000e+02
3.212500000000000000e+02
3.218750000000000000e+02
3.225000000000000000e+02
3.231250000000000000e+02
3.237500000000000000e+02
3.243750000000000000e+02
3.250000000000000000e+02
3.256250000000000000e+02
3.262500000000000000e+02
3.268750000000000000e+02
3.275000000000000000e+02
3.281250000000000000e+02
3.287500000000000000e+02
3.293750000000000000e+02
3.300000000000000000e+02
3.306250000000000000e+02
3.312500000000000000e+02
3.318750000000000000e+02
3.325000000000000000e+02
3.331250000000000000e+02
3.337500000000000000e+02
3.343750000000000000e+02
3.350000000000000000e+02
3.356250000000000000e+02
3.362500000000000000e+02
3.368750000000000000e+02
3.375000000000000000e+02
3.381250000000000000e+02
3.387500000000000000e+02
3.393750000000000000e+02
3.400000000000000000e+02
3.406250000000000000e+02
3.412500000000000000e+02
3.418750000000000000e+02
3.425000000000000000e+02
3.431250000000000000e+02
3.437500000000000000e+02
3.443750000000000000e+02
3.450000000000000000e+02
3.456250000000000000e+02
3.462500000000000000e+02
3.468750000000000000e+02
3.475000000000000000e+02
3.481250000000000000e+02
3.487500000000000000e+02
3.493750000000000000e+02
3.500000000000000000e+02
3.506250000000000000e+02
3.512500000000000000e+02
3.518750000000000000e+02
3.525000000000000000e+02
3.531250000000000000e+02
3.537500000000000000e+02
3.543750000000000000e+02
3.550000000000000000e+02
3.556250000000000000e+02
3.562500000000000000e+02
3.568750000000000000e+02
3.575000000000000000e+02
3.581250000000000000e+02
3.587500000000000000e+02
3.593750000000000000e+02
3.600000000000000000e+02
3.606250000000000000e+02
3.612500000000000000e+02
3.618750000000000000e+02
3.625000000000000000e+02
3.631250000000000000e+02
3.637500000000000000e+02
3.643750000000000000e+02
3.650000000000000000e+02
3.656250000000000000e+02
3.662500000000000000e+02
3.668750000000000000e+02
3.675000000000000000e+02
3.681250000000000000e+02
3.687500000000000000e+02
3.693750000000000000e+02
3.700000000000000000e+02
3.706250000000000000e+02
3.712500000000000000e+02
3.718750000000000000e+02
3.725000000000000000e+02
3.731250000000000000e+02
3.737500000000000000e+02
3.743750000000000000e+02
3.750000000000000000e+02
3.753125000000000000e+02
3.756250000000000000e+02
3.759375000000000000e+02
3.762500000000000000e+02
3.765625000000000000e+02
3.768750000000000000e+02
3.771875000000000000e+02
3.775000000000000000e+02
3.778125000000000000e+02
3.781250000000000000e+02
3.784375000000000000e+02
3.787500000000000000e+02
3.790625000000000000e+02
3.793750000000000000e+02
3.796875000000000000e+02
3.800000000000000000e+02
3.803125000000000000e+02
3.806250000000000000e+02
3.809375000000000000e+02
3.812500000000000000e+02
3.815625000000000000e+02
3.818750000000000000e+02
3.821875000000000000e+02
3.825000000000000000e+02
3.828125000000000000e+02
3.831250000000000000e+02
3.834375000000000000e+02
3.837500000000000000e+02
3.840625000000000000e+02
3.843750000000000000e+02
3.846875000000000000e+02
3.850000000000000000e+02
3.853125000000000000e+02
3.856250000000000000e+02
3.859375000000000000e+02
3.862500000000000000e+02
3.865625000000000000e+02
3.868750000000000000e+02
3.871875000000000000e+02
3.875000000000000000e+02
3.878125000000000000e+02
3.881250000000000000e+02
3.884375000000000000e+02
3.887500000000000000e+02
3.890625000000000000e+02
3.893750000000000000e+02
3.896875000000000000e+02
3.900000000000000000e+02
3.903125000000000000e+02
3.906250000000000000e+02
3.909375000000000000e+02
3.912500000000000000e+02
3.915625000000000000e+02
3.918750000000000000e+02
3.921875000000000000e+02
3.925000000000000000e+02
3.928125000000000000e+02
3.931250000000000000e+02
3.934375000000000000e+02
3.937500000000000000e+02
3.940625000000000000e+02
3.943750000000000000e+02
3.946875000000000000e+02
3.950000000000000000e+02
3.953125000000000000e+02
3.956250000000000000e+02
3.959375000000000000e+02
3.962500000000000000e+02
3.965625000000000000e+02
3.968750000000000000e+02
3.971875000000000000e+02
3.975000000000000000e+02
3.978125000000000000e+02
3.981250000000000000e+02
3.984375000000000000e+02
3.987500000000000000e+02
3.990625000000000000e+02
3.993750000000000000e+02
3.996875000000000000e+02
4.000000000000000000e+02
4.003125000000000000e+02
4.006250000000000000e+02
4.009375000000000000e+02
4.012500000000000000e+02
4.015625000000000000e+02
4.018750000000000000e+02
4.021875000000000000e+02
4.025000000000000000e+02
4.028125000000000000e+02
4.031250000000000000e+02
4.034375000000000000e+02
4.037500000000000000e+02
4.040625000000000000e+02
4.043750000000000000e+02
4.046875000000000000e+02
4.050000000000000000e+02
4.053125000000000000e+02
4.056250000000000000e+02
4.059375000000000000e+02
4.062500000000000000e+02
4.065625000000000000e+02
4.068750000000000000e+02
4.071875000000000000e+02
4.075000000000000000e+02
4.078125000000000000e+02
4.081250000000000000e+02
4.084375000000000000e+02
4.087500000000000000e+02
4.090625000000000000e+02
4.093750000000000000e+02
4.096875000000000000e+02
4.100000000000000000e+02
4.103125000000000000e+02
4.106250000000000000e+02
4.109375000000000000e+02
4.112500000000000000e+02
4.115625000000000000e+02
4.118750000000000000e+02
4.121875000000000000e+02
4.125000000000000000e+02
4.128125000000000000e+02
4.131250000000000000e+02
4.134375000000000000e+02
4.137500000000000000e+02
4.140625000000000000e+02
4.143750000000000000e+02
4.146875000000000000e+02
4.150000000000000000e+02
4.153125000000000000e+02
4.156250000000000000e+02
4.159375000000000000e+02
4.162500000000000000e+02
4.165625000000000000e+02
4.168750000000000000e+02
4.171875000000000000e+02
4.175000000000000000e+02
4.178125000000000000e+02
4.181250000000000000e+02
4.184375000000000000e+02
4.187500000000000000e+02
4.190625000000000000e+02
4.193750000000000000e+02
4.196875000000000000e+02
4.200000000000000000e+02
4.203125000000000000e+02
4.206250000000000000e+02
4.209375000000000000e+02
4.212500000000000000e+02
4.215625000000000000e+02
4.218750000000000000e+02
4.221875000000000000e+02
4.225000000000000000e+02
4.228125000000000000e+02
4.231250000000000000e+02
4.234375000000000000e+02
4.237500000000000000e+02
4.240625000000000000e+02
4.243750000000000000e+02
4.246875000000000000e+02
4.250000000000000000e+02
4.253125000000000000e+02
4.256250000000000000e+02
4.259375000000000000e+02
4.262500000000000000e+02
4.265625000000000000e+02
4.268750000000000000e+02
4.271875000000000000e+02
4.275000000000000000e+02
4.278125000000000000e+02
4.281250000000000000e+02
4.284375000000000000e+02
4.287500000000000000e+02
4.290625000000000000e+02
4.293750000000000000e+02
4.296875000000000000e+02
4.300000000000000000e+02
4.303125000000000000e+02
4.306250000000000000e+02
4.309375000000000000e+02
4.312500000000000000e+02
4.315625000000000000e+02
4.318750000000000000e+02
4.321875000000000000e+02
4.325000000000000000e+02
4.328125000000000000e+02
4.331250000000000000e+02
4.334375000000000000e+02
4.337500000000000000e+02
4.340625000000000000e+02
4.343750000000000000e+02
4.346875000000000000e+02
4.350000000000000000e+02
4.353125000000000000e+02
4.356250000000000000e+02
4.359375000000000000e+02
4.362500000000000000e+02
4.365625000000000000e+02
4.368750000000000000e+02
4.371875000000000000e+02
4.375000000000000000e+02
4.378125000000000000e+02
4.381250000000000000e+02
4.384375000000000000e+02
4.387500000000000000e+02
4.390625000000000000e+02
4.393750000000000000e+02
4.396875000000000000e+02
4.400000000000000000e+02
4.403125000000000000e+02
4.406250000000000000e+02
4.409375000000000000e+02
4.412500000000000000e+02
4.415625000000000000e+02
4.418750000000000000e+02
4.421875000000000000e+02
4.425000000000000000e+02
4.428125000000000000e+02
4.431250000000000000e+02
4.434375000000000000e+02
4.437500000000000000e+02
4.440625000000000000e+02
4.443750000000000000e+02
4.446875000000000000e+02
4.450000000000000000e+02
4.453125000000000000e+02
4.456250000000000000e+02
4.459375000000000000e+02
4.462500000000000000e+02
4.465625000000000000e+02
4.468750000000000000e+02
4.471875000000000000e+02
4.475000000000000000e+02
4.478125000000000000e+02
4.481250000000000000e+02
4.484375000000000000e+02
4.487500000000000000e+02
4.490625000000000000e+02
4.493750000000000000e+02
4.496875000000000000e+02
4.500000000000000000e+02
4.503125000000000000e+02
4.506250000000000000e+02
4.509375000000000000e+02
4.512500000000000000e+02
4.515625000000000000e+02
4.518750000000000000e+02
4.521875000000000000e+02
4.525000000000000000e+02
4.528125000000000000e+02
4.531250000000000000e+02
4.534375000000000000e+02
4.537500000000000000e+02
4.540625000000000000e+02
4.543750000000000000e+02
4.546875000000000000e+02
4.550000000000000000e+02
4.553125000000000000e+02
4.556250000000000000e+02
4.559375000000000000e+02
4.562500000000000000e+02
4.565625000000000000e+02
4.568750000000000000e+02
4.571875000000000000e+02
4.575000000000000000e+02
4.578125000000000000e+02
4.581250000000000000e+02
4.584375000000000000e+02
4.587500000000000000e+02
4.590625000000000000e+02
4.593750000000000000e+02
4.596875000000000000e+02
4.600000000000000000e+02
4.603125000000000000e+02
4.606250000000000000e+02
4.609375000000000000e+02
4.612500000000000000e+02
4.615625000000000000e+02
4.618750000000000000e+02
4.621875000000000000e+02
4.625000000000000000e+02
4.628125000000000000e+02
4.631250000000000000e+02
4.634375000000000000e+02
4.637500000000000000e+02
4.640625000000000000e+02
4.643750000000000000e+02
4.646875000000000000e+02
4.650000000000000000e+02
4.653125000000000000e+02
4.656250000000000000e+02
4.659375000000000000e+02
4.662500000000000000e+02
4.665625000000000000e+02
4.668750000000000000e+02
4.671875000000000000e+02
4.675000000000000000e+02
4.678125000000000000e+02
4.681250000000000000e+02
4.684375000000000000e+02
4.687500000000000000e+02
4.690625000000000000e+02
4.693750000000000000e+02
4.696875000000000000e+02
4.700000000000000000e+02
4.703125000000000000e+02
4.706250000000000000e+02
4.709375000000000000e+02
4.712500000000000000e+02
4.715625000000000000e+02
4.718750000000000000e+02
4.721875000000000000e+02
4.725000000000000000e+02
4.728125000000000000e+02
4.731250000000000000e+02
4.734375000000000000e+02
4.737500000000000000e+02
4.740625000000000000e+02
4.743750000000000000e+02
4.746875000000000000e+02
4.750000000000000000e+02
4.753125000000000000e+02
4.756250000000000000e+02
4.759375000000000000e+02
4.762500000000000000e+02
4.765625000000000000e+02
4.768750000000000000e+02
4.771875000000000000e+02
4.775000000000000000e+02
4.778125000000000000e+02
4.781250000000000000e+02
4.784375000000000000e+02
4.787500000000000000e+02
4.790625000000000000e+02
4.793750000000000000e+02
4.796875000000000000e+02
4.800000000000000000e+02
4.803125000000000000e+02
4.806250000000000000e+02
4.809375000000000000e+02
4.812500000000000000e+02
4.815625000000000000e+02
4.818750000000000000e+02
4.821875000000000000e+02
4.825000000000000000e+02
4.828125000000000000e+02
4.831250000000000000e+02
4.834375000000000000e+02
4.837500000000000000e+02
4.840625000000000000e+02
4.843750000000000000e+02
4.846875000000000000e+02
4.850000000000000000e+02
4.851562500000000000e+02
4.853125000000000000e+02
4.854687500000000000e+02
4.856250000000000000e+02
4.857812500000000000e+02
4.859375000000000000e+02
4.860937500000000000e+02
4.862500000000000000e+02
4.864062500000000000e+02
4.865625000000000000e+02
4.867187500000000000e+02
4.868750000000000000e+02
4.870312500000000000e+02
4.871875000000000000e+02
4.873437500000000000e+02
4.875000000000000000e+02
4.876562500000000000e+02
4.878125000000000000e+02
4.879687500000000000e+02
4.881250000000000000e+02
4.882812500000000000e+02
4.884375000000000000e+02
4.885937500000000000e+02
4.887500000000000000e+02
4.889062500000000000e+02
4.890625000000000000e+02
4.892187500000000000e+02
4.893750000000000000e+02
4.895312500000000000e+02
4.896875000000000000e+02
4.898437500000000000e+02
4.900000000000000000e+02
4.901562500000000000e+02
4.903125000000000000e+02
4.904687500000000000e+02
4.906250000000000000e+02
4.907812500000000000e+02
4.909375000000000000e+02
4.910937500000000000e+02
4.912500000000000000e+02
4.914062500000000000e+02
4.915625000000000000e+02
4.917187500000000000e+02
4.918750000000000000e+02
4.920312500000000000e+02
4.921875000000000000e+02
4.923437500000000000e+02
4.925000000000000000e+02
4.926562500000000000e+02
4.928125000000000000e+02
4.929687500000000000e+02
4.931250000000000000e+02
4.932812500000000000e+02
4.934375000000000000e+02
4.935937500000000000e+02
4.937500000000000000e+02
4.939062500000000000e+02
4.940625000000000000e+02
4.942187500000000000e+02
4.943750000000000000e+02
4.945312500000000000e+02
4.946875000000000000e+02
4.948437500000000000e+02
4.950000000000000000e+02
4.951562500000000000e+02
4.953125000000000000e+02
4.954687500000000000e+02
4.956250000000000000e+02
4.957812500000000000e+02
4.959375000000000000e+02
4.960937500000000000e+02
4.962500000000000000e+02
4.964062500000000000e+02
4.965625000000000000e+02
4.967187500000000000e+02
4.968750000000000000e+02
4.970312500000000000e+02
4.971875000000000000e+02
4.973437500000000000e+02
4.975000000000000000e+02
4.976562500000000000e+02
4.978125000000000000e+02
4.979687500000000000e+02
4.981250000000000000e+02
4.982812500000000000e+02
4.984375000000000000e+02
4.985937500000000000e+02
4.987500000000000000e+02
4.989062500000000000e+02
4.990625000000000000e+02
4.992187500000000000e+02
4.993750000000000000e+02
4.995312500000000000e+02
4.996875000000000000e+02
4.998437500000000000e+02
5.000000000000000000e+02
